
Alisson
GK 0.67      2.75      2.11      75.8%      0.75      0.19      0.06      0.56      55.6%      0.00      0.00      0.00      0.00      0.00      0.08      0.03      0.68      0.25      +0.04      3.17      7.17      44.2%      33.78      5.86      16.5%      26.3      4.78      33.1%      33.4      9.44      0.61      6.5%      2.47      18.7      
Virgil van Dijk
CB 0.09      0.03      0.12      0.09      0.00      0.00      0.09      0.00      0.06      0.06      0.04      0.11      0.32      4.26      0.12      1.03      0.41      40.0%      0.09      0.21      13.30      0.03      0.06      +0.03      +0.03      69.88      78.09      89.5%      1378.21      534.18      22.94      24.94      92.0%      38.18      40.44      94.4%      8.18      11.62      70.4%      0.03      0.26      4.59      0.12      0.00      75.74      2.29      2.09      0.18      0.53      0.00      0.21      0.00      0.00      0.00      0.00      0.06      0.15      0.91      0.65      0.03      0.00      0.18      0.00      0.06      0.18      0.12      0.00      0.00      0.06      0.00      0.00      0.47      0.29      0.32      0.15      0.00      0.32      0.47      68.8%      0.15      0.62      0.41      0.21      0.91      1.38      3.21      0.00      85.12      8.82      38.12      44.53      2.65      1.68      85.12      0.24      0.18      75.0%      0.06      25.0%      50.50      192.06      99.38      0.12      0.00      0.15      0.09      61.65      0.00      0.26      0.24      0.00      0.00      0.00      0.00      6.00      3.44      1.00      77.5%      
Trent Alexander-Arnold
FB 0.06      0.38      0.44      0.06      0.00      0.00      0.06      0.00      0.08      0.08      0.38      0.45      1.67      8.42      6.34      1.61      0.47      29.4%      0.04      0.13      24.00      0.25      0.05      -0.01      -0.01      64.32      86.97      74.0%      1265.36      494.73      26.53      30.41      87.2%      25.58      33.06      77.4%      10.85      20.06      54.1%      0.41      2.84      7.73      2.68      0.79      69.53      17.29      2.93      0.54      2.18      8.61      10.22      4.13      0.91      2.81      0.00      0.16      1.07      5.05      3.03      1.67      0.09      0.22      0.03      0.00      0.57      0.41      0.13      0.00      0.03      0.00      0.00      1.26      0.73      0.60      0.41      0.25      0.85      1.89      45.0%      1.04      0.69      0.13      0.57      1.36      2.62      1.26      0.00      95.77      2.24      18.99      43.72      33.75      2.62      95.77      1.23      0.60      48.7%      0.63      51.3%      47.44      179.40      89.09      1.74      0.44      1.29      0.60      59.84      0.00      0.38      0.22      0.35      0.00      0.00      0.00      7.41      0.47      0.41      53.6%      
Sadio Mané
FW 0.51      0.06      0.57      0.51      0.00      0.00      0.16      0.00      0.55      0.55      0.17      0.72      3.35      4.15      9.74      3.13      1.18      37.8%      0.16      0.43      14.20      0.00      0.18      -0.04      -0.04      26.12      35.12      74.4%      385.06      87.73      14.69      17.56      83.6%      8.75      11.49      76.1%      1.40      2.14      65.7%      0.14      1.31      2.01      1.95      0.16      34.54      0.38      0.10      0.51      0.10      1.60      0.26      0.00      0.00      0.00      0.00      0.19      1.31      3.64      2.52      0.00      0.26      0.54      0.32      0.00      0.42      0.22      0.00      0.03      0.13      0.03      0.00      1.05      0.64      0.22      0.45      0.38      0.26      0.83      30.8%      0.57      0.96      0.03      0.93      0.26      1.31      0.48      0.00      47.63      0.64      3.00      19.70      25.73      6.42      47.63      2.46      1.50      61.0%      0.93      37.7%      32.79      188.27      85.02      1.82      1.44      3.32      1.88      38.89      0.00      1.60      1.60      0.61      0.03      0.00      0.00      3.48      0.96      1.60      37.5%      
Joël Matip
CB 0.10      0.10      0.19      0.10      0.00      0.00      0.06      0.00      0.11      0.11      0.04      0.15      1.77      6.00      0.23      1.13      0.23      20.0%      0.09      0.43      9.90      0.00      0.10      -0.01      -0.01      66.90      75.61      88.5%      1270.00      423.13      21.77      24.42      89.2%      37.74      40.71      92.7%      6.52      8.74      74.5%      0.06      0.39      6.00      0.29      0.00      73.55      1.97      1.29      0.10      0.16      0.03      0.68      0.00      0.00      0.00      0.00      0.10      0.32      1.35      1.06      0.00      0.00      0.26      0.03      0.00      0.29      0.23      0.00      0.00      0.03      0.03      0.00      1.52      1.10      0.74      0.61      0.16      0.65      1.00      64.5%      0.35      0.84      0.45      0.39      1.42      2.94      3.00      0.03      85.52      7.48      31.97      48.03      5.97      2.03      85.52      0.32      0.29      90.0%      0.03      10.0%      52.00      314.94      231.42      2.00      0.06      0.42      0.23      59.26      0.00      0.42      0.35      0.00      0.00      0.00      0.00      5.97      3.48      1.61      68.4%      
Mohamed Salah
AM 0.75      0.42      1.17      0.59      0.16      0.20      0.03      0.00      0.74      0.58      0.33      0.91      4.07      3.98      14.70      4.33      1.60      36.8%      0.14      0.37      15.80      0.03      0.13      +0.01      +0.01      28.51      37.02      77.0%      375.25      99.81      18.48      21.12      87.5%      7.59      10.07      75.4%      0.95      1.60      59.2%      0.24      2.02      1.50      1.86      0.13      36.23      0.49      0.03      0.59      0.10      1.34      0.23      0.03      0.03      0.00      0.00      0.29      1.24      4.59      3.39      0.00      0.55      0.59      0.07      0.00      0.81      0.55      0.00      0.16      0.07      0.03      0.00      0.55      0.26      0.16      0.29      0.10      0.20      0.62      31.6%      0.42      0.23      0.03      0.20      0.20      0.75      0.16      0.00      50.57      0.23      1.79      14.83      34.41      9.81      50.38      4.04      1.73      42.7%      2.31      57.3%      33.56      192.19      94.79      1.86      3.16      3.23      2.64      42.36      0.00      0.39      0.75      0.39      0.07      0.00      0.00      2.80      0.23      1.08      17.5%      
Jordan Henderson
MF 0.07      0.17      0.24      0.07      0.00      0.00      0.10      0.00      0.05      0.05      0.12      0.17      1.87      8.49      4.02      1.07      0.21      19.4%      0.06      0.33      24.50      0.03      0.05      +0.02      +0.02      65.36      77.84      84.0%      1102.32      297.14      30.29      33.79      89.6%      27.76      31.92      87.0%      5.30      7.90      67.1%      0.13      1.32      7.45      1.80      0.49      74.79      2.84      0.87      0.31      0.45      1.94      0.94      0.07      0.00      0.03      0.00      0.21      1.39      3.33      2.98      0.14      0.07      0.07      0.03      0.03      0.49      0.49      0.00      0.00      0.00      0.00      0.00      1.25      0.69      0.31      0.87      0.07      0.59      1.52      38.6%      0.94      0.87      0.03      0.83      0.80      2.04      0.49      0.00      84.70      1.18      10.12      50.87      24.05      1.32      84.70      0.87      0.55      64.0%      0.31      36.0%      48.69      211.85      94.89      1.63      0.17      0.97      0.42      64.42      0.00      0.80      0.24      0.10      0.00      0.00      0.00      7.90      0.62      0.45      58.1%      
Andrew Robertson
FB 0.11      0.35      0.46      0.11      0.00      0.00      0.18      0.04      0.05      0.05      0.20      0.25      3.41      6.60      8.48      0.64      0.28      44.4%      0.17      0.38      16.90      0.00      0.08      +0.06      +0.06      66.87      83.37      80.2%      1083.05      364.68      34.77      38.24      90.9%      26.93      32.14      83.8%      4.26      9.51      44.8%      0.20      1.95      4.65      1.60      0.46      70.45      12.63      1.99      0.11      0.35      6.92      7.77      2.87      0.28      2.41      0.00      0.28      1.21      3.97      2.87      0.85      0.04      0.07      0.11      0.04      0.60      0.50      0.11      0.00      0.00      0.00      0.00      1.28      0.75      0.57      0.53      0.18      0.71      1.24      57.1%      0.53      0.85      0.11      0.75      0.82      2.09      2.16      0.00      90.67      2.73      18.73      41.58      31.29      3.12      90.67      0.82      0.46      56.5%      0.35      43.5%      50.94      249.85      153.61      3.02      0.67      0.85      0.53      61.41      0.00      0.67      0.32      0.14      0.00      0.00      0.00      6.39      0.92      0.50      65.0%      
Diogo Jota
FW 0.57      0.15      0.72      0.57      0.00      0.00      0.11      0.00      0.62      0.62      0.22      0.84      2.82      3.31      7.27      3.43      1.22      35.6%      0.17      0.47      12.30      0.00      0.19      -0.05      -0.05      21.28      29.31      72.6%      296.92      73.40      12.34      15.11      81.6%      6.97      8.79      79.2%      0.84      1.75      47.8%      0.13      1.52      1.75      0.99      0.08      29.12      0.00      0.00      0.38      0.04      0.80      0.00      0.00      0.00      0.00      0.00      0.19      0.88      3.73      2.40      0.00      0.46      0.34      0.49      0.04      0.49      0.27      0.00      0.08      0.08      0.08      0.00      1.48      0.69      0.46      0.69      0.34      0.49      2.09      23.6%      1.60      0.72      0.08      0.65      0.23      1.71      0.23      0.00      41.76      0.49      3.31      16.52      22.69      6.93      41.76      2.63      1.03      39.1%      1.60      60.9%      24.71      146.99      77.25      1.98      1.29      2.40      1.26      32.13      0.00      1.56      1.52      0.19      0.08      0.00      0.00      3.81      1.41      3.16      30.8%      
Fabinho
MF 0.19      0.04      0.23      0.12      0.08      0.08      0.27      0.00      0.15      0.09      0.05      0.14      0.70      5.21      1.44      0.74      0.27      36.8%      0.16      0.43      19.90      0.08      0.14      +0.04      +0.02      52.51      60.29      87.1%      848.70      222.16      26.29      28.82      91.2%      21.31      23.65      90.1%      3.66      5.25      69.6%      0.07      0.62      5.87      0.47      0.04      59.31      0.89      0.89      0.19      0.16      0.23      0.00      0.00      0.00      0.00      0.00      0.08      0.66      2.06      1.63      0.00      0.00      0.12      0.23      0.08      0.19      0.12      0.00      0.00      0.08      0.00      0.00      1.79      0.97      0.66      0.89      0.23      0.93      2.72      34.3%      1.79      1.28      0.39      0.89      1.52      3.31      0.97      0.04      69.54      1.63      13.34      45.70      10.93      0.82      69.46      0.58      0.43      73.3%      0.16      26.7%      36.64      153.75      72.89      1.05      0.04      0.93      0.51      47.88      0.00      1.56      1.09      0.00      0.00      0.00      0.00      7.51      1.67      0.93      64.2%      
Thiago Alcántara
MF 0.06      0.23      0.29      0.06      0.00      0.00      0.12      0.00      0.11      0.11      0.13      0.25      1.41      12.56      2.64      1.47      0.35      24.0%      0.04      0.17      19.30      0.00      0.08      -0.05      -0.05      78.62      88.47      88.9%      1451.32      419.49      33.62      36.61      91.8%      34.85      37.55      92.8%      8.80      11.15      78.9%      0.10      1.70      12.38      1.53      0.06      87.30      1.06      0.59      0.23      1.00      0.23      0.23      0.06      0.00      0.06      0.00      0.12      0.76      3.93      3.34      0.00      0.06      0.41      0.06      0.06      0.35      0.35      0.00      0.00      0.00      0.00      0.00      2.82      1.70      0.82      1.41      0.59      0.59      2.46      23.8%      1.88      1.29      0.12      1.17      1.53      4.34      0.76      0.12      99.74      1.88      14.49      64.89      21.24      1.17      99.74      1.88      1.17      62.5%      0.70      37.5%      60.96      293.53      140.40      2.52      0.06      0.94      0.76      75.04      0.00      1.11      0.76      0.00      0.00      0.00      0.00      7.39      1.82      0.70      72.1%      
Naby Keïta
MF 0.23      0.08      0.31      0.23      0.00      0.00      0.23      0.00      0.17      0.17      0.15      0.31      2.99      5.75      3.22      1.99      0.54      26.9%      0.12      0.43      22.60      0.00      0.08      +0.06      +0.06      49.34      58.08      84.9%      701.36      191.89      29.16      32.61      89.4%      16.80      19.26      87.3%      1.69      2.53      66.7%      0.16      1.15      4.30      1.61      0.00      56.85      1.07      0.00      0.46      0.00      0.61      0.31      0.00      0.00      0.00      0.00      0.15      1.23      3.53      2.99      0.00      0.00      0.31      0.00      0.23      0.46      0.38      0.00      0.00      0.08      0.00      0.00      3.53      1.76      1.30      1.46      0.77      1.99      3.22      61.9%      1.23      2.53      0.15      2.38      1.07      4.60      0.61      0.00      71.59      1.00      9.28      39.74      23.25      2.30      71.59      1.84      1.15      62.5%      0.69      37.5%      39.44      216.29      122.15      2.30      0.61      2.30      0.77      50.49      0.00      1.61      0.69      0.00      0.00      0.00      0.00      5.22      0.46      1.15      28.6%      
Ibrahima Konaté
CB 0.00      0.00      0.00      0.00      0.00      0.00      0.18      0.00      0.02      0.02      0.00      0.02      0.64      4.64      0.18      0.36      0.00      0.0%      0.00      11.50      0.00      0.05      -0.02      -0.02      60.27      68.55      87.9%      1094.73      462.91      21.55      23.36      92.2%      34.45      37.27      92.4%      3.45      6.09      56.7%      0.02      0.00      4.27      0.45      0.00      67.73      0.64      0.45      0.18      0.09      0.00      0.18      0.00      0.00      0.00      0.00      0.18      0.09      0.55      0.45      0.00      0.00      0.00      0.00      0.09      0.27      0.27      0.00      0.00      0.00      0.00      0.00      1.45      0.91      0.82      0.55      0.09      0.64      0.91      70.0%      0.27      1.18      0.82      0.36      1.45      2.91      3.36      0.09      77.73      6.27      31.00      45.09      1.82      0.55      77.73      0.27      0.18      66.7%      0.09      33.3%      45.18      207.82      133.36      0.18      0.00      0.36      0.09      52.82      0.00      0.91      0.27      0.00      0.00      0.00      0.00      5.82      3.09      1.73      64.2%      
Luis Díaz
AM 0.38      0.28      0.66      0.38      0.00      0.00      0.00      0.00      0.34      0.34      0.24      0.58      4.98      3.57      11.93      3.57      1.22      34.2%      0.11      0.31      16.70      0.00      0.09      +0.04      +0.04      36.83      42.75      86.2%      507.87      102.68      22.55      24.80      90.9%      10.90      12.49      87.2%      2.07      2.35      88.0%      0.14      1.88      1.32      2.07      0.38      42.56      0.19      0.00      0.00      0.19      1.32      0.19      0.00      0.00      0.00      0.00      0.00      1.03      5.64      3.85      0.00      1.03      0.56      0.09      0.09      0.38      0.28      0.00      0.00      0.09      0.00      0.00      0.85      0.66      0.28      0.47      0.09      0.19      0.75      25.0%      0.56      0.66      0.00      0.66      0.38      1.22      0.19      0.00      55.90      0.38      3.01      20.57      32.79      7.23      55.90      4.60      2.91      63.3%      1.69      36.7%      37.48      254.78      121.47      2.07      2.91      2.54      2.44      44.72      0.00      1.32      1.32      0.28      0.00      0.00      0.00      5.07      1.41      1.50      48.4%      
Roberto Firmino
FW 0.45      0.36      0.82      0.45      0.00      0.00      0.27      0.00      0.43      0.43      0.15      0.58      2.45      3.64      9.09      2.73      1.00      36.7%      0.17      0.45      15.30      0.00      0.16      +0.03      +0.03      35.45      45.55      77.8%      466.55      107.09      21.55      24.18      89.1%      9.73      13.64      71.3%      1.36      1.91      71.4%      0.15      1.45      2.82      1.09      0.09      44.18      1.36      0.09      0.45      0.18      0.73      0.64      0.00      0.00      0.00      0.00      0.00      1.45      3.64      3.18      0.00      0.09      0.27      0.09      0.00      0.45      0.36      0.00      0.00      0.09      0.00      0.00      2.09      1.27      0.45      0.73      0.91      0.27      1.45      18.8%      1.18      1.82      0.00      1.82      0.36      2.45      0.27      0.00      60.36      0.36      4.45      27.45      29.27      6.18      60.36      3.00      1.55      51.5%      1.45      48.5%      33.64      171.09      80.27      2.18      0.55      3.00      2.27      45.45      0.00      0.64      0.55      0.27      0.00      0.00      0.00      4.82      1.27      2.45      34.1%      
Curtis Jones
MF 0.11      0.11      0.21      0.11      0.00      0.00      0.00      0.00      0.10      0.10      0.06      0.16      2.64      6.13      5.71      2.12      0.74      35.0%      0.05      0.14      23.20      0.00      0.05      +0.01      +0.01      56.90      63.35      89.8%      867.00      191.53      30.56      32.26      94.8%      21.57      23.16      93.2%      3.28      4.65      70.5%      0.05      1.16      5.61      1.06      0.11      61.55      1.69      0.53      0.11      0.32      0.63      0.53      0.42      0.00      0.21      0.00      0.11      1.06      2.96      1.80      0.11      0.21      0.32      0.32      0.21      0.32      0.21      0.00      0.00      0.11      0.00      0.00      1.16      0.95      0.32      0.63      0.21      0.11      1.06      10.0%      0.95      0.42      0.00      0.42      0.63      1.80      0.42      0.00      72.44      0.85      8.99      40.19      23.90      1.80      72.44      3.49      2.64      75.8%      0.85      24.2%      50.34      272.01      121.83      1.90      0.32      1.80      1.90      59.75      0.00      1.16      2.01      0.11      0.00      0.00      0.00      5.71      0.74      0.74      50.0%      
Kostas Tsimikas
FB 0.00      0.21      0.21      0.00      0.00      0.00      0.31      0.00      0.06      0.06      0.28      0.34      4.93      4.82      11.19      0.82      0.21      25.0%      0.00      0.00      16.90      0.00      0.08      -0.06      -0.06      52.13      72.35      72.1%      864.39      281.60      25.55      28.53      89.6%      22.47      29.56      76.0%      3.69      10.06      36.7%      0.20      2.57      3.49      1.64      0.72      58.80      13.44      1.13      0.00      0.21      11.90      7.80      4.52      0.72      3.59      0.00      0.10      2.46      4.31      2.67      1.33      0.10      0.21      0.00      0.00      0.31      0.21      0.10      0.00      0.00      0.00      0.00      2.77      1.23      1.23      0.82      0.72      1.23      1.64      75.0%      0.41      0.62      0.21      0.41      1.03      3.80      2.26      0.21      83.02      4.00      17.45      32.12      34.07      3.28      83.02      2.05      0.82      40.0%      1.23      60.0%      44.13      264.87      145.93      2.26      0.72      0.82      0.51      49.77      0.00      2.05      0.62      0.00      0.00      0.00      0.00      6.36      1.23      1.13      52.2%      
James Milner
MF 0.00      0.11      0.11      0.00      0.00      0.00      0.21      0.00      0.04      0.04      0.23      0.26      0.95      7.70      4.01      1.06      0.21      20.0%      0.00      0.00      23.80      0.00      0.04      -0.04      -0.04      68.16      81.98      83.1%      1167.26      369.28      31.76      34.50      92.0%      27.85      32.92      84.6%      6.54      10.02      65.3%      0.16      2.32      7.70      1.90      0.63      75.44      6.33      1.69      0.21      0.42      4.54      3.17      1.48      0.00      1.06      0.00      0.21      1.69      4.22      3.06      0.84      0.11      0.11      0.11      0.00      0.21      0.11      0.11      0.00      0.00      0.00      0.00      2.95      1.69      1.27      1.16      0.53      1.27      3.06      41.4%      1.79      2.00      0.53      1.48      1.79      4.75      2.11      0.00      95.28      4.11      17.51      51.49      26.59      1.27      95.28      0.63      0.21      33.3%      0.42      66.7%      51.91      177.89      84.20      0.95      0.11      1.27      0.53      65.84      0.00      1.79      1.48      0.00      0.00      0.00      0.00      7.60      1.37      1.06      56.5%      
Alex Oxlade-Chamberlain
MF 0.23      0.11      0.34      0.23      0.00      0.00      0.00      0.00      0.15      0.15      0.13      0.29      3.90      6.99      7.22      2.41      0.34      14.3%      0.10      0.67      21.50      0.00      0.06      +0.08      +0.08      36.23      46.66      77.6%      640.66      161.20      15.59      18.46      84.5%      15.25      18.00      84.7%      4.13      6.31      65.5%      0.09      1.15      5.16      1.83      0.46      45.29      1.15      0.34      0.34      0.34      2.98      0.11      0.23      0.11      0.11      0.00      0.23      1.26      2.87      2.52      0.00      0.23      0.00      0.11      0.00      0.11      0.11      0.00      0.00      0.00      0.00      0.00      1.72      1.26      0.23      0.92      0.57      0.34      1.61      21.4%      1.26      1.38      0.23      1.15      0.69      2.41      0.57      0.00      58.24      0.57      5.16      27.29      26.48      3.55      58.24      1.95      1.38      70.6%      0.57      29.4%      36.57      222.99      118.43      3.21      0.92      1.83      1.15      42.65      0.00      1.15      0.34      0.23      0.00      0.00      0.00      3.78      0.57      1.38      29.4%      