
Aaron Ramsdale
GK      1.13,82      3.58,13      2.47,27      70.6%,59      0.68,95      0.16,21      0.16,9      0.37,84      36.8%,84      0.13,48      0.08,52      0.00,25      0.05,95      0.0%,25      0.00,73      0.16,68      0.03,79      1.05,84      0.28,41      -0.05,55      2.87,20      11.29,41      25.4%,13      25.16,41      4.58,48      35.4%,55      33.3,63      4.03,5      59.5%,63      49.2,84      10.03,13      0.58,23      5.8%,36      1.13,38      16.1,80       https://fbref.com/req/202302030/images/headshots/466fb2c5_2022.jpg
Gabriel Dos Santos
CB      0.08,80      0.00,32      0.08,59      0.08,80      0.00,50      0.00,50      0.13,62      0.00,52      0.13,97      0.13,97      0.01,22      0.14,88      0.48,44      4.04,77      0.42,76      0.84,88      0.24,86      28.1%,56      0.09,65      0.33,57      11.90,48      0.00,46      0.16,80      -0.06,19      -0.06,19      56.89,71      63.65,67      89.4%,85      1012.60,66      356.99,66      22.97,77      24.34,76      94.4%,88      29.33,67      31.15,64      94.2%,90      3.96,44      6.49,30      61.0%,64      0.02,24      0.13,22      4.51,81      0.08,19      0.00,30      61.20,70      2.35,61      1.58,67      0.03,49      0.29,43      0.13,56      0.16,27      0.00,48      0.00,49      0.00,49      0.00,50      0.11,60      0.50,30      0.63,28      0.55,35      0.00,30      0.00,41      0.05,49      0.00,36      0.03,73      0.05,41      0.05,51      0.00,47      0.00,49      0.00,41      0.00,46      0.00,49      1.27,40      0.79,49      0.77,38      0.40,45      0.11,73      0.48,22      0.71,18      66.7%,70      0.24,83      1.29,52      0.69,50      0.61,73      0.84,23      2.11,33      3.30,27      0.05,49      73.29,67      8.11,35      30.44,33      37.46,76      5.68,82      1.40,86      73.29,67      0.08,8      0.05,14      66.7%,58      0.00,88      0.0%,88      46.10,75      231.80,73      144.44,77      1.14,88      0.08,78      0.50,28      0.11,67      51.06,70      0.00,52      0.69,56      1.06,92      0.03,48      0.00,48      0.05,23      0.00,63      5.04,36      2.64,71      2.01,12      56.8%,31       https://fbref.com/req/202302030/images/headshots/67ac5bb8_2022.jpg
Bukayo Saka
AM      0.40,85      0.31,88      0.71,93      0.34,80      0.06,94      0.08,94      0.17,38      0.00,53      0.32,86      0.26,71      0.24,85      0.50,75      5.06,93      3.08,45      14.71,99      2.43,76      0.82,63      33.7%,43      0.14,74      0.41,78      16.30,57      0.03,60      0.11,57      +0.08,82      +0.08,81      29.82,68      40.46,74      73.7%,40      435.85,69      104.51,60      18.48,76      21.30,77      86.7%,67      8.26,59      10.69,63      77.2%,54      1.98,60      4.64,72      42.7%,23      0.16,72      2.12,89      1.41,37      1.87,88      0.34,74      36.70,72      3.71,78      0.31,58      0.06,13      0.08,26      4.87,89      0.59,73      2.80,96      2.15,98      0.00,28      0.06,89      0.06,80      1.75,9      4.56,89      3.00,84      0.76,88      0.23,52      0.31,72      0.20,63      0.06,66      0.79,94      0.57,95      0.11,95      0.06,73      0.03,56      0.00,32      0.03,88      1.78,64      0.96,57      0.62,60      0.42,30      0.74,98      0.57,43      1.24,35      45.5%,72      0.68,74      1.08,56      0.00,15      1.08,64      0.40,38      2.18,60      0.54,48      0.00,59      53.25,78      0.59,22      4.53,27      13.41,16      35.93,96      6.71,92      53.16,77      4.56,76      1.73,65      37.9%,28      1.95,31      42.9%,53      33.70,76      237.75,86      128.93,92      2.60,81      2.38,92      2.21,49      1.67,37      38.51,80      0.00,51      1.22,43      1.84,73      0.25,43      0.00,35      0.00,56      0.00,52      3.59,18      0.45,39      1.08,60      29.6%,40       https://fbref.com/req/202302030/images/headshots/bc7dc64d_2022.jpg
Martin Ødegaard
MF      0.43,99      0.20,87      0.63,98      0.43,99      0.00,46      0.00,45      0.12,77      0.00,55      0.29,97      0.29,99      0.23,94      0.52,96      2.39,80      7.66,91      5.55,85      2.68,99      0.89,97      33.3%,62      0.16,81      0.48,79      19.20,59      0.26,95      0.11,79      +0.14,96      +0.14,96      41.70,65      51.92,67      80.3%,51      648.74,60      173.09,59      21.85,70      25.13,73      86.9%,40      14.91,58      17.76,61      84.0%,41      3.17,59      5.04,61      62.9%,59      0.23,95      2.19,95      3.89,60      2.62,99      0.12,50      48.44,67      3.17,78      2.27,90      0.66,96      0.26,47      2.62,78      0.37,67      0.52,73      0.26,70      0.17,78      0.03,85      0.32,10      1.30,20      4.69,97      3.54,98      0.43,86      0.12,62      0.35,97      0.17,76      0.09,76      0.49,89      0.43,90      0.00,40      0.00,39      0.06,88      0.00,36      0.00,44      1.04,5      0.66,7      0.35,8      0.40,5      0.29,54      0.40,6      1.35,12      29.8%,10      0.95,67      0.58,2      0.14,22      0.43,1      0.17,1      1.21,1      0.35,6      0.03,32      60.44,61      0.78,4      5.73,3      24.87,30      30.51,99      3.51,92      60.44,61      2.39,74      1.38,83      57.8%,77      0.83,28      34.9%,54      36.96,71      199.46,76      86.98,67      1.73,77      0.75,90      1.21,54      1.30,25      44.61,71      0.00,53      0.86,82      0.75,25      0.03,59      0.00,43      0.00,57      0.00,54      5.12,20      0.37,12      0.58,76      39.4%,29       https://fbref.com/req/202302030/images/headshots/79300479_2022.jpg
Ben White
FB      0.06,72      0.15,86      0.21,85      0.06,72      0.00,50      0.00,50      0.15,61      0.00,54      0.04,51      0.04,51      0.09,72      0.13,63      1.89,58      7.34,96      3.65,57      0.29,20      0.06,29      20.0%,40      0.20,94      1.00,89      16.70,55      0.00,43      0.13,92      +0.02,78      +0.02,78      55.62,84      66.05,81      84.2%,85      921.24,84      315.22,85      26.31,75      28.69,73      91.7%,78      25.07,87      28.64,87      87.6%,86      3.15,63      6.04,57      52.2%,64      0.11,77      0.77,63      6.66,95      1.24,81      0.35,52      57.48,84      8.40,50      1.68,85      0.18,86      0.38,77      1.68,42      6.72,36      0.00,30      0.00,34      0.00,36      0.00,47      0.18,35      0.80,89      1.89,64      1.65,72      0.21,72      0.00,26      0.00,16      0.03,43      0.00,30      0.38,87      0.35,95      0.03,81      0.00,45      0.00,40      0.00,45      0.00,48      1.77,33      0.91,21      0.68,19      0.88,81      0.21,51      1.24,60      2.06,62      60.0%,57      0.82,39      1.38,67      0.32,45      1.06,75      0.65,10      2.42,17      2.33,45      0.03,44      74.59,80      3.03,25      16.32,15      38.45,86      20.18,78      1.41,61      74.59,80      0.85,27      0.24,11      27.6%,14      0.44,58      51.7%,20      42.66,81      191.67,74      105.02,74      1.36,62      0.09,25      0.80,64      0.21,90      50.02,83      0.00,50      0.82,72      0.88,62      0.03,60      0.00,45      0.00,66      0.00,56      4.57,17      0.97,43      1.21,36      44.6%,31       https://fbref.com/req/202302030/images/headshots/35e413f1_2022.jpg
Granit Xhaka
MF      0.21,82      0.21,90      0.42,88      0.21,85      0.00,46      0.00,45      0.12,75      0.00,55      0.14,73      0.14,75      0.16,80      0.30,79      1.26,54      5.89,73      5.26,83      1.20,62      0.42,66      35.0%,66      0.18,88      0.50,83      16.60,82      0.09,78      0.12,83      +0.07,82      +0.07,81      41.56,64      49.07,60      84.7%,75      680.85,65      177.99,62      20.30,63      22.91,63      88.6%,55      16.60,69      19.09,68      86.9%,63      3.40,65      4.18,40      81.3%,98      0.12,69      1.41,77      4.45,70      1.20,75      0.12,50      47.33,64      1.65,52      1.02,64      0.18,48      0.18,28      1.17,57      0.57,75      0.03,46      0.00,29      0.00,32      0.00,42      0.09,74      0.81,69      3.31,82      2.83,91      0.09,60      0.15,70      0.12,56      0.09,50      0.03,45      0.51,91      0.48,94      0.00,40      0.00,39      0.03,73      0.00,36      0.00,44      1.02,4      0.81,11      0.33,6      0.54,14      0.15,20      0.48,10      1.23,7      39.0%,34      0.75,79      0.84,11      0.30,58      0.54,6      0.45,8      1.47,5      1.35,64      0.03,30      56.86,53      2.53,60      10.25,29      27.06,40      19.79,75      3.19,87      56.86,53      0.84,17      0.45,22      53.6%,64      0.30,78      35.7%,50      33.44,60      127.56,30      64.98,41      1.14,49      0.27,63      1.05,69      0.75,63      42.01,68      0.00,53      0.75,89      1.17,52      0.15,15      0.00,43      0.00,57      0.00,54      4.57,7      1.11,73      0.90,52      55.2%,73       https://fbref.com/req/202302030/images/headshots/e61b8aee_2022.jpg
Gabriel Martinelli
AM      0.48,91      0.16,59      0.65,86      0.48,93      0.00,40      0.00,40      0.10,60      0.00,53      0.30,78      0.30,84      0.29,92      0.59,92      4.00,84      3.03,43      11.29,91      2.55,86      0.97,77      38.0%,64      0.19,93      0.50,91      15.40,74      0.06,71      0.12,71      +0.18,96      +0.18,96      26.88,60      35.72,60      75.2%,55      418.21,64      84.22,39      14.42,47      17.01,43      84.8%,44      9.52,73      11.49,65      82.9%,77      1.97,59      3.97,63      49.6%,40      0.23,93      1.90,80      1.06,16      1.39,66      0.32,71      32.69,58      2.84,66      0.39,61      0.26,65      0.06,21      3.65,77      0.36,51      2.03,80      1.29,91      0.00,28      0.00,40      0.19,41      1.42,24      4.10,81      2.87,79      0.26,66      0.39,80      0.39,91      0.13,36      0.06,71      0.55,85      0.32,73      0.00,36      0.06,76      0.16,99      0.00,32      0.00,43      1.00,23      0.58,35      0.42,37      0.39,26      0.19,21      0.29,18      0.71,6      40.9%,55      0.42,93      0.77,24      0.03,34      0.74,25      0.29,23      1.29,22      0.45,41      0.00,59      48.08,60      0.61,26      4.16,18      13.52,18      31.14,91      7.20,95      48.08,60      4.26,70      1.90,76      44.7%,60      1.77,37      41.7%,64      32.88,75      231.70,84      106.39,73      2.10,60      2.26,90      2.68,24      1.81,28      35.98,66      0.00,51      1.26,40      1.19,43      0.26,42      0.00,35      0.00,56      0.00,52      3.32,12      0.45,38      2.03,14      18.2%,9       https://fbref.com/req/202302030/images/headshots/48a5a5d6_2022.jpg
Thomas Partey
MF      0.11,59      0.00,13      0.11,36      0.11,60      0.00,46      0.00,45      0.18,51      0.00,55      0.08,40      0.08,42      0.05,27      0.14,32      1.23,52      8.37,96      1.27,33      1.01,44      0.15,21      14.3%,13      0.11,65      0.75,93      20.40,46      0.00,35      0.08,49      +0.03,67      +0.03,65      62.74,96      71.95,96      87.2%,88      1092.18,96      333.72,96      29.14,90      31.75,90      91.8%,85      25.81,98      29.03,98      88.9%,76      6.45,94      8.70,86      74.2%,89      0.09,49      0.94,49      8.37,99      0.87,49      0.07,37      69.70,96      2.14,61      1.16,70      0.40,81      0.44,75      0.33,23      0.98,89      0.00,22      0.00,29      0.00,32      0.00,42      0.11,66      0.72,76      2.57,50      2.25,62      0.07,56      0.04,35      0.07,30      0.04,29      0.11,83      0.22,50      0.22,63      0.00,40      0.00,39      0.00,36      0.00,36      0.00,44      2.54,74      1.45,67      0.72,36      1.27,82      0.54,96      0.91,56      1.88,49      48.1%,63      0.98,63      0.94,21      0.18,30      0.76,21      1.01,50      3.55,69      1.49,73      0.04,25      82.17,96      2.83,76      15.15,71      50.96,97      16.89,62      1.05,40      82.17,96      1.63,48      1.27,78      77.8%,97      0.29,80      17.8%,91      50.67,94      248.87,92      139.44,98      1.38,58      0.11,39      1.20,56      0.69,73      59.95,94      0.00,53      1.34,44      0.83,32      0.00,80      0.00,43      0.00,57      0.00,54      8.16,92      1.34,82      0.91,51      59.7%,84       https://fbref.com/req/202302030/images/headshots/529f49ab_2022.jpg
William Saliba
CB      0.07,76      0.04,70      0.11,81      0.07,76      0.00,50      0.00,50      0.15,57      0.00,52      0.03,27      0.03,27      0.04,83      0.08,54      0.48,48      3.69,64      0.07,17      0.22,17      0.11,47      50.0%,88      0.33,98      0.67,87      13.80,24      0.00,46      0.15,78      +0.04,91      +0.04,91      63.28,83      69.50,80      91.0%,92      1106.53,76      432.93,86      26.65,86      28.58,86      93.2%,78      31.45,80      33.73,80      93.3%,81      4.02,48      5.37,14      75.0%,98      0.01,10      0.22,48      4.14,72      0.11,29      0.00,30      67.90,81      1.60,33      1.27,46      0.00,24      0.07,10      0.04,25      0.00,4      0.00,48      0.00,49      0.00,49      0.00,50      0.00,95      0.30,67      0.52,15      0.41,20      0.07,87      0.04,86      0.00,15      0.00,36      0.00,36      0.07,57      0.07,67      0.00,47      0.00,49      0.00,41      0.00,46      0.00,49      1.27,39      0.75,46      0.86,45      0.34,28      0.07,57      0.56,38      0.67,15      83.3%,98      0.11,99      0.48,2      0.37,13      0.11,1      0.71,14      1.98,27      3.17,23      0.15,9      76.62,73      6.48,13      33.73,50      40.77,83      2.39,35      0.56,15      76.62,73      0.41,64      0.30,75      72.7%,70      0.04,71      9.1%,73      49.30,78      248.12,78      145.64,78      0.52,62      0.04,59      0.56,22      0.22,31      53.03,75      0.00,52      0.71,55      0.48,61      0.00,74      0.00,48      0.07,12      0.04,18      7.68,97      1.98,41      1.60,24      55.2%,19       https://fbref.com/req/202302030/images/headshots/972aeb2a_2022.jpg
Oleksandr Zinchenko
FB      0.04,62      0.09,74      0.13,67      0.04,62      0.00,50      0.00,50      0.13,74      0.00,54      0.06,72      0.06,72      0.06,48      0.12,57      2.85,87      9.65,99      2.89,40      1.19,87      0.30,86      25.0%,54      0.04,53      0.14,43      22.70,17      0.00,43      0.05,28      -0.02,40      -0.02,40      70.20,93      81.20,95      86.4%,91      1148.29,92      335.65,90      34.33,95      37.22,96      92.2%,83      29.58,93      33.91,96      87.2%,83      4.46,85      6.29,62      70.9%,96      0.10,72      0.81,68      8.54,98      1.74,92      0.17,23      72.37,92      8.63,55      2.08,91      0.26,95      0.51,87      1.57,34      6.50,31      0.04,61      0.00,34      0.00,36      0.00,47      0.21,28      1.23,50      2.38,77      2.08,85      0.04,39      0.00,26      0.17,89      0.04,49      0.04,70      0.17,68      0.13,66      0.00,40      0.00,45      0.04,89      0.00,45      0.00,48      1.70,26      0.76,10      0.59,14      0.72,62      0.38,87      0.89,31      1.66,42      53.8%,42      0.76,49      0.85,16      0.09,7      0.76,40      0.93,34      2.63,31      1.61,15      0.09,16      89.75,95      3.27,33      19.67,42      44.96,92      25.92,91      1.40,60      89.75,95      1.06,40      0.64,56      60.0%,89      0.38,64      36.0%,65      53.67,93      293.16,96      160.92,97      2.80,99      0.34,77      0.68,85      0.64,40      59.41,92      0.00,50      0.26,99      0.47,27      0.04,54      0.00,45      0.00,66      0.00,56      6.93,96      2.17,92      0.85,74      71.8%,99       https://fbref.com/req/202302030/images/headshots/51cf8561_2022.jpg
Gabriel Jesus
FW      0.48,75      0.26,89      0.74,86      0.44,75      0.04,72      0.04,64      0.26,14      0.00,53      0.61,91      0.58,92      0.17,74      0.75,91      1.92,58      2.79,77      8.46,91      3.31,84      1.35,84      40.8%,58      0.13,54      0.32,48      10.60,99      0.00,36      0.18,85      -0.13,25      -0.14,25      24.46,86      30.48,81      80.3%,94      371.73,91      71.69,81      12.95,79      15.22,79      85.1%,77      8.98,94      10.20,92      88.0%,97      1.22,72      1.96,75      62.2%,65      0.13,75      1.35,75      1.35,74      0.96,77      0.09,60      27.69,79      2.70,91      0.17,77      0.17,55      0.22,74      0.48,42      0.52,92      0.00,33      0.00,40      0.00,45      0.00,47      0.09,50      0.83,58      3.62,97      1.88,65      0.04,70      0.52,96      0.48,92      0.57,96      0.13,97      0.52,92      0.35,89      0.00,45      