
Pascal Groß
MF 0.09      0.18      0.27      0.09      0.00      0.04      0.04      0.00      0.13      0.09      0.24      0.34      1.72      6.58      6.23      1.02      0.31      30.4%      0.09      0.29      17.50      0.04      0.09      -0.04      0.00      44.69      59.40      75.2%      811.99      239.04      19.70      22.43      87.8%      17.53      21.24      82.5%      5.96      11.79      50.6%      0.20      2.65      4.15      1.63      0.53      49.95      9.10      2.96      0.35      0.75      8.35      1.63      4.42      1.72      2.52      0.00      0.35      1.32      4.42      2.47      1.63      0.09      0.22      0.00      0.00      0.31      0.09      0.13      0.04      0.04      0.00      0.00      1.24      0.66      0.66      0.49      0.09      0.53      1.46      36.4%      0.93      1.50      0.35      1.15      0.79      2.03      1.02      0.00      67.88      1.90      10.02      30.78      27.29      2.69      67.83      0.79      0.40      50.0%      0.40      50.0%      35.15      146.31      65.62      1.55      0.31      1.19      0.66      44.21      0.00      0.66      0.27      0.18      0.00      0.00      0.00      5.26      0.66      0.93      41.7%       https://fbref.com/req/202302030/images/headshots/8aec0537_2022.jpg
Lewis Dunk
CB 0.04      0.00      0.04      0.04      0.00      0.00      0.10      0.04      0.05      0.05      0.01      0.06      0.49      2.90      0.10      0.66      0.24      36.8%      0.05      0.14      10.80      0.00      0.07      -0.01      -0.01      60.37      68.49      88.2%      1254.86      408.90      16.34      17.77      91.9%      35.64      37.67      94.6%      7.98      11.82      67.5%      0.01      0.10      3.04      0.14      0.04      65.93      2.41      2.17      0.00      0.56      0.10      0.21      0.00      0.00      0.00      0.00      0.14      0.14      0.70      0.56      0.04      0.00      0.10      0.00      0.00      0.10      0.07      0.04      0.00      0.00      0.00      0.00      0.35      0.28      0.17      0.17      0.00      0.17      0.38      45.5%      0.21      1.12      0.98      0.14      0.94      1.29      3.95      0.10      76.85      9.83      41.27      33.19      2.66      1.29      76.85      0.14      0.14      100.0%      0.00      0.0%      45.68      207.56      100.14      0.24      0.07      0.38      0.10      55.09      0.00      0.31      0.14      0.00      0.00      0.00      0.00      5.95      2.83      1.29      68.6%       https://fbref.com/req/202302030/images/headshots/282f75f3_2022.jpg
Moisés Caicedo
MF 0.14      0.14      0.27      0.14      0.00      0.00      0.27      0.00      0.11      0.11      0.04      0.15      1.23      3.00      1.09      1.36      0.55      40.0%      0.10      0.25      18.40      0.00      0.09      +0.03      +0.03      30.68      37.50      81.8%      425.05      114.95      19.64      22.36      87.8%      8.05      10.23      78.7%      1.64      2.32      70.6%      0.05      0.55      2.59      0.27      0.00      37.36      0.00      0.00      0.14      0.00      0.00      0.00      0.00      0.00      0.00      0.00      0.14      0.41      1.77      1.36      0.00      0.14      0.14      0.00      0.14      0.41      0.41      0.00      0.00      0.00      0.00      0.00      2.18      1.36      0.95      0.95      0.27      0.68      1.64      41.7%      0.95      2.45      0.55      1.91      1.36      3.55      0.95      0.00      48.82      2.86      11.05      26.32      12.41      1.77      48.82      1.36      0.95      70.0%      0.41      30.0%      24.41      100.36      55.23      1.23      0.14      1.36      1.36      28.09      0.00      0.95      1.50      0.14      0.00      0.00      0.00      7.64      1.23      0.55      69.2%       https://fbref.com/req/202302030/images/headshots/16264a81_2022.jpg
Alexis Mac Allister
MF 0.21      0.08      0.30      0.13      0.08      0.13      0.17      0.00      0.27      0.17      0.08      0.25      1.27      5.81      2.80      2.42      0.38      15.8%      0.05      0.33      22.00      0.17      0.07      -0.06      -0.04      36.37      45.19      80.5%      610.88      176.23      17.42      20.05      86.9%      13.90      15.69      88.6%      3.31      5.64      58.6%      0.11      1.31      4.41      1.06      0.08      41.80      3.31      0.93      0.17      0.38      2.80      0.13      1.95      1.10      0.64      0.00      0.08      0.98      3.52      2.42      0.42      0.13      0.13      0.30      0.13      0.21      0.08      0.08      0.00      0.04      0.00      0.00      2.76      1.70      0.98      1.27      0.51      1.23      2.88      42.6%      1.65      1.57      0.30      1.27      0.55      3.31      0.93      0.00      57.99      1.74      9.41      27.64      21.62      2.08      57.87      1.78      0.89      50.0%      0.89      50.0%      30.48      137.27      63.67      1.61      0.08      1.82      0.98      36.20      0.00      1.27      1.65      0.17      0.00      0.00      0.00      6.32      1.02      0.98      51.1%       https://fbref.com/req/202302030/images/headshots/83d074ff_2022.jpg
Solly March
AM 0.00      0.10      0.10      0.00      0.00      0.00      0.05      0.00      0.06      0.06      0.12      0.18      3.66      3.56      7.63      1.03      0.52      50.0%      0.00      0.00      18.30      0.10      0.06      -0.06      -0.06      28.66      39.74      72.1%      491.55      135.00      15.00      17.94      83.6%      9.18      12.63      72.7%      3.45      5.93      58.3%      0.15      1.80      1.55      1.70      0.41      35.21      4.54      0.72      0.05      0.67      4.85      2.01      1.75      0.52      0.93      0.00      0.00      1.44      3.66      2.27      0.72      0.36      0.00      0.21      0.10      0.15      0.10      0.00      0.00      0.00      0.05      0.00      1.55      0.88      0.57      0.46      0.52      0.36      1.13      31.8%      0.77      1.13      0.15      0.98      0.88      2.42      1.29      0.00      49.54      2.32      7.68      17.32      25.15      3.09      49.54      1.96      1.19      60.5%      0.77      39.5%      28.09      183.25      90.05      1.55      1.03      1.34      1.49      31.34      0.00      1.60      1.03      0.62      0.00      0.00      0.00      4.74      0.88      1.34      39.5%       https://fbref.com/req/202302030/images/headshots/bb5fbd2b_2022.jpg
Joël Veltman
CB 0.03      0.03      0.06      0.03      0.00      0.00      0.19      0.00      0.02      0.02      0.05      0.07      0.78      3.88      2.04      0.38      0.06      16.7%      0.08      0.50      18.10      0.00      0.06      +0.01      +0.01      45.06      58.53      77.0%      804.61      303.48      18.07      20.73      87.2%      23.24      28.47      81.6%      3.19      6.89      46.4%      0.04      0.53      3.70      0.69      0.19      49.85      8.52      1.06      0.09      0.22      1.32      7.45      0.00      0.00      0.00      0.00      0.16      0.97      1.38      1.03      0.19      0.03      0.03      0.06      0.03      0.06      0.06      0.00      0.00      0.00      0.00      0.00      2.32      1.50      1.47      0.66      0.19      0.66      1.66      39.6%      1.00      1.44      0.50      0.94      1.41      3.73      2.79      0.00      69.99      5.51      25.40      32.97      12.18      0.78      69.99      1.00      0.50      50.0%      0.50      50.0%      35.67      151.79      65.54      0.75      0.06      0.88      0.31      39.11      0.00      1.22      1.19      0.00      0.03      0.03      0.00      5.70      1.72      0.91      65.5%       https://fbref.com/req/202302030/images/headshots/dad4b285_2022.jpg
Robert Sánchez
GK 1.14      3.81      2.68      72.3%      0.32      0.41      0.27      0.30      30.6%      0.11      0.08      0.00      0.03      0.0%      0.03      0.14      0.00      1.11      0.28      -0.01      4.27      15.17      28.2%      34.74      5.03      31.1%      33.0      6.33      64.5%      48.9      13.98      1.62      11.6%      0.97      12.9       https://fbref.com/req/202302030/images/headshots/6a713852_2022.jpg
Adam Webster
CB 0.13      0.00      0.13      0.13      0.00      0.00      0.31      0.00      0.06      0.06      0.00      0.06      1.19      6.84      0.44      0.50      0.13      25.0%      0.25      1.00      11.20      0.00      0.13      +0.07      +0.07      59.62      73.81      80.8%      1141.13      460.92      19.33      22.03      87.7%      32.13      36.84      87.2%      6.46      11.80      54.8%      0.02      0.06      6.53      0.06      0.00      71.30      2.45      1.38      0.19      1.00      0.38      1.07      0.00      0.00      0.00      0.00      0.06      0.44      1.13      1.07      0.00      0.00      0.06      0.00      0.00      0.19      0.13      0.00      0.00      0.06      0.00      0.00      1.63      0.50      1.07      0.44      0.13      0.82      1.26      65.0%      0.44      1.57      1.07      0.50      1.07      2.70      4.14      0.13      83.03      7.53      36.53      41.49      5.52      0.82      83.03      0.75      0.63      83.3%      0.13      16.7%      47.89      263.41      167.95      1.32      0.06      0.50      0.06      56.92      0.00      1.00      0.25      0.00      0.00      0.00      0.00      5.59      3.51      0.94      78.9%       https://fbref.com/req/202302030/images/headshots/c40b6180_2022.jpg
Danny Welbeck
FW 0.37      0.12      0.49      0.37      0.00      0.00      0.00      0.00      0.40      0.40      0.07      0.48      1.34      1.40      6.39      2.62      1.28      48.8%      0.14      0.29      12.80      0.00      0.16      -0.04      -0.04      12.97      16.87      76.9%      146.87      25.03      8.77      10.53      83.2%      2.62      3.41      76.8%      0.24      0.37      66.7%      0.04      1.10      0.61      0.55      0.00      16.68      0.12      0.00      0.00      0.00      0.06      0.12      0.00      0.00      0.00      0.00      0.06      0.43      2.31      1.71      0.00      0.00      0.30      0.30      0.00      0.18      0.06      0.00      0.00      0.06      0.06      0.00      0.85      0.43      0.12      0.49      0.24      0.18      0.61      30.0%      0.43      1.10      0.12      0.97      0.30      1.16      1.10      0.00      28.68      1.22      2.07      8.89      17.84      4.32      28.68      1.28      0.61      47.6%      0.67      52.4%      16.87      81.66      31.30      0.73      0.49      3.11      1.34      21.80      0.00      1.04      0.79      0.24      0.06      0.00      0.00      1.77      2.86      3.11      48.0%       https://fbref.com/req/202302030/images/headshots/ce5143da_2022.jpg
Leandro Trossard
FW 0.26      0.10      0.35      0.22      0.03      0.03      0.06      0.00      0.22      0.19      0.15      0.34      3.11      4.94      7.12      2.34      0.83      35.6%      0.10      0.27      18.70      0.16      0.08      +0.04      +0.04      28.81      38.12      75.6%      464.02      105.34      15.37      18.26      84.2%      9.05      11.45      79.0%      2.89      4.17      69.2%      0.16      1.51      2.28      1.70      0.10      36.80      1.16      0.26      0.26      0.83      1.64      0.39      0.22      0.06      0.10      0.00      0.16      1.25      3.63      2.63      0.13      0.58      0.19      0.10      0.00      0.42      0.26      0.03      0.10      0.00      0.03      0.00      1.09      0.64      0.39      0.29      0.42      0.13      0.99      12.9%      0.87      1.06      0.13      0.93      0.48      1.57      0.32      0.00      49.25      0.74      4.68      18.39      26.76      4.84      49.22      2.57      1.80      70.0%      0.77      30.0%      31.67      187.60      86.18      1.67      1.38      2.98      2.34      37.32      0.00      0.77      0.83      0.42      0.03      0.03      0.00      4.56      0.29      0.64      31.0%       https://fbref.com/req/202302030/images/headshots/38ceb24a_2022.jpg
Adam Lallana
MF 0.00      0.06      0.06      0.00      0.00      0.00      0.23      0.00      0.06      0.06      0.05      0.12      0.98      4.38      2.71      1.10      0.23      21.1%      0.00      0.00      19.80      0.00      0.06      -0.06      -0.06      48.20      55.46      86.9%      671.17      161.03      28.94      31.83      90.9%      15.28      16.60      92.0%      1.61      3.06      52.8%      0.06      0.46      3.34      0.98      0.06      54.71      0.69      0.52      0.06      0.12      0.17      0.06      0.00      0.00      0.00      0.00      0.06      0.92      1.61      1.38      0.00      0.00      0.12      0.12      0.00      0.23      0.23      0.00      0.00      0.00      0.00      0.00      1.96      0.98      0.81      0.81      0.35      0.69      2.36      29.3%      1.67      0.92      0.35      0.58      0.92      2.88      0.75      0.06      64.75      2.31      14.01      36.44      14.70      2.02      64.75      1.33      0.81      60.9%      0.52      39.1%      35.63      133.30      62.50      1.21      0.12      1.38      0.86      45.72      0.00      0.63      0.98      0.00      0.00      0.00      0.00      7.26      0.86      0.46      65.2%       https://fbref.com/req/202302030/images/headshots/99813635_2022.jpg
Billy Gilmour
MF 0.00      0.05      0.05      0.00      0.00      0.00      0.10      0.00      0.04      0.04      0.07      0.11      1.46      5.43      0.82      0.87      0.15      16.7%      0.00      0.00      23.30      0.10      0.05      -0.04      -0.04      48.08      60.31      79.7%      897.48      271.12      22.12      24.94      88.7%      17.32      20.33      85.2%      7.37      12.52      58.9%      0.09      1.21      4.56      0.82      0.15      53.85      6.31      1.99      0.10      1.07      4.75      0.29      3.11      1.21      1.75      0.10      0.15      0.73      2.67      1.46      1.12      0.00      0.10      0.00      0.00      0.10      0.05      0.05      0.00      0.00      0.00      0.00      1.99      1.02      0.78      1.02      0.19      0.68      2.52      26.9%      1.84      1.02      0.19      0.82      0.82      2.81      1.41      0.00      69.04      2.13      17.42      37.75      14.60      0.24      69.04      1.07      0.73      68.2%      0.34      31.8%      40.80      213.91      91.60      1.12      0.00      1.41      0.53      46.48      0.00      1.36      1.02      0.05      0.00      0.05      0.00      6.02      0.63      0.97      39.4%       https://fbref.com/req/202302030/images/headshots/df10e27c_2022.jpg
Tariq Lamptey
FB 0.00      0.12      0.12      0.00      0.00      0.00      0.23      0.00      0.05      0.05      0.15      0.20      4.67      2.08      8.82      1.10      0.23      21.1%      0.00      0.00      20.00      0.00      0.04      -0.05      -0.05      34.19      44.39      77.0%      477.44      99.69      21.51      23.98      89.7%      10.72      14.53      73.8%      1.10      2.88      38.0%      0.17      1.21      1.50      1.38      0.86      40.53      3.75      0.23      0.12      0.12      5.36      3.52      0.00      0.00      0.00      0.00      0.12      1.56      3.11      2.13      0.12      0.23      0.17      0.40      0.06      0.17      0.17      0.00      0.00      0.00      0.00      0.00      2.08      1.44      0.81      0.98      0.29      0.86      1.44      60.0%      0.58      0.75      0.17      0.58      1.21      3.29      1.33      0.00      58.12      1.79      11.36      21.79      26.06      2.31      58.12      3.52      1.67      47.5%      1.85      52.5%      37.01      246.48      131.74      2.94      0.86      2.65      1.21      40.07      0.00      1.56      2.88      0.17      0.00      0.00      0.00      5.77      0.40      1.56      20.6%       https://fbref.com/req/202302030/images/headshots/f4e433d4_2022.jpg
Enock Mwepu
MF 0.18      0.36      0.54      0.18      0.00      0.00      0.18      0.00      0.19      0.19      0.14      0.33      1.99      2.44      3.98      1.72      0.72      42.1%      0.11      0.25      20.00      0.00      0.11      -0.01      -0.01      26.11      35.51      73.5%      360.72      81.23      14.37      17.26      83.2%      8.86      11.48      77.2%      0.90      2.62      34.5%      0.07      0.81      1.63      0.36      0.00      35.06      0.45      0.09      0.36      0.09      0.63      0.09      0.00      0.00      0.00      0.00      0.00      0.90      2.35      1.63      0.00      0.18      0.27      0.27      0.00      0.63      0.54      0.00      0.00      0.00      0.09      0.00      1.99      1.08      0.90      0.90      0.18      0.45      2.44      18.5%      1.99      1.81      0.18      1.63      1.08      3.07      1.72      0.00      49.61      1.99      9.76      24.76      16.17      3.07      49.61      2.08      1.36      65.2%      0.72      34.8%      27.56      150.09      78.34      1.45      0.27      2.35      0.81      30.63      0.00      1.63      1.36      0.18      0.09      0.09      0.00      6.33      0.81      2.62      23.7%       https://fbref.com/req/202302030/images/headshots/1d5cab82_2022.jpg
Neal Maupay
FW 0.32      0.08      0.40      0.28      0.04      0.08      0.28      0.00      0.34      0.28      0.09      0.38      0.83      1.90      6.49      2.33      0.55      23.7%      0.12      0.50      16.80      0.00      0.12      -0.03      0.00      18.94      24.60      77.0%      245.48      36.38      11.03      12.89      85.6%      5.69      6.88      82.8%      0.44      0.75      57.9%      0.08      0.91      0.79      0.99      0.08      21.83      2.65      0.12      0.28      0.12      0.32      0.32      0.04      0.00      0.00      0.00      0.12      1.23      2.33      1.66      0.00      0.12      0.36      0.20      0.00      0.12      0.12      0.00      0.00      0.00      0.00      0.00      0.67      0.40      0.08      0.24      0.36      0.16      0.71      22.2%      0.55      0.83      0.08      0.75      0.08      0.75      0.08      0.00      33.33      0.32      1.58      13.37      18.74      4.27      33.26      1.62      0.83      51.2%      0.79      48.8%      19.73      82.29      31.95      1.34      0.28      2.10      2.02      24.32      0.00      1.30      1.23      0.24      0.00      0.00      0.00      3.01      0.83      2.21      27.3%       https://fbref.com/req/202302030/images/headshots/4bcf39f6_2022.jpg