
David de Gea
GK 1.50      4.74      3.26      70.0%      0.42      0.26      0.32      0.21      21.1%      0.13      0.08      0.05      0.00      40.0%      0.00      0.11      0.08      1.45      0.29      +0.03      2.71      8.29      32.7%      16.39      3.53      30.0%      30.9      7.87      42.8%      35.9      13.82      0.21      1.5%      0.66      14.0       https://fbref.com/req/202302030/images/headshots/7ba6d84e_2022.jpg
Bruno Fernandes
MF 0.29      0.17      0.46      0.29      0.00      0.06      0.29      0.00      0.28      0.23      0.26      0.49      2.26      6.86      5.50      2.52      0.84      33.3%      0.11      0.34      21.90      0.17      0.09      +0.01      +0.06      44.81      60.55      74.0%      767.13      227.04      22.91      26.76      85.6%      14.73      18.40      80.0%      5.64      10.73      52.6%      0.20      2.55      4.92      2.34      0.41      54.71      5.21      1.13      0.64      0.84      4.28      0.64      1.97      0.64      0.84      0.00      0.64      1.45      4.48      3.33      0.55      0.14      0.29      0.14      0.03      0.32      0.23      0.00      0.03      0.06      0.00      0.00      1.56      0.81      0.75      0.64      0.17      0.75      2.63      28.6%      1.88      1.04      0.00      1.04      0.49      2.05      1.22      0.06      70.73      1.85      10.39      32.84      27.92      2.89      70.68      1.50      0.75      50.0%      0.75      50.0%      41.95      192.58      101.66      1.88      0.69      1.33      1.16      52.04      0.00      0.95      1.36      0.09      0.00      0.00      0.00      5.21      0.55      0.87      38.8%       https://fbref.com/req/202302030/images/headshots/507c7bdf_2022.jpg
Marcus Rashford
FW 0.29      0.15      0.44      0.29      0.00      0.00      0.15      0.00      0.21      0.21      0.15      0.36      3.64      2.04      8.60      1.60      0.87      54.5%      0.18      0.33      17.70      0.07      0.13      +0.08      +0.08      22.15      30.90      71.7%      289.53      51.45      14.50      18.36      79.0%      5.98      8.02      74.5%      0.51      1.46      35.0%      0.15      0.66      1.31      0.73      0.07      29.59      1.02      0.15      0.00      0.07      1.60      0.36      0.00      0.00      0.00      0.00      0.29      0.73      1.97      1.17      0.00      0.36      0.15      0.29      0.00      0.22      0.22      0.00      0.00      0.00      0.00      0.00      0.44      0.36      0.07      0.29      0.07      0.15      0.95      15.4%      0.80      0.73      0.07      0.66      0.36      0.80      0.36      0.07      41.54      0.44      3.64      15.96      22.59      5.03      41.54      3.86      1.60      41.5%      2.26      58.5%      26.16      174.97      86.28      2.19      1.89      2.84      1.89      33.74      0.00      0.95      1.31      1.09      0.00      0.00      0.00      3.21      0.73      1.97      27.0%       https://fbref.com/req/202302030/images/headshots/a1d5bd30_2022.jpg
Luke Shaw
FB 0.00      0.17      0.17      0.00      0.00      0.00      0.45      0.00      0.01      0.01      0.20      0.21      2.70      4.61      3.88      0.34      0.06      16.7%      0.00      0.00      24.70      0.00      0.02      -0.01      -0.01      53.07      67.06      79.1%      799.94      296.53      30.97      34.40      90.0%      16.53      20.29      81.4%      3.60      7.53      47.8%      0.15      2.19      4.16      0.90      0.28      54.13      12.54      0.84      0.17      0.34      6.13      8.60      3.09      1.01      1.69      0.00      0.39      1.46      3.88      2.53      1.18      0.06      0.00      0.00      0.11      0.34      0.28      0.06      0.00      0.00      0.00      0.00      1.18      0.73      0.51      0.51      0.17      0.67      1.18      57.1%      0.51      1.24      0.62      0.62      0.51      1.69      1.24      0.11      73.98      3.09      16.47      33.56      24.51      0.84      73.98      0.79      0.39      50.0%      0.39      50.0%      38.34      213.50      123.17      2.36      0.17      0.62      0.79      47.00      0.00      1.80      0.90      0.17      0.00      0.06      0.00      5.34      1.12      0.84      57.1%       https://fbref.com/req/202302030/images/headshots/9c94165b_2022.jpg
Christian Eriksen
MF 0.10      0.38      0.48      0.10      0.00      0.00      0.10      0.00      0.12      0.12      0.34      0.46      2.01      7.86      2.11      2.11      0.77      36.4%      0.05      0.13      24.60      0.48      0.06      -0.03      -0.03      45.81      61.25      74.8%      943.32      360.00      18.50      20.13      91.9%      16.39      20.61      79.5%      9.78      17.16      57.0%      0.27      2.88      8.05      1.63      0.67      50.22      10.64      4.12      0.38      0.77      8.24      0.48      5.18      2.01      2.11      0.38      0.38      0.67      5.46      2.49      2.59      0.10      0.10      0.10      0.10      0.67      0.19      0.48      0.00      0.00      0.00      0.00      1.25      0.58      0.38      0.48      0.38      0.77      1.63      47.1%      0.86      0.86      0.10      0.77      0.86      2.11      1.34      0.00      70.93      1.73      13.13      35.85      22.81      1.15      70.93      1.53      0.77      50.0%      0.77      50.0%      39.20      181.05      100.06      1.53      0.29      1.73      0.86      45.53      0.00      0.48      0.29      0.00      0.00      0.00      0.00      6.61      0.48      0.58      45.5%       https://fbref.com/req/202302030/images/headshots/980522ec_2022.jpg
Diogo Dalot
FB 0.00      0.00      0.00      0.00      0.00      0.00      0.20      0.00      0.03      0.03      0.06      0.09      2.65      5.25      3.75      0.65      0.20      30.8%      0.00      0.00      21.00      0.00      0.04      -0.03      -0.03      46.67      59.62      78.3%      852.63      300.23      20.34      23.84      85.3%      19.79      24.49      80.8%      5.85      9.05      64.6%      0.07      0.80      4.00      1.05      0.35      50.02      9.44      0.80      0.10      0.45      2.90      8.55      0.10      0.00      0.10      0.00      0.15      0.95      2.10      1.85      0.05      0.15      0.00      0.05      0.00      0.25      0.25      0.00      0.00      0.00      0.00      0.00      2.75      2.05      1.75      0.60      0.40      1.55      2.85      54.4%      1.30      1.20      0.65      0.55      1.45      4.20      2.95      0.00      71.06      4.30      22.49      32.43      16.84      1.35      71.06      1.25      0.85      68.0%      0.40      32.0%      36.68      191.14      109.59      1.45      0.65      1.25      0.40      41.28      0.00      0.90      0.20      0.05      0.00      0.00      0.00      7.55      1.45      0.85      63.0%       https://fbref.com/req/202302030/images/headshots/d9565625_2022.jpg
Raphaël Varane
CB 0.05      0.05      0.10      0.05      0.00      0.00      0.00      0.00      0.03      0.03      0.01      0.04      0.54      2.41      0.10      0.44      0.05      11.1%      0.11      1.00      9.60      0.00      0.08      +0.01      +0.01      49.84      56.82      87.7%      1010.74      340.04      14.99      16.66      90.0%      28.71      30.92      92.8%      5.80      8.26      70.2%      0.01      0.20      3.20      0.05      0.00      55.00      1.77      1.62      0.00      0.54      0.05      0.15      0.00      0.00      0.00      0.00      0.05      0.29      0.44      0.44      0.00      0.00      0.00      0.00      0.00      0.10      0.10      0.00      0.00      0.00      0.00      0.00      1.38      0.93      1.03      0.29      0.05      0.49      1.08      45.5%      0.59      0.88      0.44      0.44      0.88      2.26      4.03      0.05      65.67      7.96      31.70      32.39      1.97      0.74      65.67      0.15      0.10      66.7%      0.05      33.3%      40.21      231.22      130.85      0.39      0.00      0.34      0.00      44.09      0.00      0.25      0.34      0.00      0.00      0.00      0.00      3.83      2.70      0.98      73.3%       https://fbref.com/req/202302030/images/headshots/9f8e9423_2022.jpg
Jadon Sancho
AM 0.14      0.14      0.28      0.14      0.00      0.00      0.00      0.00      0.17      0.17      0.19      0.36      5.26      4.17      10.52      1.23      0.43      34.6%      0.12      0.33      14.10      0.00      0.14      -0.03      -0.03      38.13      46.61      81.8%      492.25      110.65      24.87      28.52      87.2%      10.33      12.84      80.4%      0.99      1.42      70.0%      0.17      1.94      1.47      1.85      0.33      45.24      1.23      0.00      0.24      0.09      1.33      0.85      0.33      0.00      0.05      0.00      0.14      0.76      4.17      3.46      0.14      0.43      0.09      0.05      0.00      0.43      0.33      0.00      0.09      0.00      0.00      0.00      0.66      0.38      0.43      0.19      0.05      0.38      1.04      36.4%      0.66      0.90      0.00      0.90      0.71      1.37      0.24      0.14      56.27      0.52      6.92      21.36      28.89      4.97      56.27      4.03      2.23      55.3%      1.80      44.7%      36.47      261.24      145.28      3.32      2.04      2.08      1.28      43.96      0.00      0.19      0.33      0.33      0.00      0.00      0.00      5.31      0.09      0.52      15.4%       https://fbref.com/req/202302030/images/headshots/dbf053da_2022.jpg
Aaron Wan-Bissaka
FB 0.00      0.00      0.00      0.00      0.00      0.00      0.10      0.00      0.02      0.02      0.05      0.06      2.76      3.06      4.52      0.25      0.05      20.0%      0.00      0.00      14.10      0.00      0.07      -0.02      -0.02      46.43      57.27      81.1%      624.88      203.19      30.02      32.98      91.0%      12.80      15.41      83.1%      1.81      3.36      53.7%      0.05      0.70      2.61      0.60      0.40      48.59      8.58      0.20      0.00      0.30      1.76      8.38      0.00      0.00      0.00      0.00      0.10      2.26      1.76      1.46      0.00      0.15      0.05      0.05      0.05      0.05      0.05      0.00      0.00      0.00      0.00      0.00      2.46      1.81      1.25      0.90      0.30      0.70      1.00      70.0%      0.30      1.20      0.70      0.50      1.71      4.17      2.06      0.10      68.52      3.76      22.79      28.36      18.37      1.41      68.52      3.06      1.81      59.0%      1.25      41.0%      35.94      205.20      106.97      2.06      0.40      1.15      0.65      40.91      0.00      0.75      0.65      0.05      0.00      0.05      0.00      6.32      0.95      1.61      37.3%       https://fbref.com/req/202302030/images/headshots/9e525177_2022.jpg
Victor Lindelöf
CB 0.00      0.08      0.08      0.00      0.00      0.00      0.15      0.00      0.01      0.01      0.02      0.03      0.54      2.75      0.11      0.11      0.08      66.7%      0.00      0.00      8.60      0.00      0.07      -0.01      -0.01      46.43      52.93      87.7%      856.01      308.37      17.27      18.57      93.0%      24.34      26.41      92.2%      4.09      6.31      64.8%      0.03      0.15      2.87      0.23      0.00      51.63      1.22      0.99      0.15      0.38      0.00      0.23      0.00      0.00      0.00      0.00      0.08      0.31      0.50      0.46      0.00      0.00      0.00      0.00      0.04      0.15      0.11      0.00      0.00      0.00      0.00      0.04      0.61      0.42      0.34      0.27      0.00      0.34      0.54      64.3%      0.19      0.99      0.65      0.34      0.96      1.57      3.67      0.00      60.96      8.45      33.67      25.99      1.76      0.38      60.96      0.11      0.11      100.0%      0.00      0.0%      35.12      222.19      129.36      0.65      0.11      0.31      0.04      39.17      0.00      0.73      0.23      0.08      0.00      0.00      0.00      6.15      1.99      1.26      61.2%       https://fbref.com/req/202302030/images/headshots/f5deef4c_2022.jpg
Fred
MF 0.18      0.18      0.36      0.18      0.00      0.00      0.22      0.00      0.06      0.06      0.10      0.16      0.75      6.12      1.82      0.67      0.40      60.0%      0.27      0.44      21.30      0.00      0.08      +0.12      +0.12      50.46      60.27      83.7%      836.18      244.75      24.28      27.78      87.4%      19.88      22.46      88.5%      4.08      5.24      78.0%      0.13      1.24      5.81      0.58      0.04      58.54      1.55      1.20      0.49      0.58      0.13      0.36      0.00      0.00      0.00      0.00      0.18      1.51      2.49      2.31      0.00      0.00      0.00      0.18      0.00      0.40      0.36      0.00      0.00      0.00      0.04      0.00      2.80      1.20      1.42      1.07      0.31      0.98      3.51      27.8%      2.53      1.69      0.49      1.20      1.42      4.22      1.07      0.00      72.03      2.88      17.40      42.83      12.20      0.75      72.03      1.60      0.93      58.3%      0.67      41.7%      37.28      144.32      69.41      0.71      0.04      1.82      1.11      48.51      0.00      1.38      1.33      0.00      0.04      0.00      0.04      8.74      0.67      0.58      53.6%       https://fbref.com/req/202302030/images/headshots/b853e0ad_2022.jpg
Scott McTominay
MF 0.04      0.04      0.08      0.04      0.00      0.00      0.34      0.00      0.05      0.05      0.06      0.11      1.51      4.71      1.40      1.02      0.26      25.9%      0.04      0.14      20.90      0.00      0.05      -0.02      -0.02      39.97      47.28      84.5%      682.30      201.45      18.55      21.15      87.7%      16.10      18.17      88.6%      4.07      5.05      80.6%      0.08      0.87      4.26      0.34      0.08      45.85      1.21      1.13      0.04      0.53      0.49      0.08      0.00      0.00      0.00      0.00      0.23      0.60      1.92      1.62      0.00      0.11      0.04      0.08      0.08      0.23      0.15      0.00      0.00      0.04      0.00      0.04      2.45      1.24      1.21      0.90      0.34      1.13      2.30      49.2%      1.17      1.70      0.38      1.32      1.17      3.62      2.26      0.04      59.76      3.47      14.55      34.65      11.20      1.02      59.76      1.77      1.36      76.6%      0.41      23.4%      34.01      198.89      95.35      1.36      0.11      1.66      1.21      37.59      0.00      2.07      1.24      0.04      0.00      0.04      0.00      6.45      2.53      1.28      66.3%       https://fbref.com/req/202302030/images/headshots/d93c2511_2022.jpg
Wout Weghorst
FW 0.12      0.19      0.31      0.12      0.00      0.00      0.19      0.00      0.30      0.30      0.09      0.38      0.43      1.61      5.03      1.86      0.43      23.3%      0.07      0.29      14.00      0.00      0.16      -0.17      -0.17      17.13      26.94      63.6%      183.48      45.93      11.42      16.14      70.8%      2.79      4.41      63.4%      0.43      0.68      63.6%      0.08      0.87      1.06      0.43      0.06      26.69      0.06      0.00      0.00      0.06      0.25      0.06      0.00      0.00      0.00      0.00      0.19      1.37      2.54      1.61      0.00      0.25      0.37      0.25      0.06      0.31      0.25      0.00      0.06      0.00      0.00      0.00      1.06      0.56      0.19      0.56      0.31      0.37      1.18      31.6%      0.81      0.99      0.31      0.68      0.37      1.43      0.81      0.00      38.86      1.24      4.16      18.93      15.95      3.60      38.86      1.43      0.81      56.5%      0.62      43.5%      18.06      67.59      19.24      0.56      0.19      2.48      1.80      25.70      0.00      1.86      1.12      0.56      0.00      0.00      0.00      4.03      3.41      4.90      41.0%       https://fbref.com/req/202302030/images/headshots/c4e87b8b_2022.jpg
Harry Maguire
CB 0.04      0.00      0.04      0.04      0.00      0.00      0.32      0.04      0.07      0.07      0.00      0.08      0.79      4.12      0.18      0.82      0.36      43.5%      0.04      0.10      12.80      0.00      0.08      -0.03      -0.03      48.42      56.47      85.7%      980.52      345.22      15.60      17.03      91.6%      25.84      28.34      91.2%      6.23      9.48      65.7%      0.02      0.14      4.15      0.07      0.00      54.43      1.68      1.57      0.00      0.89      0.07      0.11      0.00      0.00      0.00      0.00      0.36      0.29      0.86      0.50      0.07      0.04      0.18      0.00      0.07      0.00      0.00      0.00      0.00      0.00      0.00      0.00      1.22      0.75      0.79      0.29      0.14      0.68      1.11      61.3%      0.43      1.29      1.04      0.25      1.15      2.36      3.61      0.11      65.95      8.45      30.45      32.31      3.65      1.50      65.95      0.18      0.14      80.0%      0.04      20.0%      38.22      217.83      126.14      0.54      0.04      0.47      0.18      43.37      0.04      0.75      0.68      0.04      0.00      0.00      0.04      5.30      2.68      1.00      72.8%       https://fbref.com/req/202302030/images/headshots/d8931174_2022.jpg
Anthony Elanga
AM 0.15      0.15      0.30      0.15      0.00      0.00      0.00      0.00      0.19      0.19      0.18      0.38      2.37      1.33      8.45      1.56      0.52      33.3%      0.10      0.29      15.70      0.00      0.12      -0.04      -0.04      25.21      33.36      75.6%      317.45      67.46      16.98      19.65      86.4%      5.26      7.19      73.2%      0.89      1.56      57.1%      0.09      0.67      0.82      0.59      0.15      32.17      1.04      0.00      0.15      0.07      1.56      1.04      0.00      0.00      0.00      0.00      0.15      1.19      1.56      0.89      0.00      0.15      0.07      0.30      0.15      0.37      0.15      0.00      0.07      0.00      0.07      0.07      1.93      1.48      0.89      0.89      0.15      1.11      2.15      51.7%      1.04      1.26      0.07      1.19      0.67      2.59      0.52      0.00      45.89      0.82      8.23      15.86      21.94      4.15      45.89      2.30      0.82      35.5%      1.48      64.5%      26.24      152.94      73.62      1.78      0.74      2.74      1.11      33.14      0.00      0.59      1.63      0.22      0.00      0.00      0.00      3.71      1.78      1.33      57.1%       https://fbref.com/req/202302030/images/headshots/2fba6108_2022.jpg
Cristiano Ronaldo
FW 0.66      0.11      0.77      0.55      0.11      0.11      0.29      0.00      0.65      0.56      0.11      0.67      2.46      2.35      7.04      3.92      1.43      36.4%      0.14      0.38      15.50      0.29      0.15      +0.01      -0.01      26.60      33.13      80.3%      327.20      48.99      17.19      19.82      86.7%      6.38      7.99      79.8%      0.73      1.06      69.0%      0.07      0.95      1.69      0.59      0.00      31.73      1.28      0.11      0.07      0.11      0.55      0.26      0.00      0.00      0.00      0.00      0.11      0.92      3.00      2.27      0.00      0.33      0.22      0.18      0.00      0.33      0.15      0.00      0.07      0.04      0.07      0.00      0.29      0.22      0.04      0.18      0.07      0.07      0.22      33.3%      0.15      0.29      0.00      0.29      0.07      0.37      1.06      0.00      42.80      1.10      3.74      18.32      21.00      6.23      42.69      1.17      0.73      62.5%      0.44      37.5%      23.12      119.17      63.91      1.47      1.36      1.83      1.10      34.89      0.00      0.59      0.66      1.21      0.07      0.00      0.00      1.91      1.54      2.49      38.2%       https://fbref.com/req/202302030/images/headshots/dea698d9_2022.jpg
Donny van de Beek
MF 0.32      0.00      0.32      0.32      0.00      0.00      0.16      0.00      0.24      0.24      0.06      0.32      0.48      3.87      2.26      1.13      0.32      28.6%      0.29      1.00      17.20      0.00      0.22      +0.08      +0.08      37.42      45.81      81.7%      496.77      142.26      20.97      24.03      87.2%      12.58      14.68      85.7%      0.65      2.10      30.8%      0.06      0.81      3.71      0.97      0.00      44.03      1.45      0.16      0.32      0.16      0.97      0.16      0.16      0.16      0.00      0.00      0.32      0.97      2.26      1.94      0.00      0.16      0.16      0.00      0.00      0.16      0.16      0.00      0.00      0.00      0.00      0.00      3.39      1.77      1.94      1.13      0.32      1.13      2.42      46.7%      1.29      1.77      0.48      1.29      1.29      4.68      0.81      0.00      58.39      2.10      12.58      31.94      14.68      1.61      58.39      2.26      0.65      28.6%      1.61      71.4%      28.06      110.32      46.94      0.81      0.00      1.29      1.45      34.03      0.00      1.45      0.48      0.00      0.00      0.00      0.00      6.77      1.29      1.13      53.3%       https://fbref.com/req/202302030/images/headshots/50dc94ce_2022.jpg
Jack Butland
GK 1.53      3.29      1.88      53.6%      0.24      0.47      0.24      0.12      12.5%      0.12      0.00      0.12      0.00      100.0%      0.12      0.12      0.24      1.14      0.31      -0.15      2.94      10.94      26.9%      26.00      4.71      28.5%      29.8      7.76      45.5%      36.3      16.35      1.29      7.9%      0.82      11.2       https://fbref.com/req/202302030/images/headshots/cc70a1d5_2022.jpg
Martin Dúbravka
GK 1.35      4.08      2.77      67.9%      0.50      0.15      0.35      0.31      30.8%      0.04      0.04      0.00      0.00      0.0%      0.00      0.27      0.04      1.31      0.32      0.00      7.96      19.12      41.6%      23.27      3.38      46.3%      37.0      9.08      91.9%      60.5      13.85      0.85      6.1%      0.54      11.9       https://fbref.com/req/202302030/images/headshots/3a949a25_2022.jpg
Brandon Williams
FB 0.00      0.04      0.04      0.00      0.00      0.00      0.34      0.00      0.01      0.01      0.08      0.09      2.42      3.82      2.46      0.17      0.04      25.0%      0.00      0.00      21.20      0.00      0.06      -0.01      -0.01      38.17      47.97      79.6%      622.36      220.67      19.27      22.25      86.6%      15.75      19.53      80.7%      2.63      4.50      58.5%      0.06      0.89      2.04      0.81      0.13      39.35      8.36      0.89      0.17      0.30      0.59      7.47      0.00      0.00      0.00      0.00      0.25      0.59      1.87      1.49      0.04      0.04      0.00      0.21      0.08      0.08      0.04      0.00      0.00      0.00      0.00      0.04      2.33      1.57      1.49      0.76      0.08      1.53      2.72      56.3%      1.19      1.10      0.25      0.85      1.87      4.20      2.12      0.00      60.07      4.67      22.25      25.22      13.50      1.27      60.07      1.66      0.85      51.3%      0.81      48.7%      33.28      221.86      115.09      2.00      0.38      1.66      0.72      33.16      0.00      0.98      1.87      0.00      0.00      0.00      0.00      6.71      0.59      0.72      45.2%       https://fbref.com/req/202302030/images/headshots/5e74d6c8_2022.jpg