
Nick Pope
GK 1.31      4.58      3.31      74.5%      0.19      0.39      0.42      0.25      25.0%      0.14      0.14      0.00      0.00      0.0%      0.03      0.17      0.03      1.23      0.25      -0.05      8.86      22.42      39.5%      22.03      4.08      69.2%      46.2      7.86      91.2%      61.2      16.81      1.28      7.6%      2.22      17.4       https://fbref.com/req/202302030/images/headshots/4b40d9ca_2022.jpg
Fabian Schär
CB 0.08      0.08      0.17      0.08      0.00      0.00      0.17      0.00      0.05      0.05      0.05      0.10      0.83      2.46      0.08      0.88      0.33      38.1%      0.10      0.25      19.50      0.17      0.06      +0.03      +0.03      29.11      42.21      69.0%      663.28      304.11      8.30      10.47      79.3%      13.85      16.77      82.6%      6.51      13.60      47.9%      0.04      0.38      2.88      0.63      0.04      38.49      3.42      2.92      0.04      0.79      0.29      0.50      0.00      0.00      0.00      0.00      0.29      0.29      1.29      0.75      0.25      0.08      0.17      0.04      0.00      0.17      0.13      0.00      0.04      0.00      0.00      0.00      0.67      0.46      0.46      0.13      0.08      0.33      0.67      50.0%      0.33      1.13      0.75      0.38      1.33      2.00      3.96      0.08      51.46      6.63      26.86      22.40      3.09      1.13      51.46      0.42      0.25      60.0%      0.17      40.0%      26.90      153.68      92.79      0.63      0.00      0.50      0.21      27.90      0.00      1.00      0.46      0.13      0.00      0.00      0.00      5.46      1.88      1.75      51.7%       https://fbref.com/req/202302030/images/headshots/c8aa95da_2022.jpg
Dan Burn
CB 0.04      0.04      0.07      0.04      0.00      0.00      0.29      0.00      0.08      0.08      0.03      0.11      0.55      2.96      0.18      0.66      0.15      22.2%      0.06      0.25      9.50      0.00      0.12      -0.04      -0.04      35.90      45.04      79.7%      688.85      219.04      11.88      14.29      83.1%      20.51      23.21      88.3%      3.07      6.29      48.8%      0.01      0.22      2.74      0.04      0.00      44.27      0.69      0.37      0.00      0.26      0.04      0.33      0.00      0.00      0.00      0.00      0.07      0.33      0.48      0.44      0.00      0.00      0.04      0.00      0.00      0.04      0.04      0.00      0.00      0.00      0.00      0.00      1.39      0.84      0.88      0.44      0.07      0.48      0.95      50.0%      0.48      1.32      0.88      0.44      1.61      3.00      5.56      0.00      57.72      8.08      29.06      25.74      3.18      1.24      57.72      0.11      0.00      0.0%      0.11      100.0%      29.06      135.51      64.63      0.40      0.07      0.40      0.15      32.53      0.00      0.95      0.22      0.18      0.00      0.00      0.00      4.72      3.66      1.90      65.8%       https://fbref.com/req/202302030/images/headshots/b2d31e83_2022.jpg
Bruno Guimarães
MF 0.44      0.09      0.52      0.44      0.00      0.00      0.35      0.00      0.27      0.27      0.10      0.37      1.57      4.70      1.31      2.00      1.04      52.2%      0.22      0.42      18.00      0.00      0.16      +0.17      +0.17      38.38      45.44      84.5%      685.53      169.03      18.10      20.11      90.0%      13.58      15.49      87.6%      5.14      6.35      80.8%      0.12      1.04      3.57      1.13      0.35      43.78      1.48      1.04      0.35      0.61      1.04      0.26      0.00      0.00      0.00      0.00      0.17      1.39      2.70      1.91      0.00      0.09      0.52      0.09      0.09      0.35      0.09      0.00      0.00      0.26      0.00      0.00      3.83      2.00      1.57      1.91      0.35      1.83      3.31      55.3%      1.48      2.18      0.52      1.65      0.78      4.61      1.13      0.00      61.02      2.70      14.10      32.81      15.32      1.83      61.02      3.48      1.91      55.0%      1.57      45.0%      37.08      203.07      69.20      1.31      0.35      2.09      2.52      40.21      0.00      1.13      3.13      0.35      0.00      0.00      0.00      7.05      0.35      0.78      30.8%       https://fbref.com/req/202302030/images/headshots/82518f62_2022.jpg
Joe Willock
MF 0.09      0.00      0.09      0.09      0.00      0.00      0.00      0.00      0.14      0.14      0.05      0.19      2.12      2.56      3.40      1.55      0.49      31.4%      0.06      0.18      17.20      0.00      0.09      -0.05      -0.05      19.87      24.95      79.6%      295.48      79.22      11.17      13.20      84.6%      6.62      7.82      84.7%      1.24      1.77      70.0%      0.03      0.79      1.68      0.31      0.04      23.54      1.37      0.22      0.04      0.13      0.71      0.18      0.00      0.00      0.00      0.00      0.04      0.71      2.25      1.46      0.00      0.40      0.04      0.27      0.09      0.18      0.04      0.00      0.04      0.00      0.09      0.00      2.83      1.63      1.32      1.24      0.27      1.28      3.00      42.6%      1.72      1.63      0.27      1.37      0.93      3.75      0.44      0.04      38.16      0.84      8.57      18.28      12.50      2.61      38.16      3.14      1.59      50.7%      1.55      49.3%      21.82      141.45      69.38      1.32      0.62      2.47      0.88      21.90      0.00      1.50      1.15      0.00      0.00      0.00      0.00      5.34      0.71      1.06      40.0%       https://fbref.com/req/202302030/images/headshots/a3b03921_2022.jpg
Joelinton
MF 0.14      0.04      0.18      0.14      0.00      0.00      0.28      0.00      0.12      0.12      0.07      0.18      1.58      3.24      3.17      1.58      0.49      31.1%      0.09      0.29      17.60      0.00      0.07      +0.02      +0.02      25.26      33.21      76.1%      353.95      93.62      14.81      18.12      81.7%      7.60      9.68      78.5%      1.23      1.90      64.8%      0.05      1.02      2.39      0.60      0.07      32.76      0.39      0.00      0.04      0.14      0.77      0.32      0.00      0.00      0.00      0.00      0.07      0.91      2.36      1.72      0.00      0.21      0.32      0.11      0.00      0.18      0.14      0.00      0.00      0.04      0.00      0.00      2.53      1.34      1.06      1.16      0.32      0.91      2.15      42.6%      1.23      1.62      0.39      1.23      1.20      3.73      1.76      0.07      49.08      2.92      10.45      24.35      15.09      2.74      49.08      2.46      1.30      52.9%      1.16      47.1%      25.30      147.88      68.47      1.48      0.35      2.99      2.11      29.41      0.00      2.25      1.16      0.11      0.00      0.00      0.00      6.37      3.48      3.41      50.5%       https://fbref.com/req/202302030/images/headshots/c17bfb65_2022.jpg
Miguel Almirón
MF 0.05      0.00      0.05      0.05      0.00      0.00      0.10      0.00      0.09      0.09      0.05      0.14      2.31      2.41      4.46      1.68      0.37      21.9%      0.03      0.14      19.60      0.00      0.05      -0.04      -0.04      21.08      26.80      78.7%      300.00      65.77      12.01      13.85      86.7%      6.19      7.81      79.2%      1.21      1.99      60.5%      0.03      0.84      1.36      0.26      0.00      26.22      0.42      0.16      0.00      0.10      1.05      0.16      0.00      0.00      0.00      0.00      0.16      1.00      2.57      1.89      0.00      0.16      0.42      0.10      0.00      0.21      0.16      0.00      0.05      0.00      0.00      0.00      2.47      1.52      1.21      0.89      0.37      0.58      2.31      25.0%      1.73      0.73      0.05      0.68      1.05      3.51      0.68      0.00      38.18      1.15      7.08      15.84      16.10      2.26      38.18      2.05      1.36      66.7%      0.68      33.3%      23.39      155.19      69.18      1.10      0.63      2.31      1.26      24.70      0.00      0.89      1.31      0.47      0.00      0.00      0.00      5.04      0.26      0.73      26.3%       https://fbref.com/req/202302030/images/headshots/862a1c15_2022.jpg
Sean Longstaff
MF 0.06      0.06      0.12      0.06      0.00      0.00      0.06      0.00      0.04      0.04      0.05      0.10      0.12      2.64      0.92      0.92      0.12      13.3%      0.07      0.50      26.00      0.06      0.05      +0.02      +0.02      29.57      37.13      79.6%      513.20      141.58      14.08      16.66      84.5%      10.88      12.30      88.5%      3.20      5.47      58.4%      0.05      0.43      2.70      0.25      0.00      35.10      1.91      0.86      0.06      0.74      0.68      0.06      0.06      0.06      0.00      0.00      0.12      0.61      1.60      1.35      0.12      0.00      0.06      0.00      0.06      0.18      0.12      0.06      0.00      0.00      0.00      0.00      3.32      2.09      1.11      1.91      0.31      1.48      4.00      36.9%      2.52      1.11      0.37      0.74      0.55      3.87      1.11      0.00      47.64      2.64      12.36      26.99      8.48      0.86      47.64      0.68      0.37      54.5%      0.31      45.5%      22.87      83.98      26.37      0.43      0.06      1.35      1.11      26.43      0.00      0.86      1.05      0.00      0.00      0.00      0.00      5.84      0.80      1.11      41.9%       https://fbref.com/req/202302030/images/headshots/a2b105e0_2022.jpg
Callum Wilson
FW 0.52      0.00      0.52      0.39      0.13      0.13      0.26      0.00      0.40      0.30      0.03      0.33      0.91      0.58      3.38      2.14      0.78      36.4%      0.18      0.50      14.20      0.00      0.14      +0.12      +0.09      6.95      10.32      67.3%      85.65      18.57      4.09      5.45      75.0%      1.69      2.60      65.0%      0.19      0.32      60.0%      0.04      0.65      0.39      0.19      0.06      9.35      0.84      0.00      0.06      0.06      0.19      0.19      0.00      0.00      0.00      0.00      0.13      0.45      1.62      1.10      0.06      0.06      0.06      0.19      0.13      0.00      0.00      0.00      0.00      0.00      0.00      0.00      0.58      0.52      0.06      0.32      0.19      0.06      0.26      25.0%      0.19      0.45      0.13      0.32      0.19      0.78      0.65      0.00      20.78      0.78      1.88      8.12      10.97      4.48      20.65      1.36      0.65      47.6%      0.71      52.4%      12.47      53.83      20.06      0.58      0.97      3.83      1.75      15.78      0.00      1.75      1.43      1.10      0.00      0.00      0.00      1.82      1.88      3.25      36.7%       https://fbref.com/req/202302030/images/headshots/c596fcb0_2022.jpg
Jacob Murphy
AM 0.06      0.12      0.18      0.06      0.00      0.00      0.24      0.00      0.13      0.13      0.16      0.29      3.12      2.69      4.89      1.65      0.31      18.5%      0.04      0.20      19.30      0.06      0.08      -0.07      -0.07      22.24      35.50      62.7%      334.83      120.67      11.12      14.24      78.1%      7.27      11.18      65.0%      1.77      5.01      35.4%      0.12      1.22      2.02      1.16      0.37      30.06      5.25      0.55      0.06      0.18      3.30      4.46      0.24      0.24      0.00      0.00      0.18      1.96      2.81      2.08      0.12      0.12      0.31      0.18      0.00      0.37      0.18      0.00      0.00      0.12      0.06      0.00      2.99      1.59      2.08      0.67      0.24      1.59      2.51      63.4%      0.92      1.22      0.12      1.10      1.41      4.40      1.04      0.00      48.57      2.02      13.14      18.33      18.21      3.48      48.57      1.77      0.79      44.8%      0.98      55.2%      24.75      173.46      86.70      1.71      1.28      1.77      1.28      25.72      0.00      0.98      0.86      0.12      0.00      0.06      0.00      5.99      0.86      2.02      29.8%       https://fbref.com/req/202302030/images/headshots/de112b84_2022.jpg
Allan Saint-Maximin
MF 0.16      0.16      0.32      0.16      0.00      0.00      0.19      0.00      0.17      0.17      0.14      0.30      5.78      2.79      5.36      2.05      0.83      40.6%      0.08      0.19      19.70      0.00      0.08      -0.01      -0.01      16.98      23.98      70.8%      255.27      59.48      9.60      11.52      83.3%      5.30      7.22      73.3%      1.22      2.41      50.7%      0.12      1.60      1.64      1.03      0.26      23.14      0.61      0.00      0.35      0.35      1.93      0.16      0.00      0.00      0.00      0.00      0.22      1.06      4.17      2.70      0.03      1.00      0.16      0.22      0.06      0.35      0.26      0.00      0.06      0.03      0.00      0.00      0.42      0.26      0.19      0.13      0.10      0.10      0.55      17.6%      0.45      0.42      0.06      0.35      0.35      0.77      0.10      0.00      37.30      0.22      2.76      15.28      20.83      3.56      37.30      7.74      4.81      62.2%      2.92      37.8%      27.57      287.08      144.98      3.82      2.02      3.85      2.89      29.30      0.00      0.71      1.54      0.42      0.00      0.00      0.00      3.53      0.58      0.58      50.0%       https://fbref.com/req/202302030/images/headshots/2b16cb1a_2022.jpg
Matt Targett
FB 0.03      0.03      0.06      0.03      0.00      0.00      0.09      0.00      0.03      0.03      0.11      0.14      0.94      4.26      3.73      0.41      0.16      38.5%      0.08      0.20      14.80      0.00      0.06      +0.01      +0.01      36.30      50.53      71.8%      616.68      293.79      17.62      20.31      86.7%      14.67      18.84      77.9%      3.20      8.21      38.9%      0.10      1.29      3.61      1.03      0.44      39.06      11.29      1.22      0.13      0.41      4.23      8.68      1.38      0.78      0.34      0.22      0.19      1.10      2.51      1.60      0.63      0.06      0.06      0.16      0.00      0.13      0.09      0.03      0.00      0.00      0.00      0.00      2.35      1.38      1.69      0.60      0.06      1.50      2.57      58.5%      1.07      0.97      0.41      0.56      1.50      3.86      2.32      0.03      60.31      3.76      18.84      26.36      15.42      0.82      60.31      0.72      0.34      47.8%      0.38      52.2%      25.83      88.87      45.39      0.75      0.13      0.69      0.28      30.19      0.00      0.75      0.72      0.03      0.00      0.03      0.03      4.55      1.60      0.82      66.2%       https://fbref.com/req/202302030/images/headshots/e514ab62_2022.jpg
Anthony Gordon
MF 0.16      0.08      0.24      0.16      0.00      0.00      0.16      0.00      0.14      0.14      0.15      0.29      2.91      2.01      5.40      1.73      0.71      40.9%      0.09      0.22      18.80      0.20      0.08      +0.02      +0.02      18.98      29.26      64.9%      268.46      75.98      10.44      13.39      77.9%      5.95      8.82      67.4%      1.10      3.62      30.4%      0.12      1.38      1.06      0.83      0.32      25.56      3.51      0.98      0.08      0.12      4.69      0.24      1.97      1.02      0.71      0.00      0.20      1.10      3.03      1.50      0.55      0.24      0.12      0.55      0.08      0.20      0.04      0.08      0.00      0.00      0.08      0.00      2.13      1.26      0.79      1.18      0.16      0.83      2.32      35.6%      1.50      1.93      0.12      1.81      0.87      2.99      0.67      0.00      43.96      0.83      6.42      15.20      23.32      3.07      43.96      3.15      1.50      47.5%      1.65      52.5%      23.71      193.19      90.24      2.09      1.22      2.91      1.46      26.55      0.00      0.98      2.52      0.32      0.08      0.00      0.00      4.57      0.67      1.50      30.9%       https://fbref.com/req/202302030/images/headshots/2bd83368_2022.jpg
Chris Wood
FW 0.17      0.00      0.17      0.13      0.03      0.03      0.03      0.00      0.24      0.22      0.05      0.27      0.33      1.37      4.31      1.67      0.57      34.0%      0.08      0.24      12.40      0.00      0.13      -0.08      -0.08      11.59      21.28      54.5%      138.57      33.14      8.35      13.70      61.0%      2.10      4.28      49.2%      0.33      0.53      62.5%      0.03      0.63      1.50      0.20      0.00      21.01      0.13      0.00      0.03      0.10      0.23      0.00      0.03      0.03      0.00      0.00      0.13      0.77      1.54      1.17      0.00      0.07      0.13      0.17      0.00      0.13      0.10      0.00      0.00      0.00      0.03      0.00      0.30      0.17      0.03      0.13      0.13      0.13      0.40      33.3%      0.27      0.60      0.20      0.40      0.07      0.37      0.40      0.00      29.80      0.70      2.00      14.67      13.20      3.17      29.77      0.60      0.20      33.3%      0.40      66.7%      12.19      35.01      10.29      0.30      0.10      2.81      0.67      23.32      0.00      1.10      0.57      0.87      0.03      0.00      0.00      1.54      6.82      6.38      51.6%       https://fbref.com/req/202302030/images/headshots/4e9a0555_2022.jpg
Ryan Fraser
AM 0.12      0.18      0.31      0.12      0.00      0.00      0.18      0.00      0.17      0.17      0.13      0.29      2.15      2.09      5.28      1.47      0.43      29.2%      0.08      0.29      18.00      0.00      0.11      -0.04      -0.04      20.52      29.61      69.3%      328.79      99.52      12.10      14.38      84.2%      5.28      7.86      67.2%      2.46      5.16      47.6%      0.14      1.54      1.11      1.47      0.92      26.54      2.70      0.55      0.06      0.12      5.41      0.12      1.78      0.92      0.37      0.31      0.37      0.86      3.44      2.09      0.61      0.00      0.37      0.37      0.00      0.43      0.25      0.06      0.00      0.06      0.06      0.00      0.61      0.18      0.31      0.18      0.12      0.31      0.80      38.5%      0.49      0.68      0.06      0.61      0.68      1.29      0.68      0.00      36.25      1.35      6.27      11.80      18.49      2.58      36.25      0.25      0.06      25.0%      0.18      75.0%      22.73      111.99      59.59      1.41      0.68      1.35      0.68      25.19      0.00      0.61      1.47      0.12      0.00      0.00      0.00      3.75      0.31      1.35      18.5%       https://fbref.com/req/202302030/images/headshots/d56543a0_2022.jpg
Jamaal Lascelles
CB 0.04      0.00      0.04      0.04      0.00      0.00      0.22      0.00      0.04      0.04      0.02      0.06      0.00      0.79      0.22      0.74      0.17      23.5%      0.06      0.25      10.20      0.00      0.05      0.00      0.00      22.57      30.44      74.1%      440.34      154.20      5.82      8.05      72.3%      14.48      17.14      84.4%      1.88      4.15      45.3%      0.02      0.17      0.87      0.04      0.00      29.69      0.52      0.17      0.00      0.26      0.00      0.04      0.00      0.00      0.00      0.00      0.22      0.04      0.44      0.39      0.00      0.00      0.04      0.00      0.00      0.04      0.04      0.00      0.00      0.00      0.00      0.00      0.66      0.31      0.39      0.22      0.04      0.17      0.52      33.3%      0.35      1.66      1.22      0.44      0.96      1.62      5.29      0.04      41.50      9.66      27.29      11.46      2.93      2.27      41.50      0.09      0.04      50.0%      0.04      50.0%      18.06      68.88      30.04      0.09      0.04      0.39      0.09      21.12      0.00      0.74      0.17      0.00      0.00      0.13      0.09      3.76      3.89      1.36      74.2%       https://fbref.com/req/202302030/images/headshots/450ab6fc_2022.jpg
Martin Dúbravka
GK 1.35      4.08      2.77      67.9%      0.50      0.15      0.35      0.31      30.8%      0.04      0.04      0.00      0.00      0.0%      0.00      0.27      0.04      1.31      0.32      0.00      7.96      19.12      41.6%      23.27      3.38      46.3%      37.0      9.08      91.9%      60.5      13.85      0.85      6.1%      0.54      11.9       https://fbref.com/req/202302030/images/headshots/3a949a25_2022.jpg
Matt Ritchie
FB 0.00      0.13      0.13      0.00      0.00      0.00      0.34      0.00      0.05      0.05      0.13      0.18      0.54      3.23      2.69      0.67      0.07      10.0%      0.00      0.00      22.40      0.07      0.07      -0.05      -0.05      34.33      48.06      71.4%      615.59      299.21      17.64      19.39      91.0%      10.50      13.93      75.4%      5.32      12.18      43.6%      0.17      1.88      2.83      1.08      0.54      35.54      12.32      2.15      0.00      0.54      7.00      6.93      3.23      1.95      1.14      0.07      0.20      0.40      3.16      1.48      1.48      0.00      0.13      0.00      0.07      0.20      0.13      0.07      0.00      0.00      0.00      0.00      1.48      1.01      0.67      0.67      0.13      0.67      1.82      37.0%      1.14      0.67      0.13      0.54      0.88      2.36      1.75      0.00      55.74      2.89      17.30      22.95      15.95      0.47      55.74      0.40      0.27      66.7%      0.13      33.3%      25.04      91.08      39.31      0.54      0.07      0.74      0.34      27.53      0.00      0.88      0.61      0.00      0.00      0.00      0.00      4.71      0.94      1.14      45.2%       https://fbref.com/req/202302030/images/headshots/71ef519e_2022.jpg
Javier Manquillo
FB 0.07      0.14      0.21      0.07      0.00      0.00      0.36      0.00      0.02      0.02      0.02      0.04      0.43      1.58      1.79      0.29      0.14      50.0%      0.25      0.50      15.20      0.00      0.06      +0.05      +0.05      22.05      30.36      72.6%      295.92      116.06      13.89      15.97      87.0%      6.09      8.88      68.5%      0.86      2.72      31.6%      0.02      0.29      1.36      0.00      0.00      22.98      7.30      0.21      0.00      0.00      0.64      7.09      0.00      0.00      0.00      0.00      0.07      1.07      0.93      0.79      0.00      0.00      0.00      0.14      0.00      0.29      0.21      0.00      0.00      0.00      0.07      0.00      2.79      2.08      2.00      0.72      0.07      1.50      2.58      58.3%      1.07      1.07      0.43      0.64      0.72      3.51      2.29      0.00      41.03      4.01      17.47      15.39      8.52      0.57      41.03      1.29      0.72      55.6%      0.57      44.4%      15.32      72.89      31.65      0.79      0.00      1.00      0.21      16.47      0.00      0.64      1.22      0.07      0.00      0.00      0.00      4.08      1.15      0.93      55.2%       https://fbref.com/req/202302030/images/headshots/758dd7f0_2022.jpg
Jonjo Shelvey
MF 0.09      0.05      0.14      0.09      0.00      0.00      0.32      0.05      0.04      0.04      0.05      0.09      0.50      3.81      0.32      1.36      0.64      46.7%      0.07      0.14      27.80      0.27      0.03      +0.05      +0.05      33.72      43.03      78.4%      716.19      240.82      11.80      13.75      85.8%      13.57      15.93      85.2%      7.49      11.62      64.5%      0.07      0.73      4.13      0.41      0.05      39.08      3.81      1.63      0.18      0.77      1.95      0.14      1.23      0.64      0.36      0.05      0.14      0.45      1.95      1.50      0.32      0.05      0.00      0.05      0.05      0.05      0.05      0.00      0.00      0.00      0.00      0.00      1.36      0.77      0.54      0.82      0.00      0.64      1.54      41.2%      0.91      1.00      0.32      0.68      1.00      2.36      0.91      0.09      50.51      2.54      14.39      29.41      7.58      0.14      50.51      0.54      0.41      75.0%      0.14      25.0%      25.37      112.83      45.89      0.54      0.05      0.86      0.23      29.05      0.05      0.82      0.36      0.00      0.00      0.00      0.00      7.26      0.45      0.45      50.0%       https://fbref.com/req/202302030/images/headshots/3727dd3c_2022.jpg
Emil Krafth
FB 0.00      0.06      0.06      0.00      0.00      0.00      0.28      0.00      0.02      0.02      0.06      0.07      1.60      2.75      1.32      0.33      0.06      16.7%      0.00      0.00      20.40      0.00      0.05      -0.02      -0.02      30.35      42.96      70.6%      447.25      197.57      16.08      19.17      83.9%      11.18      15.81      70.7%      1.32      4.30      30.8%      0.04      0.33      1.93      0.39      0.06      33.38      9.42      0.33      0.00      0.06      1.16      9.09      0.00      0.00      0.00      0.00      0.17      0.94      1.05      0.61      0.22      0.06      0.06      0.06      0.06      0.11      0.11      0.00      0.00      0.00      0.00      0.00      2.04      0.88      1.38      0.61      0.06      1.49      1.98      75.0%      0.50      0.88      0.55      0.33      1.38      3.41      3.08      0.00      52.93      4.19      21.37      21.32      10.58      0.50      52.93      0.22      0.11      50.0%      0.11      50.0%      20.38      96.61      55.96      1.16      0.17      0.50      0.22      23.41      0.00      1.21      0.61      0.00      0.00      0.00      0.00      5.18      1.21      1.60      43.1%       https://fbref.com/req/202302030/images/headshots/77cf6852_2022.jpg
Karl Darlow
GK 1.88      4.63      2.88      64.9%      0.00      0.63      0.38      0.00      0.0%      0.25      0.25      0.00      0.00      0.0%      0.00      0.13      0.13      1.19      0.21      -0.56      9.00      20.38      44.2%      23.38      3.50      61.5%      44.5      7.75      77.4%      56.7      13.25      0.63      4.7%      0.50      10.5       https://fbref.com/req/202302030/images/headshots/cde3309f_2022.jpg