
Aaron Ramsdale
GK -0.01    1.13    69.9%    0.29    0.0%    32.5%        31.21    36.1%    4.43    50.6        4.2%    1.28    16.4    
Gabriel Dos Santos
CB 0.12    0.14    0.85    0.00    0.00    0.15    0.67        63.82    89.3%    4.41    0.46    0.07    1.41    0.37        1.41    0.74    1.29    3.46    2.49    
Bukayo Saka
AM 0.30    0.26    2.53    0.33    0.24    0.50    4.76        39.89    75.0%    3.01    4.79    1.85    6.66    13.86        1.50    0.45    1.10    0.60    0.48    
Martin Ødegaard
MF 0.34    0.27    2.60    0.18    0.26    0.53    5.04        52.40    81.6%    7.79    2.57    1.31    3.49    5.41        1.05    0.29    0.52    0.26    0.34    
Martinelli
AM 0.39    0.32    2.51    0.23    0.29    0.62    4.19        37.23    76.7%    3.03    4.01    2.12    6.98    11.67        0.85    0.39    0.83    0.44    0.60    
Granit Xhaka
MF 0.18    0.10    1.17    0.13    0.15    0.25    3.52        55.88    85.0%    7.02    1.24    0.48    3.04    5.20        1.19    0.43    0.84    1.24    1.09    
Ben White
FB 0.06    0.04    0.30    0.15    0.09    0.13    1.95        66.40    83.9%    7.38    1.80    0.27    1.53    3.87        1.86    0.69    1.41    2.34    0.96    
William Saliba
CB 0.09    0.04    0.21    0.03    0.04    0.07    0.50        73.38    91.5%    3.85    0.53    0.26    0.47    0.06        1.29    0.79    0.44    3.11    1.97    
Thomas Partey
MF 0.12    0.08    1.12    0.00    0.05    0.13    2.70        71.70    87.0%    8.24    1.00    1.08    0.89    0.89        2.62    1.12    0.85    1.50    1.31    
Oleksandr Zinchenko
FB 0.03    0.06    1.29    0.17    0.13    0.19    2.79        85.44    86.3%    10.31    3.00    0.73    1.71    3.97        1.85    1.01    0.84    1.39    2.09    
Gabriel Jesus
FW 0.39    0.60    3.45    0.24    0.21    0.81    4.23        30.94    80.5%    2.55    2.04    2.58    8.69    8.30        1.37    0.43    1.10    0.39    1.64    
Eddie Nketiah
FW 0.42    0.60    3.65    0.09    0.09    0.69    2.17        22.11    79.1%    1.39    2.82    1.16    6.80    6.66        0.60    0.09    0.74    0.46    0.97    
Leandro Trossard
FW 0.38    0.28    2.15    0.42    0.32    0.60    3.56        39.14    73.0%    4.71    3.37    1.15    5.79    8.78        0.77    0.42    1.30    0.15    0.31    
Takehiro Tomiyasu
FB 0.00    0.08    0.53    0.13    0.07    0.15    1.72        65.15    84.2%    7.69    2.05    0.46    1.99    3.25        2.85    1.52    0.73    2.39    2.05    
Kieran Tierney
FB 0.08    0.09    1.31    0.16    0.06    0.15    1.97        64.51    78.1%    5.49    3.20    0.33    1.72    4.51        1.64    0.90    0.82    1.97    0.41    
Rob Holding
CB 0.13    0.05    0.39    0.00    0.01    0.07    0.58        67.19    88.0%    4.35    0.52    0.07    0.71    0.13        0.91    0.71    1.04    3.57    3.38    
Jorginho
MF 0.00    0.01    0.31    0.00    0.04    0.05    2.59        72.93    87.7%    7.96    1.16    0.54    0.65    1.09        2.86    1.67    1.19    0.75    0.75    
Fabio Vieira
MF 0.16    0.25    2.36    0.32    0.30    0.55    4.02        43.98    81.7%    4.97    1.66    0.63    4.10    6.70        0.79    0.55    0.87    0.16    0.32    
Albert Sambi Lokonga
MF 0.00    0.02    0.23    0.00    0.04    0.05    1.99        55.96    90.8%    5.29    0.77    0.46    0.38    1.07        1.46    1.23    0.61    1.30    1.15    
Mohamed Elneny
MF 0.00    0.01    0.87    0.00    0.03    0.04    1.15        60.43    95.2%    4.18    0.43    0.00    0.14    0.29        1.59    0.87    0.58    1.15    0.58    
Emile Smith Rowe

Reiss Nelson

Cédric Soares
FB 0.20    0.04    1.19    0.20    0.14    0.20    2.19        81.24    76.7%    5.58    1.39    0.40    1.59    4.78        2.79    0.60    0.80    1.99    1.19    
Jakub Kiwior
CB 0.00    0.03    0.57    0.00    0.04    0.08    0.86        44.26    83.5%    2.53    0.67    0.29    0.91    0.33        1.43    1.24    1.57    3.86    1.38    
Marquinhos
AM 0.15    0.17    2.42    0.15    0.06    0.23    2.72        31.11    78.6%    1.96    1.81    1.06    2.72    6.19        0.76    0.60    0.60    1.21    1.21    
Ethan Nwaneri

Nathan Butler-Oyedeji

Amario Duberry

Karl Jakob Hein

Nicolas Pépé
FW 0.17    0.34    2.73    0.06    0.15    0.49    3.37        41.25    80.8%    3.14    2.79    2.09    5.35    9.53        1.57    0.17    1.10    0.06    0.41    
Matthew Smith

Lino Sousa

Matt Turner
GK +0.36    0.60    85.7%    0.31    0.0%    60.0%        35.80    35.0%    4.60    40.2        6.3%    2.60    16.6    
Reuell Walters
