
Ezri Konsa
CB 0.00    0.02    0.21    0.00    0.04    0.06    0.36        50.81    87.6%    1.43    0.21    0.15    0.60    0.30        1.11    0.63    0.99    3.53    1.58    
Emiliano Martínez
GK +0.10    1.12    74.2%    0.25    20.0%    33.3%        39.82    35.9%    6.61    39.6        11.1%    1.45    14.9    
Ollie Watkins
FW 0.46    0.43    2.61    0.20    0.11    0.54    2.23        17.08    69.3%    1.19    1.68    0.52    5.04    5.62        0.61    0.26    0.64    0.98    2.03    
Tyrone Mings
CB 0.00    0.01    0.11    0.06    0.05    0.06    0.57        53.06    84.0%    2.77    0.37    0.11    0.49    0.26        0.43    1.43    1.26    4.63    1.77    
Douglas Luiz
MF 0.16    0.10    0.97    0.16    0.11    0.21    3.05        57.85    83.5%    4.40    1.41    0.75    0.66    1.26        2.17    1.35    1.19    0.69    0.85    
Jacob Ramsey
MF 0.15    0.13    1.06    0.19    0.14    0.27    2.95        33.27    83.0%    3.75    3.29    0.87    2.84    3.56        2.57    0.98    1.85    1.17    0.61    
John McGinn
MF 0.03    0.08    1.37    0.13    0.12    0.19    2.47        35.76    77.8%    4.51    1.10    1.27    1.24    2.34        2.47    0.84    1.64    0.53    0.67    
Emi Buendía
MF 0.27    0.26    1.87    0.15    0.25    0.50    3.65        40.36    79.3%    5.67    2.17    0.99    3.27    4.80        2.06    0.76    0.72    0.61    0.76    
Leon Bailey
FW 0.20    0.25    2.38    0.15    0.18    0.43    2.59        25.77    62.4%    1.37    3.91    1.72    3.96    8.57        0.61    0.25    0.61    0.51    1.12    
Ashley Young
FB 0.05    0.02    0.58    0.00    0.05    0.06    1.83        53.52    75.6%    4.98    1.31    0.42    0.26    1.68        2.15    0.89    1.21    3.09    0.63    
Boubacar Kamara
MF 0.00    0.01    0.27    0.04    0.04    0.05    1.26        56.37    86.6%    4.84    0.72    0.58    0.54    0.72        2.74    1.12    1.66    1.48    1.30    
Matty Cash
FB 0.04    0.03    0.62    0.04    0.03    0.07    1.57        50.31    77.1%    3.68    2.44    0.87    1.12    3.18        2.44    1.16    1.24    2.07    0.62    
Lucas Digne
FB 0.05    0.02    0.48    0.14    0.16    0.18    2.41        57.12    77.1%    3.19    1.83    0.10    1.21    5.94        1.59    1.30    0.97    2.75    1.59    
Álex Moreno
FB 0.00    0.06    0.82    0.19    0.13    0.19    1.68        50.50    76.0%    2.66    3.89    1.23    2.59    6.17        1.93    0.92    1.23    2.56    0.63    
Danny Ings
FW 0.44    0.44    2.53    0.06    0.09    0.53    1.70        16.82    67.0%    1.26    1.48    0.88    5.00    5.39        0.93    0.27    1.15    0.99    1.54    
Philippe Coutinho
AM 0.16    0.15    2.64    0.00    0.06    0.21    3.29        47.12    78.4%    6.09    2.97    1.28    3.13    6.49        2.08    0.56    1.12    0.40    0.32    
Leander Dendoncker
MF 0.07    0.11    0.75    0.00    0.04    0.15    0.90        36.81    89.0%    2.69    0.30    0.22    1.42    1.20        2.39    1.35    1.20    1.42    0.75    
Calum Chambers
CB 0.00    0.01    0.26    0.00    0.05    0.06    1.16        48.80    82.1%    3.61    0.77    0.00    0.39    0.13        2.70    1.29    1.67    2.96    2.06    
Robin Olsen

Diego Carlos
CB 0.00    0.08    1.54    0.00    0.00    0.08    0.46        61.18    83.4%    2.93    0.00    0.00    1.39    0.00        1.08    0.77    1.08    2.62    1.70    
Jan Bednarek
CB 0.00    0.02    0.42    0.00    0.01    0.03    0.42        48.00    81.6%    2.28    0.30    0.06    0.78    0.12        1.56    2.76    1.92    4.13    2.22    
Ludwig Augustinsson

Bertrand Traoré

Jhon Durán
FW 0.55    0.55    3.93    0.21    0.12    0.67    1.93        19.74    70.6%    1.38    2.00    0.69    4.90    6.28        0.69    0.21    0.83    1.24    2.97    
Cameron Archer
FW 0.57    0.33    2.27    0.44    0.33    0.67    2.96        21.04    82.0%    1.51    2.14    1.20    6.05    6.80        0.57    0.06    0.57    0.19    0.19    
Morgan Sanson
MF 0.00    0.18    2.15    0.20    0.15    0.33    2.54        32.67    71.9%    3.62    2.45    0.78    2.35    4.89        2.45    1.66    1.57    0.59    1.08    
Lamare Bogarde

Tim Iroegbunam
MF 0.08    0.10    1.59    0.00    0.03    0.12    2.40        34.62    78.2%    3.50    2.08    1.10    1.87    2.32        2.61    1.02    1.83    0.86    1.26    
Filip Marshall

Marvelous Nakamba
MF 0.00    0.03    0.43    0.00    0.01    0.04    1.29        37.21    80.6%    4.57    0.64    0.79    0.43    0.29        4.07    1.07    1.21    0.71    1.29    
Travis Patterson

Seb Revan

Viljami Sinisalo

Sil Swinkels

James Wright

Kadan Young

Oliwier Zych
