
Jefferson Lerma
MF 0.10    0.07    0.96    0.00    0.06    0.13    1.36        43.64    81.5%    3.95    0.66    0.40    1.19    0.76        1.33    1.26    1.00    2.79    1.83    
Adam Smith
FB 0.00    0.02    0.18    0.04    0.03    0.05    0.77        38.46    75.5%    2.66    0.73    0.18    0.52    1.22        1.54    0.70    0.98    2.52    0.91    
Philip Billing
MF 0.26    0.14    1.21    0.04    0.11    0.26    1.66        33.61    77.2%    2.64    1.28    0.79    2.15    3.13        2.15    1.13    1.70    1.93    1.66    
Dominic Solanke
FW 0.19    0.31    2.59    0.23    0.13    0.44    2.05        16.61    68.1%    1.39    2.13    1.39    5.15    5.34        0.35    0.12    0.81    1.39    1.70    
Marcos Senesi
CB 0.09    0.07    0.26    0.00    0.02    0.09    0.52        44.69    79.0%    1.83    0.35    0.22    0.61    0.09        1.79    1.40    1.53    5.49    1.05    
Chris Mepham
CB 0.00    0.03    0.36    0.00    0.01    0.04    0.36        41.68    83.4%    1.69    0.09    0.13    0.58    0.04        1.56    1.34    1.74    6.24    2.05    
Neto
GK +0.03    1.47    75.8%    0.25    0.0%    22.7%        32.49    47.5%    8.53    45.4        6.9%    0.98    12.1    
Marcus Tavernier
MF 0.22    0.15    1.84    0.22    0.14    0.29    2.32        36.79    70.3%    2.59    3.24    2.11    2.92    6.97        1.73    0.49    1.24    1.24    0.92    
Lewis Cook
MF 0.00    0.01    0.29    0.11    0.13    0.14    2.01        38.87    78.5%    3.32    0.52    0.40    0.52    0.46        2.06    1.20    1.43    1.55    0.40    
Lloyd Kelly
CB 0.00    0.01    0.18    0.12    0.01    0.02    0.78        51.00    79.8%    1.86    0.48    0.06    0.42    0.18        1.32    1.14    1.20    4.02    1.80    
Jordan Zemura
FB 0.00    0.02    0.25    0.06    0.12    0.14    2.17        36.77    71.2%    2.79    2.41    1.11    1.92    2.97        2.41    0.99    1.92    1.98    0.43    
Ryan Christie
MF 0.07    0.12    1.50    0.00    0.08    0.20    3.06        31.63    80.0%    3.71    2.08    1.56    2.73    3.32        1.89    1.56    0.91    0.91    0.72    
Jack Stephens
CB 0.00    0.03    0.13    0.00    0.01    0.04    0.71        43.04    80.6%    2.38    0.77    0.19    0.45    0.19        1.48    1.48    1.80    3.99    1.09    
Kieffer Moore
FW 0.31    0.28    1.55    0.00    0.02    0.29    1.31        25.73    60.1%    1.70    0.77    0.15    3.48    3.79        1.00    0.08    0.77    1.62    4.40    
Dango Ouattara
MF 0.25    0.30    2.81    0.32    0.19    0.49    3.44        25.30    60.7%    2.11    3.37    1.93    4.91    8.21        2.21    1.12    1.26    1.40    2.21    
Jaidon Anthony
MF 0.24    0.18    1.71    0.00    0.06    0.24    2.85        37.50    73.7%    3.67    2.12    1.06    2.61    5.46        2.28    0.73    1.79    1.30    0.73    
Mark Travers
GK -0.66    2.95    51.7%    0.34    0.0%    20.0%        33.71    38.1%    10.38    45.7        2.4%    0.38    9.6    
Joe Rothwell
MF 0.00    0.01    0.25    0.13    0.13    0.14    2.26        39.09    83.9%    3.14    1.01    1.63    0.50    1.13        1.38    0.88    1.01    0.75    0.13    
Ryan Fredericks
FB 0.00    0.00    0.00    0.00    0.01    0.01    0.87        40.59    71.5%    2.46    2.17    0.43    1.01    4.62        0.43    0.43    1.01    3.90    0.87    
Hamed Junior Traorè
AM 0.00    0.18    1.73    0.23    0.23    0.41    4.21        37.52    69.3%    4.44    3.68    1.73    3.99    5.94        2.26    0.53    0.98    0.08    0.45    
Jack Stacey

Ben Pearson
MF 0.00    0.01    0.45    0.09    0.05    0.06    1.18        50.09    82.4%    3.18    1.00    0.27    0.09    0.36        2.09    1.91    0.82    1.45    0.91    
Antoine Semenyo
FW 0.44    0.36    2.73    0.25    0.18    0.53    2.22        22.55    65.9%    1.84    2.22    1.46    6.29    7.75        0.57    0.32    1.27    0.19    2.92    
Matías Viña

Siriki Dembélé

Junior Stanislas

David Brooks

Jamal Lowe
FW 0.14    0.10    1.09    0.14    0.10    0.20    1.97        18.45    66.4%    1.43    1.57    0.89    3.34    5.51        0.82    0.41    0.75    0.48    1.09    
Owen Bevan

Emiliano Marcondes

Illia Zabarnyi

Daniel Adu-Adjei

Michael DaCosta

Will Dennis

Ben Greenwood

James Hill

Cameron Plain

Euan Pollock

Darren Randolph

Dominic Sadi

Christian Saydee

Maxwell Wellings
