
David Raya
GK +0.11    1.39    76.6%    0.24    0.0%    27.8%        45.31    48.4%    7.33    52.2        9.3%    1.42    15.4    
Mathias Jensen
MF 0.17    0.11    0.93    0.17    0.13    0.24    3.36        48.30    70.2%    4.59    0.87    0.80    1.30    2.80        2.30    1.10    1.90    0.83    0.37    
Rico Henry
FB 0.03    0.05    0.64    0.06    0.09    0.14    1.31        34.44    71.8%    2.92    1.49    0.76    1.17    3.86        1.55    0.88    0.79    2.13    1.08    
Ben Mee
CB 0.10    0.06    0.63    0.00    0.01    0.07    0.79        48.02    75.7%    2.21    0.23    0.33    1.65    0.43        1.12    1.42    1.35    3.46    3.76    
Bryan Mbeumo
FW 0.13    0.25    2.02    0.20    0.21    0.45    3.03        29.70    66.3%    2.74    2.21    1.34    3.61    7.81        0.81    0.29    0.62    0.59    1.11    
Ivan Toney
FW 0.38    0.42    2.86    0.15    0.16    0.58    2.39        24.09    59.3%    2.42    0.44    0.53    5.25    4.93        0.77    0.47    0.71    1.03    3.45    
Ethan Pinnock
CB 0.08    0.10    0.42    0.00    0.04    0.14    0.79        37.46    77.8%    1.63    0.04    0.04    1.83    0.58        1.71    1.29    1.29    7.54    3.83    
Christian Nørgaard
MF 0.04    0.08    0.89    0.22    0.17    0.25    1.65        43.01    76.7%    3.93    0.18    0.36    2.01    0.36        2.64    1.79    1.56    2.01    1.03    
Vitaly Janelt
MF 0.14    0.10    0.57    0.05    0.06    0.16    2.13        43.08    79.0%    3.78    0.76    0.52    1.42    1.66        2.65    1.04    1.04    1.14    1.37    
Aaron Hickey
FB 0.05    0.02    0.47    0.00    0.01    0.03    0.79        37.72    81.9%    3.26    1.81    0.74    0.98    2.88        2.00    0.98    0.88    1.58    0.51    
Josh Dasilva
MF 0.19    0.10    1.02    0.13    0.10    0.19    2.74        38.87    80.3%    3.89    3.89    2.04    2.17    3.89        1.15    0.26    1.40    0.57    0.51    
Yoane Wissa
FW 0.42    0.29    2.15    0.18    0.15    0.44    2.03        20.57    68.0%    1.85    1.32    1.26    3.17    6.22        0.90    0.48    0.66    0.90    1.32    
Mads Roerslev
FB 0.00    0.02    0.24    0.00    0.09    0.11    1.13        24.48    65.0%    1.37    0.81    0.24    1.13    3.15        1.70    0.73    1.05    2.91    0.81    
Kristoffer Ajer
CB 0.08    0.03    0.17    0.00    0.02    0.05    0.99        42.24    76.0%    4.21    1.32    0.41    0.91    1.40        1.07    0.99    0.66    2.56    1.57    
Pontus Jansson
CB 0.17    0.06    0.50    0.00    0.00    0.06    0.25        40.18    82.6%    1.74    0.08    0.17    1.08    0.00        0.83    1.16    1.16    4.65    3.24    
Mathias Jørgensen
CB 0.00    0.05    0.33    0.00    0.01    0.05    0.44        40.17    80.6%    2.85    0.11    0.00    0.77    0.11        1.54    1.54    1.87    3.18    1.10    
Mikkel Damsgaard
MF 0.00    0.08    0.83    0.00    0.12    0.21    2.84        38.67    66.7%    4.26    0.95    0.95    2.60    4.14        2.84    1.18    1.77    1.42    0.71    
Frank Onyeka
MF 0.00    0.13    0.82    0.16    0.08    0.23    2.45        27.16    73.5%    3.27    0.49    0.33    2.45    1.80        2.13    0.98    1.64    2.13    0.82    
Shandon Baptiste
MF 0.00    0.05    0.49    0.00    0.13    0.16    2.30        44.10    84.7%    5.92    1.32    0.99    0.99    3.95        1.65    1.32    1.32    1.81    0.49    
Kevin Schade
AM 0.24    0.26    1.67    0.12    0.11    0.37    2.63        23.87    54.0%    1.79    3.58    1.79    5.97    8.12        1.91    0.48    0.72    0.84    4.54    
Keane Lewis-Potter

Saman Ghoddos

Sergi Canós

Mads Bech Sørensen
CB 0.00    0.00    0.20    0.00    0.00    0.00    0.59        66.37    77.4%    2.95    0.79    0.20    0.79    0.20        0.59    0.39    1.38    4.14    1.18    
Halil Dervişoğlu

Matthew Cox

Tristan Crama

Charlie Goode

Michael Olakigbe

Finley Stevens

Thomas Strakosha
GK -0.12    2.00    54.5%    0.43    20.0%        36.20    23.5%    4.80    23.9        0.0%    0.60    15.4    
Ryan Trevitt

Yehor Yarmoliuk
