
Kai Havertz
FW 0.23    0.38    2.78    0.06    0.16    0.54    2.66        33.08    79.2%    3.15    2.27    0.82    6.43    9.07        1.19    0.26    1.13    1.33    2.61    
Kepa Arrizabalaga
GK +0.19    0.92    77.0%    0.27    38.7%        37.65    19.1%    6.19    36.2        5.1%    1.81    17.7    
Marc Cucurella
CB 0.04    0.04    0.43    0.07    0.04    0.07    1.92        69.41    83.5%    4.33    1.78    0.46    1.07    3.73        3.20    1.07    1.56    2.52    1.10    
Thiago Silva
CB 0.00    0.06    0.66    0.06    0.01    0.07    0.90        79.95    90.9%    4.33    0.27    0.15    0.96    0.15        1.53    1.47    1.32    4.18    1.90    
Kalidou Koulibaly
CB 0.10    0.05    0.50    0.03    0.03    0.08    0.93        68.15    86.9%    3.64    0.63    0.30    0.96    0.13        1.95    1.32    1.72    3.71    1.92    
Mason Mount
MF 0.14    0.16    2.41    0.18    0.17    0.33    3.97        47.11    76.9%    6.49    2.91    0.92    4.08    7.73        1.88    0.46    1.14    0.43    0.50    
Raheem Sterling
FW 0.37    0.30    1.67    0.19    0.20    0.50    3.29        33.42    75.4%    3.55    3.74    1.78    5.59    9.36        0.85    0.07    0.63    0.19    0.30    
Ruben Loftus-Cheek
MF 0.00    0.06    0.65    0.05    0.09    0.15    2.32        58.13    86.6%    5.74    3.34    1.71    2.69    5.10        1.85    0.97    1.02    1.34    1.48    
Jorginho
MF 0.00    0.01    0.31    0.00    0.04    0.05    2.59        72.93    87.7%    7.96    1.16    0.54    0.65    1.09        2.86    1.67    1.19    0.75    0.75    
Mateo Kovačić
MF 0.08    0.09    1.20    0.04    0.11    0.20    3.32        69.93    86.3%    8.33    2.00    1.00    0.68    1.72        1.80    0.92    0.68    0.64    0.40    
Reece James
FB 0.07    0.08    1.35    0.18    0.21    0.29    3.84        77.28    85.1%    6.69    3.22    1.94    2.45    8.52        1.97    0.88    1.39    1.46    1.10    
Conor Gallagher
MF 0.09    0.17    1.80    0.05    0.15    0.32    2.89        47.56    79.1%    5.22    2.04    1.52    3.13    5.07        2.28    1.28    2.28    1.09    1.19    
Ben Chilwell
MF 0.11    0.07    1.10    0.11    0.19    0.27    3.10        61.56    77.7%    2.68    2.63    0.68    2.21    8.20        1.73    1.05    1.21    1.26    1.37    
Trevoh Chalobah
CB 0.00    0.06    0.74    0.00    0.02    0.09    0.64        68.50    90.5%    3.42    1.24    0.20    0.94    0.79        1.73    1.14    0.79    3.17    1.88    
César Azpilicueta
CB 0.00    0.02    0.44    0.00    0.06    0.09    1.68        75.72    84.3%    5.24    1.83    0.59    1.29    4.45        2.13    1.33    1.68    3.06    1.68    
Enzo Fernández
MF 0.05    0.20    2.11    0.29    0.22    0.43    4.35        98.95    85.1%    11.48    1.82    0.77    1.77    2.54        2.78    0.91    1.10    0.43    0.86    
João Félix
FW 0.28    0.39    3.88    0.14    0.12    0.51    3.93        34.02    75.4%    4.07    3.27    1.94    3.93    7.15        1.32    0.19    0.24    0.09    0.71    
Christian Pulisic
AM 0.23    0.24    2.11    0.23    0.16    0.40    3.54        34.67    80.0%    3.39    4.00    1.43    4.75    7.84        1.28    0.53    0.83    0.38    0.83    
Wesley Fofana
CB 0.10    0.07    0.58    0.00    0.01    0.08    0.89        63.94    88.6%    3.40    2.30    0.52    0.89    0.84        2.67    2.04    0.84    2.67    2.56    
Edouard Mendy
GK -0.12    1.15    66.1%    0.32    18.8%        30.55    19.0%    5.64    29.3        7.9%    1.21    15.3    
Benoît Badiashile
CB 0.11    0.10    0.68    0.00    0.05    0.16    1.18        61.79    87.2%    5.04    0.72    0.00    1.02    0.11        1.52    1.71    0.64    3.75    2.65    
Hakim Ziyech
AM 0.00    0.14    3.29    0.18    0.22    0.36    4.20        53.58    67.5%    6.66    3.83    2.01    3.10    11.23        1.83    0.55    1.19    0.55    0.18    
Mykhailo Mudryk
MF 0.26    0.20    1.79    0.34    0.09    0.29    2.47        26.27    70.5%    2.22    3.50    1.62    3.41    4.95        1.28    0.09    0.60    0.34    0.26    
Denis Zakaria
MF 0.11    0.04    0.55    0.11    0.02    0.07    0.99        34.95    87.1%    1.65    1.76    0.55    1.32    1.54        1.98    1.32    1.43    1.76    0.00    
Pierre-Emerick Aubameyang
FW 0.36    0.35    2.82    0.07    0.08    0.43    1.45        19.32    74.5%    1.23    1.37    0.22    4.85    5.86        0.07    0.14    0.65    0.58    0.43    
Lewis Hall

N'Golo Kanté
MF 0.00    0.14    1.28    0.00    0.23    0.37    4.90        64.70    86.3%    7.34    4.55    1.17    2.22    3.73        2.91    1.75    1.40    0.12    0.58    
Armando Broja
FW 0.15    0.22    1.74    0.00    0.01    0.23    1.31        17.74    69.7%    1.74    2.33    1.60    4.36    5.09        1.45    0.15    2.18    0.29    2.91    
Noni Madueke

Carney Chukwuemeka

Datro Fofana

Omari Hutchinson

Ethan Ampadu
MF 0.00    0.04    0.52    0.04    0.04    0.08    1.44        53.31    79.2%    4.59    0.93    0.30    0.56    0.52        2.44    1.26    1.67    3.26    2.48    
Marcus Bettinelli

Billy Gilmour
MF 0.00    0.09    1.28    0.00    0.02    0.13    1.28        66.32    89.0%    6.92    1.46    0.73    0.73    0.91        0.91    0.18    0.73    0.91    0.18    
Callum Hudson-Odoi
AM 0.08    0.09    1.09    0.08    0.17    0.26    4.21        39.32    82.0%    5.30    4.71    2.02    2.27    8.08        0.59    0.42    0.00    0.42    0.08    
Bashir Humphreys

Harvey Vale
