
Marc Guéhi
CB 0.03    0.04    0.39    0.03    0.03    0.07    0.78        58.09    86.1%    2.71    0.34    0.28    0.73    0.06        1.37    1.17    1.29    3.83    1.31    
Cheick Doucouré
MF 0.00    0.05    1.23    0.10    0.08    0.12    2.32        42.73    84.2%    5.11    0.66    0.50    0.43    0.50        2.75    1.96    1.56    1.36    0.80    
Tyrick Mitchell
FB 0.00    0.02    0.24    0.07    0.04    0.06    1.16        49.66    70.8%    3.07    0.78    0.44    0.95    2.66        2.25    1.30    1.40    2.49    0.89    
Jeffrey Schlupp
MF 0.10    0.13    1.03    0.03    0.06    0.20    1.74        32.26    74.2%    3.59    1.13    1.16    1.85    2.46        2.19    0.89    1.64    1.40    0.86    
Vicente Guaita
GK +0.01    1.17    73.6%    0.25    0.0%    26.7%        33.93    33.4%    7.60    37.2        6.7%    0.97    13.1    
Joachim Andersen
CB 0.03    0.05    0.67    0.00    0.04    0.09    0.76        63.80    78.5%    2.99    0.29    0.22    1.24    0.25        1.05    0.76    0.92    6.18    2.61    
Michael Olise
MF 0.08    0.10    1.58    0.31    0.28    0.39    4.54        46.48    69.4%    4.38    3.23    2.04    2.61    7.54        2.00    0.77    1.65    0.50    0.54    
Jordan Ayew
AM 0.15    0.12    1.08    0.07    0.10    0.21    2.52        29.26    75.7%    2.15    2.82    1.93    3.08    5.75        2.30    0.70    1.26    1.30    2.00    
Eberechi Eze
MF 0.29    0.18    2.14    0.14    0.15    0.33    3.74        40.55    77.9%    4.31    2.49    2.39    2.35    4.13        1.60    0.39    0.89    0.29    0.71    
Wilfried Zaha
FW 0.28    0.18    2.52    0.07    0.12    0.30    3.52        24.97    76.5%    2.95    3.09    2.17    5.11    9.02        1.39    0.53    0.85    0.28    0.32    
Joel Ward
FB 0.00    0.01    0.21    0.00    0.00    0.01    0.51        49.01    75.9%    3.95    0.68    0.42    0.76    1.70        1.49    1.15    1.27    3.48    2.33    
Nathaniel Clyne
FB 0.00    0.00    0.08    0.04    0.05    0.05    1.03        47.23    78.3%    2.97    0.91    0.33    0.12    1.78        1.36    0.95    0.99    2.11    0.41    
Odsonne Édouard
FW 0.20    0.20    1.89    0.10    0.06    0.27    2.34        20.95    72.0%    1.78    1.63    1.02    4.64    4.84        1.27    0.15    0.97    1.22    2.19    
Jean-Philippe Mateta
FW 0.26    0.52    3.38    0.00    0.07    0.59    1.30        18.66    68.4%    0.87    0.95    0.35    4.77    4.77        0.87    0.26    0.35    1.65    3.12    
Albert Sambi Lokonga
MF 0.00    0.02    0.23    0.00    0.04    0.05    1.99        55.96    90.8%    5.29    0.77    0.46    0.38    1.07        1.46    1.23    0.61    1.30    1.15    
Luka Milivojević
MF 0.00    0.05    0.97    0.00    0.05    0.10    1.29        46.13    82.2%    3.39    0.32    0.16    0.16    0.32        2.58    2.42    1.94    1.94    1.13    
Will Hughes
MF 0.00    0.03    0.50    0.13    0.09    0.13    1.63        42.68    77.1%    3.01    1.13    0.13    0.88    1.76        3.26    1.63    1.88    0.63    1.00    
Chris Richards

James Tomkins

Sam Johnstone

Joseph Whitworth

Naouirou Ahamada
MF 0.12    0.06    1.15    0.12    0.08    0.14    2.41        34.71    84.5%    3.50    2.66    1.27    1.57    3.92        1.21    0.48    1.09    0.42    0.42    
Jaïro Riedewald

Malcolm Ebiowei
AM 0.13    0.26    2.31    0.13    0.12    0.37    3.34        34.20    63.5%    2.70    3.86    3.73    3.99    7.97        2.96    0.77    0.39    0.13    0.64    
James McArthur

David Ozoh

Kofi Balmer

Jack Butland

Owen Goodman

John-Kymani Gordon

Killian Phillips

Luke Plange

Kaden Rodney

Jack Wells-Morrison
