
Tim Ream
CB 0.03    0.01    0.10    0.00    0.00    0.01    0.78        59.52    86.4%    4.39    0.84    0.32    0.45    0.06        0.94    1.32    1.39    3.65    1.49    
Andreas Pereira
AM 0.11    0.22    2.10    0.21    0.18    0.41    4.07        36.13    65.9%    4.21    1.82    0.56    2.28    4.63        0.60    0.18    0.74    0.28    0.32    
Harrison Reed
MF 0.11    0.06    0.67    0.07    0.10    0.15    2.32        39.58    77.1%    3.29    0.93    0.34    1.38    2.99        1.38    0.64    1.53    1.16    0.97    
Bernd Leno
GK +0.26    1.38    76.6%    0.28    0.0%    24.1%        40.72    28.1%    7.00    36.8        6.9%    1.21    14.9    
João Palhinha
MF 0.11    0.09    1.26    0.00    0.01    0.10    0.98        36.04    82.2%    3.03    0.18    0.36    1.05    0.61        4.12    1.34    1.41    1.95    2.02    
Antonee Robinson
FB 0.00    0.00    0.11    0.04    0.04    0.04    1.79        55.69    72.7%    3.84    3.22    1.10    0.95    4.72        1.79    1.50    1.57    2.34    1.14    
Bobby Reid
AM 0.16    0.15    1.15    0.04    0.07    0.21    2.11        33.51    70.5%    2.23    1.83    0.72    2.66    6.72        1.51    0.76    0.87    1.07    0.48    
Kenny Tete
FB 0.00    0.02    0.44    0.18    0.07    0.09    1.80        54.30    71.8%    3.51    2.59    0.70    0.88    2.37        2.89    1.67    1.58    2.94    1.18    
Aleksandar Mitrović
FW 0.40    0.38    3.97    0.05    0.10    0.49    2.63        22.29    60.1%    2.04    0.94    1.14    6.55    4.52        0.70    0.15    0.99    0.94    4.62    
Willian
AM 0.16    0.15    1.74    0.16    0.16    0.32    4.47        37.68    78.2%    4.74    4.16    1.63    3.21    6.26        0.63    0.47    0.53    0.32    0.42    
Issa Diop
CB 0.06    0.02    0.18    0.00    0.00    0.02    0.42        62.33    85.0%    3.41    0.60    0.12    0.48    0.18        1.37    1.61    1.20    3.23    1.49    
Tosin Adarabioyo
CB 0.06    0.02    0.56    0.00    0.01    0.04    0.93        53.07    80.7%    3.96    0.93    0.19    0.80    0.19        1.05    1.30    0.87    6.19    2.60    
Neeskens Kebano
AM 0.00    0.06    1.13    0.38    0.18    0.23    2.65        23.95    74.2%    2.65    4.66    1.13    3.40    7.94        1.51    0.13    1.51    1.01    0.13    
Carlos Vinícius
FW 0.24    0.20    1.68    0.12    0.07    0.28    1.20        16.52    61.6%    1.08    0.48    0.12    4.67    3.95        0.24    0.00    0.48    0.72    2.15    
Harry Wilson
AM 0.28    0.25    2.12    0.00    0.03    0.28    2.54        35.04    75.0%    3.25    1.27    1.27    2.97    7.35        2.40    0.57    1.41    1.41    0.57    
Daniel James
AM 0.20    0.26    1.78    0.10    0.11    0.37    1.69        23.59    62.6%    2.38    2.78    0.40    3.57    5.95        1.88    0.30    0.99    0.89    0.30    
Manor Solomon

Saša Lukić
MF 0.05    0.06    1.07    0.00    0.08    0.13    2.70        55.13    86.9%    3.67    1.83    0.36    1.43    2.09        1.83    0.81    1.22    0.97    1.27    
Marek Rodák

Layvin Kurzawa

Tom Cairney
MF 0.00    0.11    1.95    0.00    0.19    0.31    4.86        79.14    85.9%    10.38    3.89    0.97    3.24    5.51        2.11    0.49    1.62    0.32    1.14    
Kevin Mbabu

Jay Stansfield

Cédric Soares
FB 0.20    0.04    1.19    0.20    0.14    0.20    2.19        81.24    76.7%    5.58    1.39    0.40    1.59    4.78        2.79    0.60    0.80    1.99    1.19    
Nathaniel Chalobah
MF 0.00    0.08    0.99    0.00    0.01    0.08    1.13        39.44    75.0%    3.66    0.56    0.85    0.99    0.85        0.85    1.69    1.13    1.83    2.68    
Josh Onomah

Luke Harris

Shane Duffy

Tyrese Francois

Terry Ablade

Martial Godo

Rodrigo Muniz
FW 0.19    0.30    2.91    0.00    0.04    0.34    1.45        9.88    51.0%    0.78    0.78    0.58    4.07    4.55        0.87    0.29    0.10    1.16    4.26    
Stefan Parkes

Charlie Robinson

Kristian Sekularac

George Wickens
