
Illan Meslier
GK -0.38    1.92    62.0%    0.30    0.0%    15.8%        34.37    39.0%    7.68    42.7        7.0%    1.89    15.8    
Robin Koch
CB 0.00    0.04    0.39    0.00    0.01    0.04    0.48        46.34    77.0%    3.04    0.34    0.08    0.73    0.45        1.41    1.32    1.38    4.19    2.96    
Brenden Aaronson
AM 0.04    0.14    1.54    0.12    0.17    0.31    3.68        30.17    74.8%    3.33    1.70    1.35    2.61    5.66        1.58    0.20    1.58    0.24    0.28    
Jack Harrison
AM 0.16    0.15    1.41    0.20    0.13    0.29    3.62        37.01    63.6%    3.32    3.52    1.71    3.06    7.92        1.54    0.76    1.31    0.56    0.30    
Marc Roca
MF 0.04    0.06    1.25    0.09    0.10    0.16    1.98        51.24    76.6%    6.80    0.82    0.65    0.99    1.03        2.63    0.99    1.33    0.86    0.69    
Tyler Adams
MF 0.00    0.01    0.20    0.00    0.06    0.06    1.85        57.29    83.0%    5.87    0.95    0.32    0.28    0.91        3.59    1.46    2.13    1.14    1.14    
Pascal Struijk
CB 0.12    0.06    0.58    0.04    0.09    0.15    1.28        53.76    80.5%    4.66    0.93    0.35    1.13    1.83        3.30    1.24    1.28    2.80    2.14    
Rodrigo
FW 0.45    0.32    2.83    0.04    0.08    0.40    2.20        29.28    70.6%    2.29    1.93    0.58    4.49    6.74        0.81    0.31    0.67    1.08    1.53    
Luke Ayling
FB 0.05    0.10    0.89    0.05    0.09    0.19    1.36        51.75    70.2%    3.56    1.05    0.58    2.30    3.72        3.14    1.15    1.62    2.35    2.09    
Rasmus Nissen
FB 0.12    0.04    0.66    0.06    0.06    0.10    1.43        49.95    68.6%    3.64    0.83    0.42    1.19    3.99        3.22    1.61    1.43    2.74    1.55    
Liam Cooper
CB 0.06    0.06    0.69    0.00    0.05    0.11    0.97        49.09    78.4%    2.40    0.11    0.06    1.32    0.17        2.29    2.00    0.86    3.72    3.49    
Patrick Bamford
FW 0.23    0.45    2.96    0.16    0.07    0.52    1.71        19.87    71.4%    1.48    1.09    0.55    4.99    6.16        0.70    0.39    0.62    0.78    1.87    
Degnand Gnonto
AM 0.16    0.11    1.45    0.24    0.12    0.24    3.29        34.31    71.0%    2.41    4.74    1.37    2.81    9.72        1.85    0.32    1.45    0.56    0.40    
Luis Sinisterra
AM 0.43    0.34    2.80    0.00    0.04    0.39    3.45        35.63    80.7%    4.20    3.12    2.05    3.23    8.83        2.26    0.86    1.08    0.22    1.94    
Crysencio Summerville
AM 0.29    0.19    1.84    0.15    0.12    0.30    2.94        27.52    75.1%    2.94    3.46    1.62    4.42    5.52        1.69    0.66    1.25    0.66    0.29    
Junior Firpo
FB 0.06    0.01    0.25    0.12    0.07    0.09    1.43        43.22    76.7%    3.55    1.62    0.50    1.25    2.80        3.05    1.68    1.56    2.30    1.12    
Weston McKennie
MF 0.11    0.07    0.68    0.04    0.04    0.11    1.40        38.80    78.4%    4.19    1.32    0.72    1.47    3.21        1.55    1.32    1.55    1.44    1.28    
Maximilian Wöber
CB 0.00    0.05    0.78    0.09    0.11    0.16    1.29        48.23    67.0%    3.62    0.86    0.00    1.38    1.64        2.41    1.55    1.64    4.22    2.15    
Diego Llorente
CB 0.06    0.08    0.65    0.00    0.00    0.08    0.59        51.58    82.9%    2.49    0.12    0.30    0.77    0.12        1.72    1.60    0.77    2.55    1.72    
Sam Greenwood
MF 0.19    0.15    2.68    0.38    0.23    0.38    4.59        40.70    62.0%    3.06    1.53    0.19    1.34    1.53        2.87    0.57    1.91    0.38    0.57    
Daniel James
AM 0.20    0.26    1.78    0.10    0.11    0.37    1.69        23.59    62.6%    2.38    2.78    0.40    3.57    5.95        1.88    0.30    0.99    0.89    0.30    
Adam Forshaw

Georginio Rutter
FW 0.20    0.28    2.37    0.14    0.18    0.45    3.11        15.62    58.9%    2.23    2.77    2.98    5.95    6.56        1.08    0.54    1.08    0.68    1.28    
Joe Gelhardt
FW 0.26    0.31    2.48    0.17    0.11    0.42    2.91        21.45    78.5%    2.65    1.20    0.94    2.39    4.87        1.45    0.17    1.45    1.11    0.68    
Cody Drameh
FB 0.00    0.03    0.39    0.13    0.14    0.18    3.30        51.18    69.3%    4.14    2.26    1.16    1.49    5.56        3.43    1.29    1.75    2.52    1.10    
Mateusz Klich
MF 0.11    0.06    1.03    0.34    0.17    0.23    4.24        52.56    72.1%    6.41    1.26    1.15    1.72    3.32        2.06    0.80    1.60    0.34    0.23    
Mateo Joseph

Darko Gyabi

Jeremiah Chilokoa-Mullen

Leo Fuhr Hjelde
FB 0.00    0.03    0.80    0.00    0.02    0.06    1.49        33.89    54.1%    2.63    0.69    0.92    0.57    1.26        1.95    1.95    1.15    3.09    1.03    
Archie Gray

Kristoffer Klaesson

Diogo Monteiro

Sonny Perkins

Joel Robles
