
Alisson
GK +0.21    1.19    69.3%    0.35    40.0%    35.4%        38.88    17.8%    5.02    30.0        7.7%    1.96    19.2    
Mohamed Salah
FW 0.57    0.50    3.51    0.28    0.23    0.74    3.63        30.93    77.1%    3.84    3.21    1.13    7.94    12.14        0.47    0.17    0.61    0.09    0.21    
Trent Alexander-Arnold
FB 0.05    0.07    1.25    0.18    0.30    0.37    4.07        87.20    74.9%    7.63    1.55    0.69    1.81    5.32        2.06    1.22    0.92    1.07    0.41    
Virgil van Dijk
CB 0.07    0.09    1.11    0.02    0.01    0.10    0.74        76.17    89.6%    4.42    0.40    0.10    2.12    0.22        0.81    0.86    0.64    3.56    2.86    
Andrew Robertson
FB 0.06    0.06    0.61    0.26    0.19    0.24    3.65        76.87    79.7%    5.74    2.72    0.58    2.14    7.48        1.22    0.75    0.99    1.68    0.75    
Fabinho
MF 0.03    0.03    0.56    0.03    0.06    0.09    1.96        61.78    87.7%    4.94    0.53    0.31    0.62    1.37        2.13    1.29    1.37    0.93    1.12    
Jordan Henderson
MF 0.00    0.05    0.87    0.11    0.11    0.16    3.16        72.80    84.4%    8.47    1.42    0.40    1.49    2.87        1.67    0.84    0.95    0.62    0.36    
Darwin Núñez
FW 0.61    0.77    4.84    0.19    0.25    1.02    2.58        21.41    64.7%    1.55    3.33    0.99    8.50    10.09        0.61    0.19    0.66    0.56    1.64    
Harvey Elliott
MF 0.14    0.14    1.98    0.09    0.17    0.30    3.87        55.12    79.9%    6.81    2.99    1.15    3.08    7.09        1.43    0.87    1.66    0.51    0.18    
Joe Gomez
CB 0.00    0.01    0.35    0.05    0.03    0.05    1.24        79.76    83.7%    6.88    1.29    0.20    0.49    0.84        1.83    1.43    0.99    2.82    2.57    
Thiago Alcántara
MF 0.00    0.04    0.93    0.09    0.10    0.15    3.35        80.77    88.2%    10.28    1.02    1.24    0.44    1.54        3.05    1.68    1.50    0.79    0.97    
Roberto Firmino
FW 0.59    0.32    2.69    0.32    0.24    0.56    3.77        44.68    78.9%    5.97    1.40    1.40    6.08    7.86        1.40    0.70    1.24    0.27    1.18    
Ibrahima Konaté
CB 0.00    0.06    0.62    0.00    0.01    0.08    0.95        66.74    87.0%    3.79    0.62    0.66    1.14    0.24        2.18    1.37    0.95    3.69    2.51    
Cody Gakpo
FW 0.48    0.32    2.64    0.24    0.13    0.45    2.88        24.00    73.8%    2.94    2.40    1.26    4.14    7.14        1.32    0.42    0.78    0.18    1.62    
Joël Matip
CB 0.17    0.10    0.79    0.06    0.06    0.16    1.23        71.27    87.6%    5.44    2.36    0.34    1.91    0.17        1.85    1.29    0.62    3.25    2.19    
Diogo Jota
FW 0.22    0.38    2.78    0.56    0.27    0.65    3.62        30.45    73.9%    3.17    2.56    1.11    6.40    7.79        1.56    0.28    0.33    0.67    1.34    
Luis Díaz
AM 0.37    0.26    3.14    0.25    0.18    0.44    4.55        38.51    82.9%    3.69    3.45    2.71    6.34    11.81        1.23    0.18    0.86    0.06    1.29    
Kostas Tsimikas
FB 0.00    0.06    0.84    0.46    0.23    0.29    4.18        71.89    75.1%    3.88    3.42    0.61    3.65    9.97        1.90    0.91    1.07    1.83    1.14    
James Milner
MF 0.00    0.04    0.74    0.07    0.11    0.15    3.76        71.48    79.8%    7.16    1.77    1.03    2.21    6.64        2.88    1.18    1.77    1.33    1.25    
Stefan Bajcetic
MF 0.14    0.11    1.13    0.00    0.06    0.17    1.98        47.34    77.8%    4.25    1.42    1.13    0.71    0.28        2.13    1.42    0.99    0.57    1.28    
Curtis Jones
MF 0.00    0.09    1.65    0.12    0.13    0.22    4.12        59.41    88.1%    6.59    2.71    1.65    3.53    5.53        2.24    0.24    0.82    0.71    0.71    
Fabio Carvalho
MF 0.40    0.26    2.97    0.00    0.04    0.30    2.77        38.37    82.5%    3.56    2.37    0.79    6.13    5.93        1.98    0.99    1.78    0.00    0.79    
Alex Oxlade-Chamberlain

Naby Keïta
MF 0.12    0.24    2.37    0.12    0.25    0.49    3.24        51.16    79.3%    4.98    2.37    1.12    3.11    4.61        2.12    0.87    1.74    1.37    0.62    
Nathaniel Phillips

Ben Doak

Bobby Clark

Adrián

Luke Chambers

Harvey Davies

Sepp van den Berg

Caoimhín Kelleher

Arthur Melo

Calvin Ramsay

Rhys Williams
CB 0.00    0.03    0.23    0.00    0.00    0.03    0.23        38.93    79.0%    1.56    0.08    0.00    0.55    0.00        1.01    1.32    0.55    4.36    2.18    