
Ederson
GK -0.13    0.93    66.0%    0.28    0.0%    37.8%        35.27    20.5%    4.40    33.2        6.6%    1.13    17.1    
Rodri
MF 0.14    0.13    1.66    0.17    0.10    0.23    2.67        92.27    91.8%    7.99    2.10    0.73    2.01    1.09        2.27    1.09    1.14    1.14    2.44    
Erling Haaland
FW 1.12    0.78    3.79    0.18    0.17    0.94    2.20        15.73    73.6%    1.65    1.06    0.38    6.97    4.50        0.15    0.12    0.35    0.35    1.47    
Kevin De Bruyne
MF 0.31    0.22    2.55    0.62    0.52    0.74    6.59        59.20    73.1%    8.81    4.07    1.15    3.56    9.01        1.04    0.28    0.84    0.45    0.36    
İlkay Gündoğan
MF 0.21    0.27    2.18    0.12    0.13    0.39    3.61        61.54    87.4%    6.60    2.06    0.63    3.14    4.69        1.10    0.75    0.66    0.54    0.78    
Bernardo Silva
MF 0.18    0.09    0.98    0.24    0.15    0.24    3.42        63.89    87.1%    5.71    4.10    1.49    4.13    7.47        2.02    0.68    0.83    0.27    0.12    
Jack Grealish
AM 0.20    0.19    1.96    0.26    0.29    0.48    5.12        48.81    84.7%    4.40    6.61    2.22    6.52    13.72        1.01    0.39    0.78    0.49    0.62    
Manuel Akanji
CB 0.00    0.06    0.61    0.03    0.02    0.08    1.16        82.42    92.5%    4.92    1.00    0.19    1.16    0.55        1.64    0.71    1.25    1.45    0.96    
Nathan Aké
CB 0.04    0.06    0.51    0.00    0.04    0.09    1.06        87.52    90.6%    7.19    1.18    0.20    1.26    1.45        1.38    0.98    0.75    2.00    1.89    
Rúben Dias
CB 0.03    0.11    0.75    0.03    0.02    0.13    0.88        86.91    92.9%    4.17    0.55    0.26    1.27    0.07        1.24    0.85    1.07    2.57    2.08    
John Stones
MF 0.09    0.04    0.54    0.13    0.09    0.13    1.03        72.33    92.3%    5.25    1.12    0.36    1.12    1.93        0.90    0.49    0.72    1.84    1.39    
Phil Foden
AM 0.49    0.32    2.23    0.33    0.22    0.53    4.63        51.20    79.8%    3.94    2.80    1.71    6.38    13.29        0.89    0.49    0.93    0.37    0.73    
João Cancelo
FB 0.09    0.08    1.51    0.30    0.17    0.25    2.67        84.76    84.1%    7.06    4.33    2.06    3.00    8.45        2.12    1.21    0.73    0.97    1.67    
Riyad Mahrez
MF 0.30    0.28    2.20    0.34    0.31    0.59    5.38        54.35    82.6%    3.86    3.98    1.48    5.60    11.66        1.31    0.25    1.02    0.13    0.34    
Kyle Walker
FB 0.00    0.02    0.19    0.00    0.01    0.03    1.24        87.03    85.5%    7.29    2.53    0.62    0.80    3.77        0.93    0.74    0.62    0.80    0.99    
Julián Álvarez
FW 0.52    0.40    2.81    0.13    0.14    0.55    3.40        26.78    78.5%    2.16    1.89    0.85    5.03    6.01        1.24    0.20    0.78    0.33    0.59    
Aymeric Laporte
CB 0.06    0.09    0.86    0.00    0.02    0.10    1.44        80.91    93.0%    6.79    2.13    0.12    0.98    0.69        0.81    0.40    0.86    2.36    2.24    
Rico Lewis
FB 0.14    0.05    0.68    0.00    0.12    0.18    2.58        70.69    91.7%    4.35    2.99    0.68    1.77    2.99        1.90    0.41    0.82    1.09    0.14    
Sergio Gómez
FB 0.00    0.09    2.07    0.38    0.13    0.23    2.44        83.80    87.9%    7.52    2.07    0.94    2.25    6.76        1.69    0.75    1.69    1.32    1.50    
Cole Palmer

Kalvin Phillips
MF 0.00    0.03    0.52    0.00    0.01    0.03    1.43        62.35    83.9%    5.87    0.39    0.52    0.52    0.52        3.78    1.43    1.83    1.43    0.65    
Máximo Perrone
MF 0.13    0.12    0.53    0.26    0.07    0.18    1.32        33.16    78.6%    3.03    0.66    1.05    0.66    1.05        3.95    1.32    1.84    1.18    0.92    
Scott Carson

Liam Delap
FW 0.15    0.32    2.29    0.00    0.03    0.34    1.78        12.70    52.6%    0.87    2.04    1.02    4.69    6.58        0.36    0.05    0.46    0.61    2.09    
Claudio Gomes

Ben Knight

Luke Mbete-Tatu

Stefan Ortega
GK +0.70    1.00    83.3%    0.25    20.0%        55.60    29.1%    7.20    40.0        4.0%    1.60    19.6    
Josh Wilson-Esbrand
FB 0.00    0.06    0.98    0.00    0.17    0.22    3.77        42.28    72.6%    3.35    4.74    2.65    2.09    6.00        2.09    0.42    0.28    0.98    0.84    