
Gavin Bazunu
GK -0.52    1.75    54.2%    0.28    50.0%    12.5%        39.16    50.2%    7.41    50.0        7.9%    1.50    15.1    
James Ward-Prowse
MF 0.22    0.08    1.30    0.08    0.16    0.24    3.43        59.38    78.3%    5.57    0.54    0.19    0.76    1.35        1.59    1.35    0.78    1.19    1.24    
Kyle Walker-Peters
FB 0.04    0.04    0.49    0.00    0.04    0.07    1.51        43.98    75.9%    3.27    3.23    1.58    1.69    3.94        1.97    0.91    1.58    1.79    0.81    
Mohamed Elyounoussi
MF 0.00    0.12    1.39    0.04    0.09    0.21    1.85        26.71    67.5%    2.23    2.15    0.88    2.02    4.17        1.81    1.10    1.60    1.56    1.52    
Che Adams
FW 0.22    0.27    1.96    0.13    0.13    0.40    2.62        22.89    65.9%    1.61    0.70    0.78    4.36    4.80        0.78    0.22    0.61    0.87    2.79    
Armel Bella Kotchap
CB 0.00    0.05    0.76    0.09    0.05    0.10    0.71        45.19    79.8%    2.12    0.52    0.19    1.04    0.09        1.75    2.17    1.32    4.77    1.98    
Mohammed Salisu
CB 0.00    0.06    0.82    0.04    0.03    0.09    1.19        53.52    73.0%    3.57    0.19    0.33    1.04    0.19        2.34    1.45    2.41    5.57    2.71    
Romain Perraud
FB 0.09    0.06    1.42    0.09    0.09    0.15    1.95        43.45    69.5%    2.92    1.73    0.49    1.77    5.93        2.65    1.02    1.19    2.08    0.75    
Roméo Lavia
MF 0.05    0.02    0.47    0.00    0.03    0.04    1.68        40.17    86.4%    4.41    0.89    1.10    0.00    0.63        2.36    1.36    1.73    0.89    0.31    
Jan Bednarek
CB 0.00    0.02    0.42    0.00    0.01    0.03    0.42        48.00    81.6%    2.28    0.30    0.06    0.78    0.12        1.56    2.76    1.92    4.13    2.22    
Adam Armstrong
FW 0.07    0.13    1.48    0.07    0.05    0.17    1.41        20.90    71.7%    1.28    2.69    0.74    3.50    4.77        0.87    0.27    1.08    0.40    0.47    
Joe Aribo
FW 0.20    0.16    1.11    0.00    0.08    0.24    2.22        28.67    71.4%    3.06    1.50    1.24    3.65    5.21        2.15    0.85    1.17    0.72    2.41    
Ainsley Maitland-Niles
FB 0.00    0.00    0.14    0.00    0.05    0.05    1.85        44.50    78.8%    3.71    1.07    0.93    0.57    2.07        3.21    1.57    1.71    2.71    1.28    
Stuart Armstrong
MF 0.07    0.12    1.66    0.00    0.14    0.26    3.58        43.91    79.2%    4.91    3.58    1.33    2.52    5.57        1.86    0.53    1.46    0.73    0.40    
Ibrahima Diallo
MF 0.00    0.02    0.57    0.00    0.02    0.04    1.23        43.77    78.6%    3.21    0.85    0.76    0.38    0.57        2.74    0.57    1.04    1.23    1.51    
Duje Ćaleta-Car
CB 0.08    0.06    0.38    0.00    0.05    0.11    0.61        60.49    86.8%    3.07    0.23    0.00    0.92    0.00        1.15    1.54    1.00    5.53    1.77    
Theo Walcott
FW 0.24    0.21    1.67    0.12    0.13    0.36    2.50        20.50    68.0%    0.72    1.43    0.83    3.58    5.72        0.95    0.83    0.60    0.60    0.72    
Kamaldeen Sulemana
AM 0.07    0.19    2.64    0.15    0.09    0.28    3.52        30.02    75.6%    3.88    3.37    3.59    4.76    9.67        1.46    0.66    1.24    0.51    0.66    
Lyanco
CB 0.00    0.03    0.88    0.00    0.01    0.03    0.78        41.25    70.9%    2.15    0.49    0.49    0.68    0.20        2.05    1.46    1.66    4.97    2.05    
Carlos Alcaraz
FW 0.49    0.16    2.91    0.16    0.08    0.26    2.59        27.68    77.2%    2.27    1.46    1.13    2.91    3.40        0.81    0.16    1.78    1.30    0.97    
Moussa Djenepo
FB 0.00    0.03    0.56    0.28    0.07    0.10    2.22        32.08    74.0%    2.50    3.47    2.36    2.08    5.28        2.36    1.53    2.08    0.83    0.42    
Samuel Edozie
AM 0.00    0.15    1.30    0.00    0.05    0.20    2.93        25.43    67.9%    1.96    3.75    1.63    4.73    6.03        2.61    0.98    1.14    0.98    0.98    
Sekou Mara
FW 0.46    0.33    2.88    0.23    0.15    0.47    2.30        16.80    67.8%    1.04    1.15    1.84    4.14    4.95        1.96    0.12    1.38    0.92    3.11    
Paul Onuachu

James Bree
CB 0.00    0.03    0.71    0.14    0.28    0.31    3.64        46.18    63.8%    4.32    1.50    0.43    0.79    3.93        1.39    0.89    0.89    2.25    1.54    
Juan Larios

Oriol Romeu
MF 0.10    0.06    0.70    0.03    0.04    0.10    1.74        48.99    83.6%    3.97    0.53    0.60    1.27    0.57        2.17    1.17    1.44    1.17    1.44    
Yan Valery
CB 0.00    0.03    0.40    0.00    0.08    0.11    1.41        45.15    72.1%    2.52    2.65    1.24    0.57    2.96        1.86    1.24    1.33    2.87    1.33    
Jack Stephens
CB 0.00    0.03    0.13    0.00    0.01    0.04    0.71        43.04    80.6%    2.38    0.77    0.19    0.45    0.19        1.48    1.48    1.80    3.99    1.09    
Mislav Oršić
FW 0.36    0.20    2.35    0.00    0.05    0.25    1.81        31.69    70.3%    2.72    2.35    0.36    1.81    7.79        1.09    0.36    0.18    0.00    0.00    
Nathan Redmond

Willy Caballero

Ryan Finnigan

Alex McCarthy

Jimmy Morgan

Lewis Payne
