
Harry Kane
FW 0.51    0.43    3.46    0.11    0.15    0.58    3.57        24.96    66.8%    4.71    1.70    1.16    4.71    6.20        0.29    0.11    0.54    0.51    1.92    
Pierre Højbjerg
MF 0.12    0.05    0.87    0.16    0.08    0.14    2.83        67.86    88.9%    7.05    1.17    0.82    0.98    1.90        1.62    1.45    1.38    1.78    0.68    
Eric Dier
CB 0.05    0.06    0.66    0.02    0.03    0.09    0.92        66.59    86.5%    2.84    0.29    0.07    0.92    0.39        0.92    1.17    1.09    3.74    2.60    
Son Heung-min
AM 0.42    0.33    2.67    0.13    0.20    0.53    3.80        29.10    72.3%    2.43    2.77    0.90    3.17    6.31        0.85    0.32    0.74    0.24    0.29    
Hugo Lloris
GK -0.03    1.32    69.5%    0.29    0.0%    34.3%        31.66    29.3%    7.49    26.1        7.1%    1.24    14.2    
Cristian Romero
CB 0.00    0.04    0.36    0.00    0.01    0.05    0.87        61.18    87.4%    3.79    1.04    0.49    0.61    0.49        2.36    1.49    1.39    3.56    2.10    
Ivan Perišić
FB 0.12    0.10    1.14    0.34    0.28    0.38    3.54        47.46    66.6%    3.23    3.72    0.89    3.84    7.69        1.85    0.86    1.26    2.15    1.41    
Ben Davies
CB 0.07    0.04    0.71    0.07    0.08    0.13    1.49        54.22    83.4%    4.73    1.62    0.30    1.15    2.67        0.98    0.91    0.84    3.07    2.43    
Dejan Kulusevski
AM 0.16    0.13    1.75    0.32    0.19    0.31    4.18        33.56    77.9%    2.79    3.66    2.19    4.74    8.64        1.79    0.56    0.76    0.28    0.12    
Clément Lenglet
CB 0.04    0.04    0.50    0.08    0.04    0.09    1.00        69.61    87.0%    5.14    1.51    0.19    0.77    0.66        2.01    1.00    1.20    2.39    1.82    
Rodrigo Bentancur
MF 0.22    0.11    0.93    0.19    0.11    0.22    2.45        57.09    85.7%    5.38    1.48    1.15    1.15    1.19        2.56    1.34    1.37    1.34    1.04    
Emerson
FB 0.08    0.10    1.10    0.04    0.04    0.14    1.67        54.30    80.4%    4.19    2.59    0.65    2.59    6.39        2.82    0.76    0.84    3.20    1.26    
Oliver Skipp
MF 0.08    0.02    0.53    0.00    0.05    0.07    1.80        48.68    86.3%    4.43    1.35    0.60    0.45    1.95        1.95    0.90    1.20    1.35    0.53    
Ryan Sessegnon
FB 0.13    0.13    1.41    0.06    0.23    0.36    2.69        40.10    72.8%    2.11    2.50    0.45    3.40    6.85        2.37    0.58    1.09    2.18    1.02    
Richarlison
AM 0.22    0.27    2.54    0.22    0.22    0.49    3.30        25.23    66.0%    2.32    2.49    0.92    5.73    6.32        1.46    0.49    1.19    0.86    1.89    
Yves Bissouma
MF 0.07    0.02    0.52    0.07    0.05    0.07    2.06        58.82    89.6%    4.42    0.96    0.66    0.07    0.52        1.62    1.03    1.55    1.40    0.74    
Pedro Porro
FB 0.08    0.11    1.61    0.16    0.17    0.28    3.13        52.27    71.6%    3.05    2.81    1.36    1.53    6.82        2.33    0.88    1.61    2.09    0.16    
Fraser Forster
GK -0.07    1.60    64.8%    0.33    50.0%    25.0%        28.56    26.9%    6.08    28.3        4.1%    1.60    17.0    
Matt Doherty
FB 0.12    0.11    1.67    0.00    0.04    0.14    2.38        53.45    80.6%    2.86    2.14    0.60    3.57    7.50        2.02    1.19    1.67    1.79    2.62    
Davinson Sánchez
CB 0.00    0.03    0.46    0.00    0.02    0.05    0.64        66.90    87.7%    3.76    0.55    0.37    1.01    0.55        2.11    1.47    1.47    3.39    2.29    
Pape Matar Sarr
MF 0.00    0.13    1.39    0.14    0.07    0.20    2.09        46.81    88.1%    5.57    1.39    1.25    0.28    0.42        3.07    2.09    1.25    1.25    0.98    
Bryan
AM 0.08    0.21    1.49    0.24    0.11    0.32    2.83        37.30    76.2%    3.14    2.91    1.73    2.59    8.80        2.04    0.79    1.02    0.94    0.24    
Japhet Tanganga

Lucas Moura
AM 0.00    0.06    0.95    0.19    0.25    0.30    4.55        39.22    68.6%    4.74    2.46    1.52    3.98    7.20        2.08    0.76    1.14    0.19    1.33    
Arnaut Danjuma
FW 0.28    0.35    2.07    0.00    0.06    0.40    2.07        18.80    68.4%    0.83    2.35    0.83    4.01    6.64        0.69    0.00    0.14    0.28    0.00    
Djed Spence
FB 0.00    0.06    0.68    0.00    0.02    0.08    1.94        52.06    85.6%    3.87    3.65    1.94    1.82    3.65        1.59    0.80    1.48    1.94    1.03    
Harvey White

George Abbott

Brandon Austin

Alfie Devine

Romaine Mundle
