
Declan Rice
MF 0.08    0.04    1.02    0.03    0.10    0.14    2.71        58.92    87.2%    6.35    2.52    0.86    0.67    1.02        2.36    1.85    1.23    1.90    1.15    
Jarrod Bowen
AM 0.19    0.24    2.09    0.16    0.18    0.43    3.01        24.75    62.5%    2.03    2.84    1.08    4.31    6.18        1.06    0.87    1.22    0.62    0.95    
Łukasz Fabiański
GK +0.09    1.29    71.5%    0.27    75.0%    25.8%        30.15    53.0%    7.22    44.7        6.4%    0.61    11.9    
Tomáš Souček
MF 0.03    0.14    1.13    0.06    0.05    0.19    1.60        31.26    71.2%    2.96    0.38    0.09    2.52    1.42        2.30    1.67    1.45    2.26    3.58    
Thilo Kehrer
CB 0.00    0.02    0.31    0.09    0.03    0.04    0.94        46.64    83.7%    2.60    0.72    0.36    0.76    1.39        1.66    1.39    0.81    2.82    1.30    
Kurt Zouma
CB 0.08    0.11    0.83    0.04    0.03    0.14    0.45        41.17    86.8%    1.17    0.19    0.08    1.21    0.04        0.38    1.14    0.83    5.27    2.35    
Lucas Paquetá
MF 0.13    0.16    2.21    0.09    0.09    0.26    3.45        50.99    79.5%    6.19    0.80    1.06    2.39    3.53        2.92    0.66    1.72    1.46    1.46    
Aaron Cresswell
FB 0.00    0.02    0.41    0.04    0.15    0.17    2.69        62.03    79.1%    5.95    1.57    0.07    0.67    3.14        0.90    1.12    0.86    2.47    1.20    
Saïd Benrahma
AM 0.13    0.18    3.00    0.13    0.19    0.37    3.97        33.92    76.2%    3.27    4.42    1.90    3.71    10.51        1.19    0.40    0.79    0.49    0.18    
Vladimír Coufal
FB 0.00    0.01    0.20    0.08    0.08    0.09    2.13        49.30    64.1%    3.53    2.29    0.16    0.88    4.78        2.13    1.49    1.16    2.69    1.41    
Michail Antonio
FW 0.34    0.31    1.77    0.14    0.08    0.39    2.06        17.09    53.8%    1.34    2.11    1.20    3.83    5.79        0.77    0.24    0.86    0.29    2.44    
Nayef Aguerd
CB 0.07    0.09    0.52    0.00    0.03    0.12    0.65        47.67    82.0%    2.08    0.13    0.26    1.04    0.26        1.24    1.04    1.24    3.84    1.95    
Pablo Fornals
AM 0.10    0.14    1.35    0.10    0.16    0.30    3.23        47.55    71.6%    5.25    1.72    0.52    1.72    5.72        1.77    0.94    1.46    0.57    0.57    
Emerson Palmieri
FB 0.08    0.05    0.69    0.00    0.07    0.13    2.30        51.47    78.4%    3.60    2.60    0.54    1.76    3.60        2.07    0.77    1.30    2.37    1.23    
Gianluca Scamacca
FW 0.41    0.30    2.90    0.00    0.08    0.38    2.34        19.10    68.6%    1.72    1.17    0.69    3.93    4.97        0.83    0.28    0.41    0.62    1.45    
Angelo Ogbonna
CB 0.00    0.03    0.34    0.00    0.02    0.04    0.45        26.61    80.7%    0.45    0.00    0.00    0.67    0.11        1.23    1.34    0.67    5.14    1.79    
Ben Johnson
FB 0.00    0.00    0.09    0.00    0.04    0.04    1.34        52.44    73.8%    4.21    1.26    0.81    0.09    2.51        2.42    0.90    1.26    2.96    1.34    
Craig Dawson
CB 0.04    0.06    0.76    0.00    0.00    0.06    0.76        50.46    83.0%    2.37    0.16    0.08    1.45    0.12        0.88    0.60    1.97    4.30    2.05    
Danny Ings
FW 0.44    0.44    2.53    0.06    0.09    0.53    1.70        16.82    67.0%    1.26    1.48    0.88    5.00    5.39        0.93    0.27    1.15    0.99    1.54    
Flynn Downes
MF 0.00    0.03    0.22    0.00    0.02    0.06    1.88        58.01    92.6%    3.54    1.00    0.66    0.66    2.10        2.88    1.33    1.00    0.77    1.11    
Alphonse Areola
GK +0.09    0.60    82.1%    0.22    0.0%    50.0%        29.30    34.9%    6.80    47.3        3.3%    0.50    15.0    
Manuel Lanzini
MF 0.00    0.06    1.03    0.13    0.13    0.19    4.00        80.97    89.3%    7.99    2.32    1.29    1.55    3.74        1.29    0.77    0.64    0.26    0.00    
Maxwel Cornet

Divin Mubama

Conor Coventry
MF 0.00    0.02    0.52    0.13    0.08    0.10    1.87        45.19    72.0%    4.38    0.64    0.52    0.45    0.77        1.93    1.48    1.16    1.61    1.61    
Joseph Anang

Harrison Ashby

Kaelan Casey

Krisztián Hegyi

Armstrong Okoflex

Darren Randolph

Nikola Vlašić
AM 0.16    0.16    1.84    0.12    0.13    0.29    3.71        32.98    79.3%    3.39    2.61    1.06    3.80    6.90        1.06    0.24    0.78    0.37    0.86    