
Max Kilman
CB 0.00    0.03    0.34    0.00    0.00    0.04    0.66        58.41    83.1%    3.63    0.84    0.44    0.66    0.13        1.03    0.53    1.91    4.56    2.22    
José Sá
GK -0.11    1.53    68.5%    0.28    33.3%    25.0%        36.11    29.4%    7.29    44.1        9.0%    0.88    12.8    
Rúben Neves
MF 0.09    0.09    1.94    0.00    0.06    0.15    2.31        64.40    83.7%    6.85    0.86    0.68    0.68    0.49        2.16    1.45    1.60    2.50    0.71    
Nélson Semedo
FB 0.00    0.02    0.32    0.04    0.03    0.05    1.26        52.70    81.1%    3.95    1.70    1.26    1.03    5.49        2.76    1.11    1.34    2.64    1.11    
Matheus Nunes
MF 0.04    0.09    1.06    0.04    0.10    0.19    2.29        38.48    78.6%    3.13    2.07    1.63    2.03    4.80        2.60    0.48    1.23    1.14    0.75    
João Moutinho
MF 0.00    0.06    0.78    0.08    0.11    0.17    3.35        55.72    81.2%    6.61    1.32    0.47    0.82    1.32        2.30    0.86    1.01    0.89    0.47    
Daniel Podence
AM 0.33    0.19    2.14    0.00    0.13    0.32    3.67        34.97    67.4%    4.88    2.19    1.21    3.56    7.62        1.48    0.33    1.04    0.33    0.33    
Nathan Collins
CB 0.00    0.03    0.38    0.00    0.03    0.05    0.85        52.50    85.3%    3.31    0.64    0.34    1.19    0.47        1.57    0.98    1.74    4.12    1.91    
Jonny Castro
FB 0.05    0.03    0.62    0.00    0.10    0.12    1.75        56.66    84.8%    4.37    1.85    1.03    1.13    3.34        2.37    1.03    1.80    1.70    0.93    
Hugo Bueno
FB 0.00    0.02    0.34    0.08    0.05    0.07    1.94        47.11    80.9%    2.78    3.62    1.01    1.10    4.72        2.36    0.76    1.01    2.53    0.59    
Craig Dawson
CB 0.04    0.06    0.76    0.00    0.00    0.06    0.76        50.46    83.0%    2.37    0.16    0.08    1.45    0.12        0.88    0.60    1.97    4.30    2.05    
Diego Costa
FW 0.10    0.25    2.42    0.00    0.05    0.30    1.75        15.61    70.8%    0.97    1.45    0.19    4.85    4.85        0.19    0.19    0.58    1.26    2.42    
Mario Lemina
MF 0.00    0.05    0.78    0.05    0.02    0.08    1.27        57.74    88.7%    4.34    0.97    0.93    0.68    1.07        3.12    1.32    1.46    1.95    0.97    
Adama Traoré
AM 0.13    0.11    1.32    0.07    0.23    0.34    3.22        30.86    66.1%    2.43    5.46    3.16    3.82    10.20        0.79    0.26    0.46    0.66    2.24    
Pedro Neto
AM 0.09    0.19    2.30    0.09    0.18    0.37    4.00        38.57    75.5%    2.13    4.26    2.21    4.85    10.47        1.02    0.51    0.17    0.34    0.17    
Rayan Aït Nouri
FB 0.12    0.06    0.91    0.00    0.07    0.13    1.88        48.13    79.2%    3.52    2.49    2.13    2.25    5.89        2.86    1.09    0.49    2.07    0.85    
Hwang Hee-chan
FW 0.15    0.22    1.39    0.08    0.11    0.33    2.40        25.64    76.4%    3.18    2.71    1.16    3.18    5.73        1.16    0.46    1.16    0.31    0.31    
Matheus Cunha
FW 0.17    0.29    3.02    0.12    0.12    0.41    3.08        22.91    75.1%    1.74    1.69    1.51    4.94    4.88        0.76    0.70    1.51    0.64    0.76    
Gonçalo Guedes
FW 0.10    0.15    2.75    0.10    0.07    0.22    3.64        26.63    67.2%    2.36    3.05    1.18    4.22    6.39        0.88    0.10    0.39    0.29    0.79    
Pablo Sarabia
AM 0.08    0.33    2.10    0.00    0.17    0.51    3.89        42.86    72.2%    4.20    1.87    0.31    2.96    6.77        1.32    0.23    0.70    0.23    0.31    
Raúl Jiménez
FW 0.00    0.23    1.85    0.15    0.19    0.42    2.36        22.30    72.2%    1.85    1.18    0.66    3.91    5.32        1.03    0.07    1.11    0.89    2.21    
Toti Gomes
CB 0.00    0.02    0.32    0.00    0.02    0.03    0.75        53.38    82.8%    2.56    0.32    0.96    1.28    1.71        1.28    1.28    1.92    4.59    2.24    
João Gomes
MF 0.00    0.06    1.00    0.04    0.08    0.14    2.00        49.64    85.8%    5.04    1.48    1.32    0.92    2.64        4.36    1.08    1.16    1.56    0.64    
Boubacar Traoré
MF 0.00    0.03    1.24    0.22    0.08    0.11    2.13        33.71    82.3%    3.15    1.24    1.12    0.56    0.22        2.36    1.24    0.79    0.22    1.12    
Leander Dendoncker
MF 0.07    0.11    0.75    0.00    0.04    0.15    0.90        36.81    89.0%    2.69    0.30    0.22    1.42    1.20        2.39    1.35    1.20    1.42    0.75    
Morgan Gibbs-White
FW 0.10    0.16    1.83    0.21    0.25    0.41    3.69        35.06    63.0%    4.41    2.17    1.38    2.31    5.06        0.83    0.41    0.65    0.52    1.48    
Joseph Hodge

Sasa Kalajdzic
FW 0.29    0.22    1.73    0.43    0.20    0.42    3.02        25.02    63.8%    1.73    0.72    0.58    5.46    5.03        0.86    0.14    0.58    1.01    3.88    
Chem Campbell

Dexter Lembikisa

Connor Ronan
MF 0.00    0.02    0.82    0.00    0.19    0.21    3.29        61.37    81.6%    6.81    2.11    1.06    0.23    1.76        1.17    0.82    0.47    0.94    0.47    
Daniel Bentley
GK -0.08    1.53    66.7%    0.34    0.0%    33.3%        36.53    61.8%    6.87    48.0        3.6%    0.80    14.8    
Willy Boly
CB 0.00    0.02    0.24    0.08    0.02    0.04    0.56        43.57    80.5%    1.67    0.48    0.16    1.03    0.00        2.54    1.67    1.83    4.69    1.67    
Conor Coady
CB 0.07    0.04    0.18    0.04    0.01    0.05    0.66        52.65    85.9%    1.68    0.22    0.04    0.47    0.04        0.66    0.66    1.13    4.09    1.06    
Luke Cundle
MF 0.06    0.14    0.84    0.23    0.12    0.25    2.48        51.89    87.0%    5.46    2.42    0.11    2.20    6.64        1.07    0.39    0.73    0.39    0.11    
Nathan Fraser

Harvey Griffiths

Yerson Mosquera
CB 0.11    0.03    0.23    0.00    0.01    0.03    0.68        50.18    80.5%    2.84    0.68    0.46    0.57    0.11        2.05    2.62    1.82    4.89    3.19    
Matija Šarkić
GK -0.09    0.62    73.3%    0.22    33.3%        39.38    38.2%    6.00    42.5        12.5%    2.62    17.5    