
Ederson
GK      0.91,95      2.20,2      1.31,2      62.3%,23      0.74,98      0.11,5      0.14,5      0.31,63      31.4%,63      0.09,27      0.09,48      0.00,25      0.00,39      0.0%,25      0.03,41      0.11,88      0.03,66      0.75,98      0.30,70      -0.14,41      3.34,48      7.51,9      44.5%,91      31.54,77      4.20,23      19.6%,13      28.0,16      4.34,9      30.9%,13      32.3,20      8.17,2      0.54,20      6.6%,52      0.94,27      15.7,64       https://fbref.com/req/202302030/images/headshots/3bb7b8b4_2022.jpg
Rodri
MF      0.06,47      0.19,84      0.25,67      0.06,48      0.00,46      0.00,45      0.15,66      0.00,55      0.14,74      0.14,76      0.13,60      0.27,75      2.35,79      8.04,93      1.14,32      1.55,75      0.43,70      28.0%,47      0.04,42      0.14,40      17.10,78      0.00,35      0.09,63      -0.08,12      -0.08,13      84.19,99      92.35,99      91.2%,99      1544.28,99      369.03,99      34.10,99      36.70,99      92.9%,95      39.51,99      42.33,99      93.4%,96      9.28,97      10.94,94      84.7%,99      0.11,62      0.99,52      8.19,97      1.02,63      0.09,44      90.99,99      1.33,38      1.14,69      0.06,24      0.80,90      0.19,13      0.09,27      0.00,22      0.00,29      0.00,32      0.00,42      0.03,88      0.65,83      2.84,62      2.47,79      0.00,20      0.12,66      0.19,73      0.03,25      0.03,46      0.31,64      0.31,82      0.00,40      0.00,39      0.00,36      0.00,36      0.00,44      2.07,50      1.27,56      0.87,46      0.87,44      0.34,65      0.80,42      1.61,28      50.0%,69      0.80,76      1.24,40      0.43,81      0.80,28      1.02,52      3.09,49      1.33,60      0.03,30      101.16,99      3.68,90      21.83,98      61.62,99      18.30,68      1.92,57      101.16,99      1.14,34      0.77,41      67.6%,89      0.25,85      21.6%,87      61.96,99      318.23,99      173.82,99      2.23,90      0.09,34      0.65,96      0.59,81      77.63,99      0.00,53      1.45,37      0.62,20      0.09,29      0.00,43      0.00,57      0.00,54      9.31,99      2.23,96      0.99,45      69.2%,96       https://fbref.com/req/202302030/images/headshots/6434f10d_2022.jpg
Erling Haaland
FW      1.17,99      0.26,87      1.43,99      0.94,99      0.23,99      0.23,97      0.16,44      0.00,53      0.92,99      0.75,99      0.17,75      0.92,97      1.14,25      1.89,53      4.91,33      3.77,92      1.72,96      45.7%,76      0.25,96      0.55,96      12.60,75      0.00,36      0.20,93      +0.25,97      +0.19,92      11.70,23      16.25,11      72.0%,53      143.11,21      30.78,23      7.09,19      8.97,14      79.0%,48      3.25,30      4.29,23      75.8%,53      0.23,9      0.29,1      77.8%,92      0.10,65      0.94,50      0.46,11      0.75,65      0.00,19      14.59,6      1.46,62      0.00,25      0.13,45      0.00,14      0.39,30      0.07,33      0.03,70      0.00,40      0.00,45      0.00,47      0.20,23      0.68,74      2.34,53      1.56,53      0.00,33      0.16,42      0.33,70      0.26,82      0.03,62      0.55,96      0.46,94      0.00,45      0.00,26      0.03,53      0.07,81      0.00,47      0.10,1      0.07,3      0.00,8      0.07,8      0.03,6      0.03,6      0.16,3      20.0%,15      0.13,97      0.39,13      0.13,60      0.26,6      0.10,19      0.20,1      0.46,28      0.00,57      24.80,8      0.59,21      1.27,4      9.43,4      14.14,30      7.05,92      24.57,6      1.04,9      0.36,6      34.4%,19      0.59,82      56.3%,11      13.16,6      65.66,8      24.73,14      0.33,3      0.81,60      1.66,92      0.85,91      18.95,13      0.00,50      1.01,70      0.78,19      0.26,79      0.03,70      0.00,53      0.00,50      1.20,1      1.63,52      1.63,70      50.0%,89       https://fbref.com/req/202302030/images/headshots/1f44ac21_2022.jpg
Kevin De Bruyne
MF,AM      0.26,90,65      0.60,99,99      0.86,99,98      0.26,91,69      0.00,46,40      0.00,45,40      0.04,93,87      0.00,55,53      0.21,88,48      0.21,88,53      0.51,99,99      0.72,99,98      3.72,98,77      9.16,99,99      9.12,99,78      2.42,95,75      0.78,93,59      32.3%,56,34      0.11,65,51      0.33,60,56      23.00,25,2      0.26,96,93      0.09,63,35      +0.05,76,74      +0.05,74,72      44.39,70,95      60.55,80,97      73.3%,11,38      825.34,80,97      242.63,82,99      20.03,62,86      23.57,66,87      85.0%,23,47      17.76,70,95      23.42,86,97      75.8%,11,39      5.96,91,99      10.24,93,99      58.2%,46,67      0.53,99,99      3.57,99,99      4.62,75,96      3.57,99,99      0.78,99,97      54.14,76,96      5.96,94,94      1.97,86,93      1.04,99,99      1.01,94,98      8.42,99,98      1.15,90,93      2.68,95,93      0.74,87,77      1.19,97,95      0.22,98,99      0.45,4,3      1.53,9,20      6.55,99,99      4.47,99,99      1.23,97,97      0.30,90,68      0.26,87,60      0.19,80,61      0.11,85,94      1.15,99,99      0.89,99,99      0.11,97,94      0.04,85,61      0.04,80,62      0.07,96,90      0.00,44,43      1.04,6,26      0.45,2,16      0.11,1,5      0.45,7,34      0.48,89,84      0.52,12,38      1.45,19,45      35.9%,23,39      0.93,69,48      1.01,23,51      0.07,11,51      0.93,41,20      0.34,4,27      1.38,3,26      0.37,8,29      0.00,68,59      69.26,79,97      0.48,1,18      3.72,1,10      27.67,42,91      38.76,99,99      3.72,93,49      69.26,79,97      2.27,70,19      1.19,75,38      52.5%,60,91      0.71,36,90      31.1%,69,92      42.04,82,95      213.03,84,74      127.16,92,90      3.02,99,91      0.60,82,23      1.56,34,89      1.08,40,87      53.81,84,97      0.00,53,51      0.74,90,78      1.08,47,34      0.19,10,59      0.07,97,90      0.00,57,56      0.00,54,52      3.61,1,19      0.48,20,43      0.48,90,92      50.0%,56,88       https://fbref.com/req/202302030/images/headshots/e46012d4_2022.jpg
İlkay Gündoğan
MF      0.31,95      0.15,79      0.46,91      0.31,96      0.00,46      0.04,92      0.00,97      0.00,55      0.29,96      0.26,97      0.13,60      0.38,90      2.03,70      6.50,80      4.74,78      2.03,90      0.77,92      37.7%,75      0.15,79      0.40,70      18.10,65      0.19,91      0.13,89      +0.02,60      +0.05,73      52.55,83      60.36,80      87.1%,87      818.38,79      188.99,65      28.53,88      31.33,89      91.1%,79      18.82,76      20.77,75      90.6%,86      3.79,75      4.97,60      76.2%,90      0.17,90      1.42,78      5.47,84      1.34,82      0.04,27      58.10,82      2.14,62      0.92,59      0.69,97      0.23,40      1.15,56      0.19,50      0.80,79      0.27,72      0.15,77      0.04,89      0.11,63      1.03,40      3.44,87      2.72,88      0.27,75      0.08,49      0.15,63      0.15,72      0.08,70      0.65,98      0.50,95      0.04,87      0.00,39      0.04,81      0.08,97      0.00,44      1.15,8      0.69,8      0.27,3      0.50,10      0.38,71      0.46,8      1.26,9      36.4%,24      0.80,77      0.69,3      0.11,15      0.57,9      0.77,30      1.91,9      0.50,12      0.00,68      69.08,78      1.19,13      9.29,19      37.29,80      22.80,86      3.37,90      69.04,78      1.61,47      0.61,30      38.1%,17      0.69,39      42.9%,26      41.00,80      208.73,81      100.52,82      1.68,73      0.27,62      1.07,66      1.03,45      54.50,88      0.00,53      0.88,81      0.96,39      0.23,6      0.08,98      0.00,57      0.00,54      5.93,44      0.73,38      0.46,92      61.3%,88       https://fbref.com/req/202302030/images/headshots/819b3158_2022.jpg
Manuel Akanji
CB,FB      0.00,25,25      0.04,72,46      0.04,41,30      0.00,25,25      0.00,50,50      0.00,50,50      0.08,78,87      0.00,52,54      0.05,56,64      0.05,56,64      0.02,36,2      0.07,41,30      0.94,80,17      4.56,87,73      0.67,83,2      0.59,61,57      0.08,28,37      13.3%,25,25      0.00,25,25      0.00,25,25      15.90,13,67      0.00,46,43      0.09,40,69      -0.05,22,9      -0.05,22,9      75.24,92,97      80.91,90,93      93.0%,98,99      1284.24,90,98      403.68,81,96      34.12,96,92      35.50,94,90      96.1%,98,99      35.54,88,98      37.19,88,97      95.6%,95,99      4.60,57,87      6.53,31,64      70.5%,93,95      0.04,81,19      0.28,65,4      5.51,91,89      0.12,33,2      0.04,67,4      78.67,90,96      2.16,54,2      1.10,41,62      0.00,24,20      0.31,46,68      0.24,71,1      1.06,73,1      0.00,48,30      0.00,49,34      0.00,49,36      0.00,50,47      0.08,81,84      0.31,64,99      0.91,67,11      0.87,83,15      0.00,30,16      0.00,41,26      0.04,38,36      0.00,36,19      0.00,36,30      0.00,14,8      0.00,18,11      0.00,47,40      0.00,49,45      0.00,41,40      0.00,46,45      0.00,49,48      1.42,57,11      0.98,66,27      0.59,24,13      0.71,86,58      0.12,78,30      0.91,73,33      1.42,65,25      63.9%,62,63      0.51,35,73      1.06,33,37      0.35,10,52      0.71,82,99      0.63,9,9      2.05,29,10      1.30,1,11      0.00,81,73      87.80,88,93      4.76,6,84      32.07,41,97      49.11,96,96      6.93,88,3      1.34,83,56      87.80,88,93      0.47,75,8      0.24,61,13      50.0%,33,69      0.12,34,93      25.0%,48,87      60.76,92,99      332.26,94,98      198.30,94,98      1.57,96,74      0.04,61,9      0.47,35,93      0.12,65,97      68.24,93,96      0.00,52,50      0.94,22,55      0.47,57,28      0.00,74,80      0.00,48,45      0.00,68,66      0.00,63,56      5.35,52,49      0.91,1,36      1.34,40,27      40.4%,1,20       https://fbref.com/req/202302030/images/headshots/89ac64a6_2022.jpg
Bernardo Silva
MF,AM      0.16,70,36      0.20,88,69      0.37,81,48      0.16,74,41      0.00,46,40      0.00,45,40      0.20,45,24      0.00,55,53      0.09,49,8      0.09,51,8      0.13,72,43      0.22,60,10      3.67,97,76      5.31,62,86      7.67,96,59      1.02,45,4      0.37,55,13      36.0%,73,54      0.16,81,84      0.44,73,81      18.10,65,36      0.00,35,29      0.09,63,35      +0.07,83,80      +0.07,82,78      53.76,86,98      62.98,85,98      85.4%,77,98      850.61,83,98      147.10,40,87      29.27,92,98      31.47,90,98      93.0%,96,99      18.86,78,97      21.59,76,96      87.3%,67,93      3.76,73,91      6.08,71,84      61.7%,53,75      0.16,88,71      1.27,68,40      3.10,42,86      1.43,84,69      0.45,90,85      59.92,85,98      2.98,73,69      0.61,40,71      0.12,40,30      0.41,72,81      3.06,84,68      1.96,96,98      0.29,65,47      0.00,29,21      0.08,71,61      0.00,42,40      0.08,78,74      1.10,32,58      3.06,70,40      2.65,84,71      0.04,45,37      0.16,72,32      0.04,20,6      0.12,67,29      0.04,57,52      0.49,90,78      0.45,92,89      0.00,40,36      0.00,39,25      0.00,36,27      0.04,85,77      0.00,44,43      1.80,32,66      0.94,20,55      0.45,15,42      1.02,60,92      0.33,61,53      0.73,33,68      1.80,41,69      40.9%,41,55      1.06,57,39      0.94,20,39      0.24,46,89      0.69,17,58      0.65,20,69      2.45,21,70      0.24,2,18      0.00,68,59      72.33,85,98      1.27,16,72      11.47,44,96      32.53,61,95      28.86,94,84      3.76,95,53      72.33,85,98      2.61,76,25      1.14,72,34      43.8%,33,57      1.18,15,69      45.3%,21,48      45.51,91,98      289.47,98,96      143.80,99,95      2.98,99,89      1.18,97,56      1.22,53,96      1.27,27,71      54.04,85,98      0.00,53,51      1.27,49,36      0.61,19,6      0.08,30,80      0.04,93,80      0.00,57,56      0.00,54,52      4.98,16,64      0.16,3,9      0.53,81,89      23.5%,5,23       https://fbref.com/req/202302030/images/headshots/3eb22ec9_2022.jpg
Jack Grealish
AM      0.22,53      0.31,87      0.53,79      0.22,58      0.00,40      0.00,40      0.18,34      0.00,53      0.20,47      0.20,52      0.31,94      0.51,79      6.26,97      4.38,70      13.58,97      1.80,40      0.66,47      36.6%,57      0.12,60      0.33,56      15.40,74      0.00,29      0.11,57      +0.02,60      +0.02,59      39.50,91      46.95,88      84.1%,95      581.17,90      113.17,68      23.61,93      25.75,93      91.7%,97      12.92,89      14.76,85      87.5%,94      1.80,55      2.89,51      62.1%,77      0.29,98      2.19,91      1.23,27      2.10,92      0.09,20      44.28,88      2.45,59      0.31,57      0.26,66      0.35,73      2.32,52      1.09,91      1.05,65      0.53,68      0.00,28      0.04,85      0.22,30      1.53,19      4.55,88      3.11,90      0.31,69      0.26,58      0.26,62      0.57,94      0.04,56      0.88,96      0.61,97      0.04,84      0.00,25      0.04,66      0.13,97      0.04,93      1.09,32      0.70,45      0.44,39      0.53,44      0.13,13      0.57,46      0.96,22      59.1%,94      0.39,94      0.74,20      0.13,74      0.61,16      0.31,24      1.40,29      0.39,35      0.00,59      57.28,86      0.88,51      6.18,56      18.44,56      33.81,94      5.96,89      57.28,86      4.82,79      1.97,81      40.9%,39      1.23,65      25.5%,97      41.91,94      372.53,99      174.39,98      3.64,96      2.76,95      1.58,88      1.27,69      46.64,92      0.00,51      1.18,45      3.42,99      0.13,72      0.04,81      0.00,56      0.00,52      4.82,58      0.61,55      0.74,74      45.2%,81       https://fbref.com/req/202302030/images/headshots/b0b4fd3e_2022.jpg
Rúben Dias
CB      0.00,25      0.00,32      0.00,17      0.00,25      0.00,50      0.00,50      0.14,60      0.00,52      0.06,65      0.06,65      0.03,57      0.09,59      0.63,64      4.41,86      0.09,24      0.45,41      0.09,38      20.0%,35      0.00,25      0.00,25      9.10,77      0.00,46      0.13,76      -0.06,15      -0.06,15      86.85,99      93.69,99      92.7%,96      1601.49,99      566.31,99      31.35,92      32.70,92      95.9%,97      48.38,99      50.54,99      95.7%,97      6.44,87      9.14,73      70.4%,91      0.01,17      0.14,24      6.08,94      0.00,6      0.00,30      91.40,99      2.30,60      1.71,77      0.05,61      0.27,36      0.05,28      0.32,52      0.00,48      0.00,49      0.00,49      0.00,50      0.00,95      0.32,62      0.68,34      0.50,27      0.05,71      0.00,41      0.14,82      0.00,36      0.00,36      0.05,38      0.05,45      0.00,47      0.00,49      0.00,41      0.00,46      0.00,49      0.95,18      0.59,28      0.45,9      0.45,59      0.05,43      0.50,25      0.81,29      61.1%,44      0.32,71      0.95,22      0.59,28      0.36,29      0.81,20      1.76,14      2.52,10      0.05,52      100.77,99      7.93,31      39.68,82      57.66,99      3.74,59      0.99,51      100.77,99      0.45,67      0.36,86      80.0%,80      0.05,66      10.0%,70      67.43,99      369.10,99      226.35,97      0.99,87      0.05,67      0.05,99      0.18,45      80.68,99      0.00,52      0.86,34      0.32,27      0.00,74      0.00,48      0.00,68      0.00,63      4.46,18      1.98,44      1.26,56      61.1%,52       https://fbref.com/req/202302030/images/headshots/31c69ef1_2022.jpg
Kyle Walker
FB      0.00,25      0.00,20      0.00,11      0.00,25      0.00,50      0.00,50      0.14,63      0.00,54      0.02,22      0.02,22      0.01,1      0.03,4      2.30,69      7.45,97      3.45,50      0.23,13      0.05,26      20.0%,40      0.00,25      0.00,25      24.80,10      0.00,43      0.08,61      -0.02,39      -0.02,39      76.35,98      86.97,97      87.8%,95      1341.13,99      380.73,95      34.20,93      36.54,93      93.6%,93      34.61,97      37.97,98      91.2%,93      6.62,97      9.93,93      66.7%,93      0.04,22      0.28,5      8.69,99      0.46,15      0.18,26      79.61,98      7.26,25      1.15,64      0.18,87      0.97,97      1.29,27      6.11,26      0.00,30      0.00,34      0.00,36      0.00,47      0.09,79      0.83,85      1.15,20      1.01,27      0.09,55      0.00,26      0.00,16      0.00,19      0.05,73      0.14,54      0.14,69      0.00,40      0.00,45      0.00,40      0.00,45      0.00,48      0.60,2      0.41,2      0.37,2      0.23,2      0.00,4      0.18,2      1.10,10      16.7%,1      0.92,33      0.55,3      0.09,8      0.46,10      0.83,23      1.42,2      1.01,4      0.00,73      91.75,96      2.62,11      20.13,45      55.07,99      17.01,54      0.69,19      91.75,96      0.87,30      0.60,55      68.4%,93      0.18,90      21.1%,92      54.65,95      250.74,90      133.30,89      1.84,84      0.09,27      0.64,89      0.28,77      70.88,97      0.00,50      0.69,79      0.46,26      0.00,80      0.00,45      0.00,66      0.00,56      5.70,61      1.06,46      0.51,96      67.6%,95       https://fbref.com/req/202302030/images/headshots/86dd77d1_2022.jpg
Riyad Mahrez
AM      0.23,58      0.47,97      0.70,92      0.19,51      0.05,91      0.05,87      0.09,62      0.00,53      0.26,65      0.22,58      0.33,95      0.55,88      3.66,75      3.56,56      11.34,92      1.97,53      0.56,36      28.6%,24      0.10,44      0.33,56      17.20,47      0.33,96      0.11,57      -0.02,43      -0.03,39      44.91,96      54.66,94      82.2%,91      738.09,94      129.00,76      23.72,94      26.58,94      89.2%,90      16.64,94      19.50,94      85.3%,86      3.84,93      6.61,87      58.2%,67      0.25,96      2.44,95      1.69,52      1.73,82      0.33,72      48.19,93      6.47,97      1.69,90      0.47,90      0.33,65      4.50,85      1.73,94      3.05,97      1.22,89      0.94,93      0.05,86      0.00,92      0.84,81      5.44,97      3.47,94      0.80,89      0.33,74      0.47,97      0.28,79      0.09,89      0.98,98      0.61,96      0.09,91      0.09,83      0.14,98      0.00,32      0.05,94      1.41,44      0.66,40      0.38,34      0.61,52      0.42,75      0.61,51      1.78,66      34.2%,36      1.17,28      1.27,74      0.05,40      1.22,76      0.42,42      1.83,42      0.23,15      0.00,59      65.25,93      0.66,31      4.92,31      23.16,78      37.59,97      5.16,75      65.20,93      3.42,51      1.17,36      34.2%,16      1.27,62      37.0%,81      43.78,97      241.83,89      110.67,78      2.20,65      2.11,89      1.64,82      1.27,70      48.84,94      0.00,51      0.75,75      1.97,80      0.33,30      0.00,35      0.00,56      0.00,52      3.84,24      0.42,36      0.66,79      39.1%,65       https://fbref.com/req/202302030/images/headshots/892d5bb1_2022.jpg
Nathan Aké
FB,CB      0.05,68,70      0.00,20,32      0.05,40,50      0.05,68,70      0.00,50,50      0.00,50,50      0.10,84,69      0.00,54,52      0.08,84,81      0.08,84,81      0.03,21,69      0.11,51,80      1.20,28,88      6.73,90,98      1.44,8,92      0.43,38,40      0.10,40,44      22.2%,48,40      0.11,77,71      0.50,80,75      10.50,95,57      0.00,43,46      0.17,96,84      -0.03,23,39      -0.03,23,39      78.76,99,96      87.12,98,96      90.4%,96,88      1258.89,96,87      430.20,97,85      38.59,98,98      40.65,98,98      94.9%,97,93      35.80,99,90      38.87,99,90      92.1%,95,61      3.03,61,15      4.71,33,6      64.3%,89,73      0.06,56,97      0.43,26,91      7.93,97,99      0.43,13,87      0.05,7,72      80.97,99,94      6.05,17,93      1.68,86,75      0.05,51,65      0.29,63,41      0.72,7,92      4.37,16,91      0.00,30,48      0.00,34,49      0.00,36,49      0.00,47,50      0.10,74,65      1.25,45,3      1.15,21,87      0.96,23,88      0.05,44,77      0.00,26,41      0.10,68,65      0.00,19,36      0.05,75,90      0.10,39,67      0.10,50,75      0.00,40,47      0.00,45,49      0.00,40,41      0.00,45,46      0.00,48,49      1.25,7,35      0.58,5,27      0.72,21,34      0.43,21,57      0.10,25,71      0.53,7,33      0.72,3,19      73.3%,91,90      0.19,97,91      0.96,28,27      0.48,77,17      0.48,11,3      0.96,39,28      2.21,13,38      2.31,44,7      0.00,73,81      94.13,97,97      4.13,68,3      29.55,96,22      52.71,98,98      12.30,27,96      1.54,66,90      94.13,97,97      0.24,1,31      0.14,5,40      60.0%,89,47      0.05,97,65      20.0%,94,57      58.77,97,91      262.12,92,83      159.24,95,85      0.91,32,85      0.19,51,98      0.77,68,9      0.00,99,94      71.69,98,96      0.00,50,52      0.58,85,70      0.67,46,78      0.05,48,34      0.00,45,48      0.00,66,68      0.00,56,63      4.61,21,22      1.73,86,23      1.11,48,73      61.0%,84,51       https://fbref.com/req/202302030/images/headshots/eaeca114_2022.jpg
Phil Foden
AM      0.54,95      0.29,85      0.83,96      0.54,96      0.00,40      0.00,40      0.05,85      0.00,53      0.29,73      0.29,78      0.23,81      0.52,84      3.32,64      4.30,68      13.44,95      2.25,68      1.07,84      47.8%,92      0.24,96      0.50,91      15.30,77      0.05,68      0.13,80      +0.25,98      +0.25,98      44.17,94      54.28,92      81.4%,87      667.92,92      117.41,70      25.75,96      28.19,96      91.3%,96      14.02,93      16.76,91      83.7%,80      2.69,78      5.03,75      53.4%,51      0.23,94      2.10,88      1.86,62      1.81,86      0.44,82      51.11,95      2.98,70      0.44,64      0.20,55      0.20,49      4.45,82      0.64,75      1.91,79      0.20,56      1.27,96      0.10,91      0.20,39      1.56,15      4.84,93      3.71,95      0.44,76      0.29,65      0.24,52      0.15,41      0.00,21      0.68,90      0.49,92      0.00,36      0.15,92      0.00,27      0.05,78      0.00,43      0.78,9      0.49,24      0.44,40      0.24,12      0.10,8      0.39,30      0.93,20      42.1%,62      0.54,86      1.22,65      0.10,56      1.12,70      0.24,15      1.03,11      0.59,56      0.00,59      64.69,92      0.98,58      5.67,45      21.16,71      38.60,98      6.40,91      64.69,92      3.96,63      1.95,80      49.4%,77      1.51,49      38.3%,76      43.53,96      223.68,79      104.61,70      2.10,61      1.22,59      1.66,80      1.42,60      51.35,96      0.00,51      0.49,90      1.42,57      0.29,38      0.05,82      0.00,56      0.00,52      4.45,40      0.93,73      1.27,45      42.2%,72       https://fbref.com/req/202302030/images/headshots/ed1e53f3_2022.jpg
John Stones
CB,FB      0.10,88,86      0.10,96,77      0.20,97,80      0.10,88,86      0.00,50,50      0.00,50,50      0.10,67,83      0.00,52,54      0.05,51,62      0.05,51,62      0.07,94,57      0.12,81,56      1.37,91,38      4.92,90,78      1.66,94,14      0.54,52,52      0.15,61,60      27.3%,53,60      0.18,83,92      0.67,87,86      13.40,25,83      0.00,46,43      0.10,55,78      +0.05,92,91      +0.05,92,91      70.84,87,95      76.20,86,91      93.0%,98,99      1187.21,85,95      330.99,52,87      34.52,97,96      36.08,96,91      95.7%,96,98      30.47,75,95      32.47,70,92      93.8%,86,98      4.83,66,91      6.05,25,58      79.8%,99,98      0.05,90,37      0.39,85,19      5.31,88,87      0.15,44,3      0.00,30,2      72.94,86,93      3.22,75,4      0.83,22,49      0.05,66,52      0.68,82,92      0.29,76,2      2.19,81,4      0.05,98,62      0.00,49,34      0.00,49,36      0.00,50,47      0.05,86,90      0.49,33,97      0.78,54,3      0.59,45,3      0.05,78,45      0.00,41,26      0.15,91,85      0.00,36,19      0.00,36,30      0.24,97,75      0.20,96,77      0.00,47,40      0.00,49,45      0.05,97,92      0.00,46,45      0.00,49,48      1.12,29,5      0.63,31,7      0.54,20,10      0.39,43,13      0.20,91,44      0.34,10,4      0.49,2,1      70.0%,81,78      0.15,94,98      0.83,14,11      0.49,18,80      0.34,22,97      0.44,2,4      1.56,7,3      1.95,3,28      0.00,81,73      82.39,82,86      4.92,7,85      26.52,12,90      45.93,91,93      10.24,93,19      1.32,81,54      82.39,82,86      0.49,76,9      0.29,73,21      60.0%,47,89      0.05,64,96      10.0%,70,98      52.65,82,92      302.32,91,97      158.45,82,93      1.56,94,73      0.05,69,15      0.39,54,96      0.20,39,92      63.97,88,95      0.00,52,50      0.49,78,92      0.39,39,15      0.05,33,46      0.00,48,45      0.00,68,66      0.05,12,8      4.39,14,14      1.61,19,74      0.78,93,81      67.3%,75,93       https://fbref.com/req/202302030/images/headshots/5eecec3d_2022.jpg
João Cancelo
FB      0.14,93      0.07,67      0.21,87      0.14,93      0.00,50      0.00,50      0.21,34      0.07,2      0.06,67      0.06,67      0.06,52      0.12,60      5.09,98      7.49,98      8.83,96      1.20,90      0.21,72      17.6%,31      0.12,81      0.67,86      22.70,17      0.00,43      0.05,28      +0.08,96      +0.08,96      73.19,96      86.19,96      84.9%,90      1177.91,93      292.96,81      40.83,99      43.87,99      93.1%,90      25.64,90      30.38,90      84.4%,72      5.72,95      8.69,87      65.9%,92      0.11,75      0.85,70      5.65,91      2.54,98      0.64,89      79.12,97      6.92,21      1.41,79      0.14,81      0.99,98      3.18,69      5.51,23      0.00,30      0.00,34      0.00,36      0.00,47      0.14,54      1.06,73      2.76,84      2.12,87      0.00,16      0.14,85      0.35,97      0.07,63      0.07,89      0.42,91      0.35,93      0.00,40      0.07,98      0.00,40      0.00,45      0.00,48      2.05,52      1.48,70      1.13,43      0.64,50      0.28,77      1.20,57      1.70,43      70.8%,83      0.49,79      0.49,2      0.07,5      0.42,9      1.34,77      3.39,61      0.64,3      0.07,20      96.29,98      1.41,1      15.89,13      48.46,95      32.57,99      3.32,96      96.29,98      4.24,98      2.12,98      50.0%,69      1.62,5      38.3%,58      59.20,98      343.33,99      198.37,99      2.76,98      1.48,97      1.27,27      0.99,15      72.06,99      0.00,50      0.92,58      1.27,78      0.28,7      0.00,45      0.14,1      0.00,56      5.65,58      1.91,89      0.78,83      71.1%,98       https://fbref.com/req/202302030/images/headshots/bd6351cd_2022.jpg
Julián Álvarez
FW      0.55,82      0.00,9      0.55,60      0.49,86      0.06,79      0.06,72      0.00,92      0.00,53      0.43,65      0.38,57      0.11,50      0.49,58      2.33,72      2.27,65      6.08,64      2.83,65      1.23,79      43.5%,64      0.17,75      0.40,73      16.00,29      0.00,36      0.13,40      +0.12,89      +0.11,89      24.27,84      30.90,84      78.5%,89      336.16,84      54.37,64      14.25,81      16.59,82      85.9%,86      6.33,81      8.29,81      76.3%,57      1.72,87      2.64,84      65.1%,75      0.10,60      1.11,67      1.35,72      0.80,72      0.12,75      29.37,86      1.29,57      0.12,75      0.43,87      0.18,67      1.60,84      0.25,62      0.25,84      0.18,86      0.00,45      0.00,47      0.25,9      1.04,30      3.19,81      2.40,87      0.00,33      0.37,84      0.31,58      0.12,35      0.00,28      0.31,50      0.12,30      0.00,45      0.06,79      0.06,72      0.06,77      0.00,47      1.60,91      0.98,92      0.18,47      0.80,92      0.61,97      0.55,89      1.78,96      31.0%,48      1.23,6      0.80,50      0.00,14      0.80,64      0.12,21      1.72,82      0.37,19      0.00,57      40.18,74      0.49,19      2.83,35      15.67,64      22.12,82      5.47,74      40.12,74      2.33,53      1.29,72      55.3%,93      0.86,58      36.8%,86      24.94,79      134.35,70      55.78,64      1.11,58      1.04,70      1.72,87      1.47,58      31.09,82      0.00,50      1.29,53      0.86,26      0.18,84      0.06,84      0.00,53      0.00,50      2.70,48      0.49,14      1.41,82      25.8%,18       https://fbref.com/req/202302030/images/headshots/15ab5a2b_2022.jpg
Aymeric Laporte
CB      0.00,25      0.00,32      0.00,17      0.00,25      0.00,50      0.00,50      0.00,95      0.00,52      0.05,44      0.05,44      0.02,45      0.06,38      2.72,99      7.70,99      1.00,87      0.91,93      0.09,39      10.0%,19      0.00,25      0.00,25      14.90,17      0.00,46      0.05,9      -0.05,28      -0.05,28      80.85,97      87.37,97      92.5%,94      1325.98,92      393.99,78      39.97,99      41.96,99      95.2%,94      35.08,87      36.71,86      95.6%,95      4.71,62      6.71,34      70.3%,90      0.04,76      0.45,93      7.89,98      0.63,96      0.00,30      83.93,97      3.35,76      1.90,86      0.09,77      0.54,71      0.54,86      0.91,72      0.00,48      0.00,49      0.00,49      0.00,50      0.09,70      0.45,40      1.54,96      1.45,98      0.00,30      0.00,41      0.09,62      0.00,36      0.00,36      0.00,14      0.00,18      0.00,47      0.00,49      0.00,41      0.00,46      0.00,49      1.00,22      0.73,43      0.54,22      0.36,34      0.09,65      0.63,46      1.00,43      63.6%,58      0.36,65      0.91,20      0.36,12      0.54,64      0.27,1      1.27,2      2.72,13      0.09,20      93.90,94      7.70,28      30.36,31      48.76,94      15.05,98      1.18,66      93.90,94      0.36,55      0.18,48      50.0%,33      0.09,43      25.0%,48      63.63,97      363.90,98      261.21,99      3.99,99      0.00,27      0.27,71      0.00,94      73.05,98      0.00,52      0.45,86      0.63,75      0.09,15      0.00,48      0.00,68      0.00,63      4.98,35      2.18,54      1.72,22      55.8%,23       https://fbref.com/req/202302030/images/headshots/119b9a8e_2022.jpg
Rico Lewis
FB,MF      0.00,25,16      0.00,20,13      0.00,11,7      0.00,25,16      0.00,50,46      0.00,50,45      0.10,81,80      0.00,54,55      0.02,26,11      0.02,26,12      0.15,85,78      0.17,79,41      2.19,66,74      4.78,75,54      2.59,33,59      0.50,46,14      0.20,68,30      40.0%,86,82      0.00,25,16      0.00,25,16      21.10,28,38      0.00,43,35      0.04,16,12      -0.02,36,44      -0.02,36,45      61.50,87,95      67.28,84,90      91.4%,97,99      874.98,79,86      147.11,10,41      37.67,97,99      39.87,97,99      94.5%,96,99      20.23,77,84      21.83,67,80      92.7%,96,92      1.89,25,24      2.29,1,7      82.6%,99,99      0.16,87,87      1.20,79,62      3.79,78,57      1.00,67,60      0.30,43,80      63.09,86,89      4.09,9,83      0.70,42,49      0.10,68,29      0.00,8,3      0.50,4,33      3.09,10,98      0.00,30,22      0.00,34,29      0.00,36,32      0.00,47,42      0.10,73,70      0.90,80,59      2.69,83,56      2.39,93,75      0.10,57,62      0.00,26,15      0.10,69,43      0.10,72,55      0.00,30,21      0.00,8,7      0.00,11,8      0.00,40,40      0.00,45,39      0.00,40,36      0.00,45,36      0.00,48,44      1.59,21,20      0.90,20,19      0.90,27,50      0.50,28,10      0.20,48,38      0.60,11,20      1.10,9,5      54.5%,44,80      0.50,78,94      0.80,9,8      0.40,62,75      0.40,5,59      0.60,7,18      2.19,11,16      1.30,10,57      0.10,13,7      73.95,78,87      2.59,9,64      13.26,4,61      41.46,91,87      19.83,75,76      1.20,50,44      73.95,78,87      1.40,52,42      0.80,72,43      57.1%,86,75      0.30,77,79      21.4%,91,88      50.93,90,95      254.65,91,94      138.54,91,97      2.39,95,94      0.30,70,65      0.70,81,92      1.30,2,24      59.10,91,93      0.00,50,53      1.00,46,71      1.79,96,85      0.00,80,80      0.00,45,43      0.00,66,57      0.00,56,54      4.29,11,5      0.00,1,1      0.60,95,74      0.0%,1,1       https://fbref.com/req/202302030/images/headshots/b57e066e_2022.jpg