
Kieran Trippier
FB      0.03,51      0.19,90      0.22,89      0.03,51      0.00,50      0.00,50      0.13,69      0.00,54      0.02,37      0.02,37      0.33,98      0.36,92      1.21,30      7.00,92      4.07,63      0.38,33      0.11,44      28.6%,66      0.07,62      0.25,56      27.10,3      0.32,99      0.06,43      0.00,70      0.00,70      53.74,81      75.10,89      71.6%,19      1026.82,87      452.80,98      23.62,62      26.72,61      88.4%,45      20.07,75      26.40,83      76.0%,27      8.97,98      18.16,98      49.4%,56      0.32,99      2.96,99      4.90,86      2.61,99      0.70,91      55.52,79      19.23,99      4.85,99      0.43,97      0.43,80      10.59,99      8.57,84      5.82,99      2.51,99      2.21,97      0.40,99      0.35,7      1.35,40      4.80,99      2.13,89      2.53,99      0.03,52      0.03,33      0.05,55      0.03,60      0.27,81      0.16,73      0.11,96      0.00,45      0.00,40      0.00,45      0.00,48      1.91,44      1.32,60      0.97,30      0.73,63      0.22,54      1.24,61      2.42,73      51.1%,27      1.19,20      1.21,54      0.40,64      0.81,50      1.16,61      3.07,43      2.26,39      0.05,30      83.56,89      3.34,36      20.85,52      34.53,80      28.72,95      0.70,20      83.56,89      0.94,36      0.51,49      54.3%,79      0.32,72      34.3%,73      35.02,68      123.89,26      64.46,30      1.24,55      0.03,8      0.73,78      0.24,83      42.91,72      0.00,50      1.29,20      0.78,52      0.19,16      0.00,45      0.03,31      0.03,11      7.11,98      1.32,62      0.94,64      58.3%,72       https://fbref.com/req/202302030/images/headshots/21512407_2022.jpg
Nick Pope
GK      0.88,98      3.26,9      2.35,20      74.6%,86      0.52,84      0.36,95      0.14,2      0.39,91      38.9%,91      0.14,55      0.06,73      0.06,84      0.03,84      50.0%,89      0.00,73      0.22,34      0.03,73      0.86,95      0.24,7      +0.02,70      3.31,38      10.16,30      32.6%,48      18.77,2      6.40,98      33.1%,48      33.0,57      5.71,27      68.6%,88      50.7,91      11.34,20      0.94,55      8.3%,91      2.04,91      18.2,95       https://fbref.com/req/202302030/images/headshots/4b40d9ca_2022.jpg
Fabian Schär
CB      0.03,54      0.08,90      0.11,82      0.03,54      0.00,50      0.00,50      0.20,40      0.00,52      0.14,98      0.14,98      0.09,97      0.23,98      0.76,70      3.90,72      0.90,86      1.57,99      0.39,98      25.0%,48      0.02,50      0.07,42      14.40,19      0.08,99      0.09,40      -0.11,2      -0.11,2      39.95,33      51.82,41      77.1%,15      822.21,41      330.55,51      13.47,31      15.72,34      85.7%,19      20.61,36      23.89,36      86.3%,23      5.59,75      10.84,88      51.6%,27      0.06,95      0.53,97      3.99,70      0.65,97      0.11,88      49.69,44      2.05,46      1.74,78      0.20,96      0.95,94      0.51,83      0.28,45      0.00,48      0.00,49      0.00,49      0.00,50      0.08,75      0.53,28      1.66,98      1.21,93      0.00,30      0.06,92      0.25,98      0.06,88      0.08,97      0.22,96      0.14,87      0.00,47      0.00,49      0.00,41      0.03,93      0.06,99      1.32,45      0.62,30      0.87,46      0.36,35      0.08,62      0.67,51      1.09,49      61.5%,46      0.42,54      0.95,25      0.53,25      0.42,41      1.46,73      2.78,57      3.90,46      0.00,81      62.74,45      6.96,15      30.91,35      26.33,45      5.98,86      2.05,93      62.74,45      0.36,57      0.11,27      30.8%,12      0.20,14      53.8%,13      34.08,41      177.89,49      115.52,62      0.73,80      0.08,85      0.56,20      0.20,38      37.65,38      0.00,52      0.56,72      0.76,86      0.17,3      0.00,48      0.00,68      0.03,23      5.87,66      3.14,85      1.54,25      67.1%,72       https://fbref.com/req/202302030/images/headshots/c8aa95da_2022.jpg
Sven Botman
CB      0.00,25      0.00,32      0.00,17      0.00,25      0.00,50      0.00,50      0.06,86      0.00,52      0.07,75      0.07,75      0.03,64      0.10,73      0.23,27      2.50,28      0.14,36      0.63,70      0.20,77      31.8%,64      0.00,25      0.00,25      10.20,60      0.00,46      0.11,65      -0.07,9      -0.07,9      43.95,44      50.80,38      86.5%,63      882.44,45      323.30,49      13.82,33      15.63,31      88.4%,29      24.61,45      26.74,45      92.0%,59      5.12,71      7.43,48      69.0%,86      0.03,67      0.26,56      1.70,13      0.12,30      0.03,64      49.42,41      1.21,13      0.92,28      0.00,24      0.86,92      0.03,23      0.12,18      0.00,48      0.00,49      0.00,49      0.00,50      0.17,31      0.20,83      0.69,38      0.52,30      0.03,61      0.00,41      0.14,90      0.00,36      0.00,36      0.03,31      0.00,18      0.00,47      0.00,49      0.03,87      0.00,46      0.00,49      1.09,25      0.69,38      0.89,49      0.20,9      0.00,19      0.63,45      0.81,27      78.6%,94      0.17,93      1.27,50      0.69,51      0.58,71      0.98,29      2.07,30      3.63,38      0.06,44      59.69,34      9.73,64      34.19,54      23.05,24      2.73,50      1.53,88      59.69,34      0.03,3      0.03,9      100.0%,93      0.00,88      0.0%,88      33.70,40      151.36,33      80.88,31      0.14,15      0.06,72      0.29,66      0.06,78      38.77,41      0.00,52      0.43,88      0.35,35      0.06,29      0.00,48      0.03,34      0.00,63      5.24,46      2.16,50      1.15,67      65.2%,67       https://fbref.com/req/202302030/images/headshots/ccce7025_2022.jpg
Dan Burn
FB      0.03,52      0.00,20      0.03,23      0.03,52      0.00,50      0.00,50      0.14,62      0.00,54      0.06,73      0.06,73      0.04,26      0.10,46      0.84,14      3.41,43      1.33,7      0.61,60      0.12,49      19.0%,34      0.05,56      0.25,56      12.20,88      0.00,43      0.10,78      -0.03,22      -0.03,22      39.37,45      49.61,37      79.4%,57      643.25,46      256.11,60      19.47,42      22.13,43      88.0%,42      16.37,55      19.73,49      83.0%,67      2.72,52      5.29,45      51.4%,61      0.04,17      0.46,28      2.95,56      0.32,7      0.06,9      41.57,44      7.96,39      0.49,22      0.00,20      0.20,54      0.49,3      7.43,48      0.00,30      0.00,34      0.00,36      0.00,47      0.09,83      0.84,84      1.16,22      1.01,28      0.06,51      0.00,26      0.09,64      0.00,19      0.00,30      0.09,31      0.09,43      0.00,40      0.00,45      0.00,40      0.00,45      0.00,48      1.74,30      1.10,39      0.84,26      0.67,57      0.23,60      0.98,38      1.94,57      50.7%,26      0.95,30      1.22,55      0.46,75      0.75,38      0.93,31      2.66,32      3.47,92      0.06,27      59.97,36      4.57,77      22.74,77      27.19,54      10.36,20      1.79,72      59.97,36      0.72,19      0.32,25      44.0%,48      0.35,67      48.0%,30      26.79,28      125.24,27      63.53,28      0.64,15      0.14,42      0.98,52      0.26,80      32.29,37      0.00,50      1.01,44      0.12,1      0.20,13      0.00,45      0.03,28      0.00,56      4.80,27      2.43,96      1.07,50      69.4%,97       https://fbref.com/req/202302030/images/headshots/b2d31e83_2022.jpg
Bruno Guimarães
MF      0.13,65      0.17,80      0.30,76      0.13,68      0.00,46      0.00,45      0.23,40      0.00,55      0.09,50      0.09,52      0.13,70      0.22,62      1.35,59      7.33,90      1.39,37      0.92,33      0.26,44      28.6%,51      0.14,75      0.50,83      19.70,52      0.00,35      0.10,74      +0.04,71      +0.04,70      45.79,73      55.07,70      83.2%,67      793.62,75      218.96,78      21.76,68      24.46,69      88.9%,58      17.80,71      20.27,73      87.8%,70      4.92,88      7.13,78      69.0%,73      0.13,73      1.39,76      4.85,79      1.78,93      0.07,33      53.39,74      1.39,40      1.12,68      0.83,98      0.66,85      0.73,43      0.17,45      0.10,53      0.00,29      0.00,32      0.00,42      0.30,13      0.96,56      3.63,89      3.04,94      0.03,41      0.10,56      0.03,17      0.36,96      0.07,64      0.40,79      0.36,87      0.00,40      0.00,39      0.00,36      0.00,36      0.03,90      2.58,78      1.32,60      0.89,49      1.52,95      0.17,25      1.25,89      2.15,64      58.5%,89      0.89,72      0.92,20      0.13,20      0.79,25      1.19,66      3.76,75      0.73,25      0.03,26      66.49,73      1.95,41      12.94,59      35.52,72      18.98,70      1.65,52      66.49,73      3.04,86      1.49,87      48.9%,46      0.86,26      28.3%,75      43.61,87      239.30,90      96.11,78      1.55,66      0.17,50      1.52,36      1.98,4      49.62,79      0.00,53      1.49,35      2.74,98      0.03,55      0.00,43      0.00,57      0.00,54      7.69,87      0.63,32      0.43,94      59.4%,82       https://fbref.com/req/202302030/images/headshots/82518f62_2022.jpg
Joe Willock
MF      0.11,56      0.21,90      0.32,77      0.11,58      0.00,46      0.00,45      0.04,94      0.00,55      0.25,92      0.25,96      0.21,91      0.46,95      3.41,94      4.26,46      5.35,84      2.04,91      0.56,86      27.6%,45      0.05,47      0.19,45      16.90,79      0.00,35      0.12,83      -0.14,4      -0.14,4      27.34,19      33.46,14      81.7%,58      426.53,20      108.44,16      15.27,28      17.06,17      89.5%,64      9.36,18      10.91,14      85.8%,54      1.94,26      3.03,19      64.0%,61      0.15,82      1.37,74      3.20,46      1.20,73      0.28,79      32.44,17      0.88,22      0.11,9      0.14,41      0.11,18      1.79,69      0.28,60      0.00,22      0.00,29      0.00,32      0.00,42      0.14,55      0.63,85      2.99,67      2.36,70      0.00,20      0.25,82      0.25,82      0.11,58      0.04,51      0.32,65      0.21,60      0.00,40      0.04,83      0.04,78      0.04,78      0.00,44      1.79,31      1.06,30      0.46,16      0.91,52      0.42,78      0.88,51      2.04,58      43.1%,50      1.16,40      1.90,88      0.28,53      1.62,90      0.88,40      2.67,28      0.60,16      0.00,68      46.58,17      1.30,17      7.11,6      20.62,11      19.56,74      4.01,96      46.58,17      3.27,89      1.30,80      39.8%,20      1.51,8      46.2%,19      27.58,35      183.41,68      100.84,83      2.18,88      1.16,96      2.29,10      0.95,54      31.52,33      0.00,53      1.23,53      0.81,31      0.11,26      0.00,43      0.00,57      0.00,54      4.79,12      0.56,30      0.56,79      50.0%,56       https://fbref.com/req/202302030/images/headshots/a3b03921_2022.jpg
Joelinton
MF,AM      0.20,80,48      0.03,30,15      0.24,65,25      0.20,83,53      0.00,46,40      0.00,45,40      0.41,13,4      0.00,55,53      0.24,91,57      0.24,95,68      0.08,42,14      0.32,81,41      2.16,73,25      4.40,48,71      5.07,80,22      1.72,82,36      0.64,90,46      37.3%,75,60      0.12,70,60      0.32,54,51      14.60,94,85      0.00,35,29      0.14,93,86      -0.04,32,36      -0.04,33,37      35.01,50,87      42.89,44,81      81.6%,57,89      513.42,32,78      135.76,34,79      19.65,58,82      22.59,60,81      87.0%,41,72      11.43,33,82      13.19,30,78      86.7%,60,91      2.00,29,62      2.54,10,41      78.7%,93,96      0.06,36,12      0.88,46,18      2.64,29,77      0.71,41,22      0.10,48,27      41.50,46,86      1.29,36,40      0.47,30,66      0.10,30,23      0.14,21,40      0.54,34,7      0.64,79,76      0.14,57,40      0.00,29,21      0.00,32,28      0.00,42,40      0.10,69,68      1.35,15,31      2.71,57,27      1.83,50,25      0.03,42,34      0.30,91,71      0.27,89,64      0.24,85,72      0.03,50,46      0.34,68,47      0.14,42,26      0.03,84,76      0.07,92,77      0.07,91,79      0.03,75,69      0.00,44,43      2.37,65,92      1.66,84,95      1.22,80,93      0.88,47,82      0.27,53,39      0.88,50,81      2.10,61,81      41.9%,47,60      1.22,35,25      1.76,82,97      0.24,45,88      1.52,83,31      1.62,90,99      3.99,85,99      1.32,59,94      0.00,68,59      57.60,54,87      2.40,56,96      10.55,32,92      28.82,49,92      19.01,71,25      3.25,88,34      57.60,54,87      3.75,93,53      1.79,94,70      47.7%,43,72      1.42,9,53      37.8%,45,80      30.34,46,56      164.14,57,38      77.32,58,38      1.52,65,27      0.44,74,13      2.44,5,35      1.72,10,32      37.71,55,74      0.00,53,51      2.20,5,1      1.15,51,39      0.03,54,93      0.03,89,73      0.03,10,8      0.00,54,52      6.70,70,94      2.23,97,96      2.00,4,16      52.8%,65,92       https://fbref.com/req/202302030/images/headshots/c17bfb65_2022.jpg
Miguel Almirón
AM      0.40,86      0.07,31      0.47,72      0.40,86      0.00,40      0.00,40      0.07,73      0.00,53      0.29,74      0.29,79      0.12,30      0.40,62      2.78,47      4.48,75      9.54,84      2.49,81      0.72,53      29.0%,26      0.16,84      0.55,94      16.40,54      0.00,29      0.12,71      +0.11,89      +0.11,89      29.30,65      35.48,57      82.6%,93      388.47,55      96.00,53      18.53,77      20.49,74      90.5%,94      8.06,57      9.97,53      80.8%,69      1.05,26      1.45,12      72.5%,92      0.11,39      0.94,22      1.63,49      1.30,62      0.14,39      34.18,62      1.08,37      0.00,13      0.11,27      0.14,44      0.94,22      0.65,78      0.40,53      0.00,21      0.00,28      0.00,40      0.22,35      1.05,61      3.14,45      2.28,53      0.07,47      0.36,78      0.33,76      0.11,25      0.00,21      0.47,73      0.18,42      0.04,78      0.18,97      0.07,80      0.00,32      0.00,43      1.66,55      1.08,69      0.58,55      0.69,62      0.40,70      0.65,57      1.52,51      42.9%,64      0.87,52      0.90,36      0.07,48      0.83,40      0.36,32      2.02,52      0.61,57      0.00,59      46.97,53      0.90,53      5.31,37      15.07,23      27.46,74      4.99,73      46.97,53      2.85,32      1.23,40      43.0%,53      1.19,68      41.8%,62      30.39,59      194.70,60      84.58,49      1.66,35      0.90,41      1.84,75      1.01,92      33.38,51      0.00,51      0.79,70      1.19,41      0.33,31      0.00,35      0.00,56      0.00,52      5.02,65      0.22,12      0.36,96      37.5%,61       https://fbref.com/req/202302030/images/headshots/862a1c15_2022.jpg
Sean Longstaff
MF      0.04,34      0.14,74      0.18,56      0.04,35      0.00,46      0.00,45      0.07,88      0.00,55      0.13,65      0.13,67      0.12,59      0.25,70      0.75,22      4.15,44      4.11,73      1.18,61      0.25,41      21.2%,24      0.03,36      0.14,40      16.00,83      0.00,35      0.11,79      -0.09,9      -0.09,10      33.71,40      41.57,40      81.1%,55      552.47,45      153.66,44      16.80,44      19.23,44      87.4%,44      12.94,46      14.83,41      87.2%,66      2.79,51      4.61,50      60.5%,50      0.09,52      0.82,40      2.86,30      0.75,43      0.18,64      39.96,42      1.47,45      0.25,17      0.25,60      0.21,35      1.07,53      0.14,37      0.11,54      0.00,29      0.00,32      0.00,42      0.14,54      1.11,31      2.22,41      1.64,41      0.04,43      0.07,47      0.25,84      0.21,81      0.00,21      0.21,49      0.14,44      0.00,40      0.00,39      0.04,80      0.04,80      0.00,44      1.50,15      0.75,10      0.57,25      0.71,27      0.21,41      0.71,32      1.86,47      38.5%,30      1.14,43      1.25,44      0.29,55      0.97,46      0.57,15      2.07,13      0.82,30      0.00,68      51.22,34      1.61,24      9.94,26      26.52,36      15.01,54      2.72,77      51.22,34      0.97,26      0.29,9      29.6%,2      0.64,45      66.7%,1      26.88,32      106.83,14      42.57,11      0.57,12      0.29,64      1.32,47      1.04,44      33.99,41      0.00,53      1.04,68      1.39,65      0.18,12      0.00,43      0.00,57      0.00,54      5.04,18      0.82,50      1.00,43      45.1%,44       https://fbref.com/req/202302030/images/headshots/a2b105e0_2022.jpg
Callum Wilson
FW      0.86,97      0.24,84      1.10,96      0.72,96      0.14,94      0.14,92      0.19,25      0.00,53      0.84,97      0.72,97      0.13,58      0.85,96      1.29,33      0.91,9      5.66,55      3.36,86      1.49,89      44.3%,69      0.21,91      0.48,90      12.40,81      0.00,36      0.22,98      +0.02,67      0.00,55      7.67,3      11.60,1      66.1%,26      95.71,3      16.25,1      5.32,4      6.86,4      77.6%,36      1.58,1      2.16,1      73.3%,46      0.19,8      0.53,11      36.4%,8      0.10,64      1.10,64      0.48,16      0.34,23      0.00,19      11.22,1      0.34,14      0.05,53      0.10,35      0.14,64      0.29,21      0.00,14      0.00,33      0.00,40      0.00,45      0.00,47      0.05,70      1.10,21      2.06,40      1.15,19      0.00,33      0.29,62      0.34,74      0.29,86      0.00,28      0.48,86      0.24,69      0.00,45      0.14,97      0.10,89      0.00,31      0.00,47      0.43,13      0.14,9      0.00,8      0.38,57      0.05,9      0.00,3      0.14,1      0.0%,3      0.14,96      0.38,9      0.00,14      0.38,16      0.05,6      0.48,8      0.24,14      0.00,57      23.11,3      0.38,13      1.20,1      8.58,3      13.47,16      5.95,87      22.97,3      1.73,35      0.58,26      33.3%,16      0.91,53      52.8%,30      14.53,16      71.16,18      32.27,33      0.67,21      0.77,52      3.45,16      1.73,42      17.26,4      0.00,50      1.01,72      1.49,67      0.72,25      0.00,33      0.00,53      0.00,50      1.87,14      1.01,30      2.30,52      30.4%,28       https://fbref.com/req/202302030/images/headshots/c596fcb0_2022.jpg
Alexander Isak
FW,AM      0.59,86,97      0.06,28,25      0.65,74,87      0.47,82,90      0.12,91,97      0.12,89,97      0.18,33,32      0.00,53,53      0.48,77,96      0.40,67,92      0.13,64,40      0.53,72,86      2.42,75,34      2.84,81,36      7.21,77,53      2.90,70,88      1.36,86,94      46.9%,83,87      0.16,69,84      0.35,55,62      15.00,46,83      0.00,36,29      0.14,50,86      +0.11,87,87      +0.08,84,79      16.50,53,11      21.76,47,7      75.8%,72,57      253.80,67,16      57.77,67,11      8.93,38,8      11.35,35,8      78.6%,42,14      5.14,67,23      6.27,58,11      82.1%,87,72      1.48,81,48      1.66,65,25      89.3%,99,98      0.08,48,20      0.95,52,24      1.71,86,53      0.89,74,30      0.00,19,5      19.99,45,4      1.48,64,46      0.06,58,31      0.47,92,92      0.12,60,38      0.41,35,4      0.24,60,32      0.06,75,31      0.00,40,21      0.00,45,28      0.00,47,40      0.30,4,10      0.71,70,90      2.90,69,36      1.71,58,19      0.00,33,16      0.30,67,66      0.65,99,98      0.18,58,57      0.06,77,68      0.30,48,39      0.06,9,7      0.00,45,36      0.12,94,88      0.06,69,73      0.06,74,82      0.00,47,43      1.06,67,28      0.47,50,21      0.24,57,15      0.41,64,29      0.41,86,72      0.59,91,49      1.66,92,58      35.7%,64,38      1.06,8,38      1.24,91,69      0.12,57,69      1.12,92,90      0.24,48,13      1.30,64,23      0.47,30,44      0.00,57,59      34.47,52,6      0.65,26,30      2.01,9,1      11.94,25,8      21.17,75,43      5.80,86,86      34.36,52,6      4.26,86,69      1.89,89,74      44.4%,64,59      1.77,16,38      41.7%,69,64      21.94,64,14      150.67,81,28      76.87,86,35      2.13,94,64      1.30,82,65      2.31,65,44      1.48,57,56      25.49,55,12      0.00,50,51      1.12,67,53      0.89,33,22      0.30,75,37      0.06,82,86      0.06,1,2      0.00,50,52      2.25,30,2      1.30,42,81      1.66,69,26      44.0%,72,78       https://fbref.com/req/202302030/images/headshots/8e92be30_2022.jpg
Jacob Murphy
AM      0.29,72      0.14,54      0.43,64      0.29,73      0.00,40      0.00,40      0.00,94      0.00,53      0.24,56      0.24,65      0.20,71      0.44,66      4.75,92      4.10,65      10.14,87      2.09,60      0.72,51      34.5%,44      0.14,74      0.40,75      18.60,29      0.00,29      0.11,57      +0.05,73      +0.05,71      21.30,30      32.23,40      66.1%,14      324.89,36      90.07,43      12.73,32      15.76,35      80.8%,21      6.40,34      9.42,45      67.9%,15      1.30,43      2.88,49      45.0%,26      0.22,91      1.37,48      1.44,39      1.87,89      0.29,68      30.79,46      1.30,41      0.00,13      0.43,86      0.14,43      3.81,78      0.72,81      0.50,56      0.07,45      0.00,28      0.00,40      0.14,55      2.23,2      3.53,68      2.66,73      0.00,16      0.29,64      0.14,27      0.36,86      0.07,77      0.43,64      0.36,78      0.00,36      0.00,25      0.00,27      0.00,32      0.07,98      1.08,29      0.50,26      0.22,11      0.58,51      0.29,42      0.58,47      1.44,42      40.0%,51      0.86,53      1.22,66      0.00,15      1.22,77      0.50,60      1.58,36      0.22,10      0.00,59      42.45,28      0.79,45      4.17,20      15.40,30      23.67,62      5.40,77      42.45,28      3.09,42      1.01,22      32.6%,11      1.51,51      48.8%,30      26.19,36      178.27,49      107.70,74      2.30,71      2.09,87      1.22,97      1.65,38      30.29,40      0.00,51      0.58,85      1.01,28      0.14,66      0.00,35      0.00,56      0.00,52      4.96,63      0.22,11      0.79,71      21.4%,15       https://fbref.com/req/202302030/images/headshots/de112b84_2022.jpg
Allan Saint-Maximin
AM      0.08,16      0.40,95      0.48,75      0.08,18      0.00,40      0.00,40      0.08,68      0.00,53      0.13,21      0.13,21      0.37,97      0.50,76      7.47,99      5.54,92      8.92,76      2.25,69      0.88,75      39.3%,70      0.04,16      0.09,11      17.60,43      0.00,29      0.06,6      -0.05,30      -0.05,30      25.39,51      35.92,62      70.7%,29      408.78,59      128.49,75      13.58,39      16.79,42      80.9%,22      8.52,62      12.38,75      68.8%,19      2.33,71      3.29,56      70.7%,89      0.23,92      2.49,96      1.85,61      2.81,98      0.32,70      34.96,65      0.72,23      0.08,38      0.32,73      0.24,54      2.57,56      0.56,69      0.08,34      0.00,21      0.00,28      0.00,40      0.24,19      1.37,28      5.22,96      3.94,96      0.00,16      0.80,97      0.24,51      0.24,73      0.00,21      0.80,95      0.56,94      0.00,36      0.16,94      0.00,27      0.08,91      0.00,43      0.80,11      0.24,1      0.24,18      0.48,39      0.08,5      0.16,4      0.88,14      18.2%,4      0.72,64      0.32,2      0.00,15      0.32,2      0.40,39      1.21,15      0.16,5      0.00,59      48.05,59      0.40,9      5.54,42      15.91,35      27.96,79      6.19,90      48.05,59      7.96,98      4.58,98      57.6%,94      2.65,9      33.3%,88      34.96,84      332.44,98      201.86,99      4.10,98      3.29,96      2.49,31      2.41,6      36.64,68      0.00,51      0.48,91      1.29,53      0.16,65      0.00,35      0.00,56      0.00,52      5.54,76      0.16,8      0.16,99      50.0%,88       https://fbref.com/req/202302030/images/headshots/2b16cb1a_2022.jpg
Matt Targett
FB      0.00,25      0.00,20      0.00,11      0.00,25      0.00,50      0.00,50      0.15,60      0.00,54      0.00,2      0.00,2      0.06,46      0.06,20      0.44,2      6.34,87      1.92,16      0.15,8      0.00,10      0.0%,10      0.00,25      25.80,5      0.00,43      0.01,2      0.00,66      0.00,66      48.10,72      61.82,73      77.8%,46      780.64,73      344.36,91      23.90,63      27.00,64      88.5%,48      20.80,79      23.90,75      87.0%,81      2.66,45      8.26,81      32.1%,8      0.10,74      1.48,84      2.80,46      0.74,46      0.00,2      48.25,67      13.43,96      2.51,96      0.00,20      0.44,81      5.02,85      8.26,78      2.66,91      1.48,93      1.03,90      0.00,47      0.15,49      1.62,25      2.51,80      1.77,78      0.74,90      0.00,26      0.00,16      0.00,19      0.00,30      0.00,8      0.00,11      0.00,40      0.00,45      0.00,40      0.00,45      0.00,48      1.92,45      1.48,69      1.18,48      0.44,25      0.30,81      1.33,72      3.54,97      37.5%,7      2.21,1      1.18,50      0.44,70      0.74,33      1.33,74      3.25,56      2.36,49      0.00,73      68.31,66      2.95,21      21.98,66      27.44,58      19.33,72      0.00,1      68.31,66      0.30,3      0.30,22      100.0%,99      0.00,99      0.0%,99      29.07,42      99.30,11      60.34,26      0.74,21      0.00,4      0.74,74      0.89,21      35.56,46      0.00,50      1.48,15      0.44,22      0.00,80      0.00,45      0.00,66      0.00,56      6.79,93      1.62,77      1.03,55      61.1%,85       https://fbref.com/req/202302030/images/headshots/e514ab62_2022.jpg
Anthony Gordon
AM      0.23,55      0.00,6      0.23,23      0.23,60      0.00,40      0.00,40      0.40,5      0.00,53      0.28,72      0.28,77      0.09,16      0.37,54      2.73,44      1.93,11      6.37,42      1.93,52      1.02,81      52.9%,96      0.12,60      0.22,34      16.00,64      0.06,70      0.15,91      -0.06,26      -0.06,27      20.20,24      27.19,22      74.3%,45      291.68,30      66.68,23      12.23,27      14.22,22      86.0%,61      6.26,30      8.14,29      76.9%,51      1.02,24      2.22,36      46.2%,30      0.08,18      0.80,13      1.08,20      0.91,32      0.11,29      26.34,25      0.63,15      0.06,30      0.17,46      0.06,18      1.93,46      0.11,15      0.23,45      0.23,58      0.00,28      0.00,40      0.23,29      0.80,88      2.22,15      1.31,5      0.06,42      0.11,22      0.40,94      0.17,54      0.17,99      0.06,3      0.06,6      0.00,36      0.00,25      0.00,27      0.00,32      0.00,43      2.73,97      1.93,98      1.25,94      0.97,89      0.51,88      0.97,88      2.45,93      39.5%,48      1.48,10      1.59,88      0.06,42      1.54,95      0.34,30      3.07,91      0.68,63      0.06,6      42.04,26      1.02,60      6.66,66      15.76,32      20.08,32      4.21,61      42.04,26      3.75,54      1.02,25      27.3%,2      2.39,14      63.6%,1      23.95,25      174.48,45      69.41,26      2.05,57      1.37,68      2.90,12      1.59,45      27.65,25      0.00,51      1.54,16      1.31,55      0.23,51      0.00,35      0.00,56      0.00,52      4.61,44      0.51,47      1.82,25      22.0%,18       https://fbref.com/req/202302030/images/headshots/2bd83368_2022.jpg
Chris Wood
FW      0.33,58      0.00,9      0.33,31      0.22,33      0.11,87      0.11,86      0.00,92      0.00,53      0.31,43      0.22,18      0.06,8      0.28,9      0.33,1      1.21,21      3.85,6      1.21,3      0.44,4      36.4%,38      0.18,83      0.50,93      13.00,69      0.00,36      0.18,85      +0.02,65      0.00,58      11.99,25      19.47,30      61.6%,14      150.40,26      31.69,26      7.26,23      12.10,47      60.0%,3      3.30,33      5.17,38      63.8%,16      0.55,33      0.77,28      71.4%,86      0.04,18      0.66,13      0.88,40      0.33,21      0.00,19      19.36,40      0.11,3      0.00,25      0.11,40      0.11,55      0.00,3      0.00,14      0.00,33      0.00,40      0.00,45      0.00,47      0.00,86      0.11,99      1.21,3      0.88,3      0.00,33      0.00,3      0.22,47      0.11,30      0.00,28      0.00,3      0.00,4      0.00,45      0.00,26      0.00,26      0.00,31      0.00,47      0.55,23      0.44,47      0.00,8      0.33,45      0.22,40      0.33,65      0.66,35      50.0%,86      0.33,70      0.44,16      0.33,97      0.11,3      0.22,43      0.77,28      0.99,70      0.00,57      27.29,16      1.32,74      3.41,55      13.97,48      10.01,3      2.64,4      27.18,16      0.44,1      0.11,1      25.0%,3      0.22,99      50.0%,34      11.22,3      38.29,1      14.52,1      0.33,4      0.00,2      2.53,53      1.21,81      19.80,21      0.00,50      0.66,96      0.77,18      0.66,31      0.00,33      0.00,53      0.00,50      2.31,31      4.62,96      5.17,4      47.2%,79       https://fbref.com/req/202302030/images/headshots/4e9a0555_2022.jpg
Jonjo Shelvey
MF      0.00,16      0.00,13      0.00,7      0.00,16      0.00,46      0.00,45      0.31,26      0.00,55      0.03,18      0.03,19      0.05,22      0.08,18      0.16,1      5.77,71      0.00,1      0.94,34      0.00,4      0.0%,4      0.00,16      24.40,18      0.00,35      0.03,5      -0.03,34      -0.03,34      37.44,55      51.16,66      73.2%,10      811.56,77      317.73,95      12.17,11      14.35,8      84.8%,21      16.53,68      19.03,67      86.9%,63      7.95,96      16.53,99      48.1%,19      0.12,71      0.94,47      6.40,90      1.25,80      0.31,81      45.86,59      5.30,92      4.52,99      0.47,88      1.25,99      2.03,72      0.16,41      0.00,22      0.00,29      0.00,32      0.00,42      0.00,95      0.16,99      2.50,49      1.72,45      0.62,89      0.00,15      0.16,67      0.00,9      0.00,21      0.00,7      0.00,8      0.00,40      0.00,39      0.00,36      0.00,36      0.00,44      0.47,1      0.16,1      0.16,1      0.16,1      0.16,22      0.16,1      1.56,24      10.0%,1      1.40,21      1.25,43      0.31,61      0.94,43      0.78,32      1.25,2      1.56,77      0.16,2      58.18,57      3.59,90      17.16,82      35.41,71      5.77,5      0.16,2      58.18,57      0.62,8      0.62,32      100.0%,99      0.00,98      0.0%,98      29.32,40      162.37,55      71.91,48      0.47,8      0.00,9      0.47,99      0.62,78      36.03,50      0.00,53      1.56,28      0.16,1      0.00,80      0.00,43      0.16,1      0.00,54      5.62,33      0.62,31      0.16,99      80.0%,99       https://fbref.com/req/202302030/images/headshots/3727dd3c_2022.jpg