
James Ward-Prowse
MF      0.24,86      0.11,61      0.35,78      0.19,82      0.05,96      0.11,99      0.16,64      0.00,55      0.15,80      0.07,39      0.17,85      0.23,65      0.51,13      5.05,57      1.55,41      1.07,50      0.43,68      40.0%,82      0.18,88      0.44,73      27.10,7      0.45,98      0.06,30      +0.09,85      +0.12,92      45.81,74      58.10,77      78.9%,38      774.17,72      232.73,80      22.27,72      24.62,70      90.5%,74      18.34,73      21.60,77      84.9%,49      4.08,79      9.13,92      44.7%,8      0.14,78      1.98,92      4.73,78      0.83,48      0.43,88      49.12,69      8.78,97      3.95,99      0.05,18      0.37,69      6.43,97      0.21,53      3.87,98      1.66,96      1.68,99      0.00,42      0.19,42      0.96,55      3.39,85      1.66,43      1.58,99      0.03,30      0.08,33      0.03,19      0.03,42      0.24,54      0.08,31      0.08,92      0.03,79      0.05,86      0.00,36      0.00,44      1.74,28      0.99,24      0.83,40      0.72,28      0.19,34      0.56,17      1.63,28      34.4%,18      1.07,56      0.80,9      0.27,50      0.53,5      1.47,84      3.20,56      1.28,56      0.00,69      66.32,72      2.59,63      11.93,52      36.84,77      17.81,67      0.75,30      66.21,72      0.53,6      0.19,4      35.0%,10      0.32,76      60.0%,4      31.29,52      116.51,21      53.77,24      0.72,20      0.03,18      0.69,93      0.59,81      39.03,60      0.00,53      0.91,79      0.51,13      0.00,80      0.00,43      0.00,57      0.03,7      5.93,43      1.17,76      1.39,22      45.8%,47       https://fbref.com/req/202302030/images/headshots/3515d404_2022.jpg
Gavin Bazunu
GK      1.75,27      3.75,20      2.09,9      54.2%,5      0.19,13      0.19,34      0.63,91      0.13,16      12.5%,16      0.06,16      0.03,95      0.03,73      0.00,39      50.0%,89      0.03,30      0.22,38      0.13,20      1.11,77      0.28,41      -0.52,9      6.63,91      19.66,91      33.7%,57      29.22,70      4.50,41      50.2%,84      38.1,80      7.41,66      67.5%,84      50.0,88      14.25,55      1.13,80      7.9%,79      1.50,75      15.1,48       https://fbref.com/req/202302030/images/headshots/c91441dc_2022.jpg
Kyle Walker-Peters
FB      0.03,55      0.00,20      0.03,27      0.03,55      0.00,50      0.00,50      0.14,67      0.00,54      0.03,45      0.03,45      0.05,40      0.08,37      3.46,91      3.29,36      3.87,60      0.44,39      0.17,61      38.5%,83      0.08,67      0.20,48      18.10,51      0.00,43      0.08,61      0.00,66      0.00,66      34.61,30      44.97,23      77.0%,43      504.88,17      197.29,27      20.62,49      22.86,46      90.2%,65      11.28,17      14.94,17      75.5%,23      1.63,16      3.77,17      43.2%,34      0.08,67      0.51,37      2.41,31      0.95,63      0.31,45      35.52,21      9.31,66      0.54,31      0.03,42      0.03,16      1.70,43      8.66,85      0.10,68      0.00,34      0.00,36      0.00,47      0.14,57      1.73,20      1.80,57      1.12,34      0.14,62      0.27,95      0.10,72      0.14,85      0.03,66      0.10,42      0.03,22      0.03,84      0.00,45      0.00,40      0.00,45      0.03,97      2.07,55      1.09,37      1.15,45      0.82,77      0.10,27      0.75,19      1.46,27      51.2%,29      0.71,52      1.60,86      0.27,33      1.32,92      0.92,30      2.99,38      1.77,21      0.00,75      57.46,26      3.06,26      15.93,14      24.83,36      17.66,61      1.70,69      57.46,26      3.50,92      1.66,96      47.6%,62      1.32,9      37.9%,58      29.78,44      199.09,75      109.90,80      2.58,97      0.65,90      1.32,23      1.46,1      31.14,33      0.00,50      0.85,67      1.39,86      0.03,58      0.00,45      0.03,22      0.00,56      5.30,45      0.54,10      0.95,63      36.4%,10       https://fbref.com/req/202302030/images/headshots/984a5a64_2022.jpg
Mohamed Elyounoussi
MF,AM      0.04,39,11      0.04,35,21      0.08,25,4      0.04,40,11      0.00,46,40      0.00,45,40      0.17,60,40      0.00,55,53      0.15,77,29      0.15,79,29      0.09,44,19      0.23,66,14      2.32,78,29      2.08,2,15      4.07,71,11      1.49,73,22      0.42,64,20      27.8%,46,23      0.03,36,11      0.10,33,13      15.80,89,70      0.00,35,29      0.10,74,46      -0.10,7,10      -0.10,7,10      17.68,2,13      26.28,5,21      67.3%,3,18      247.00,3,14      67.96,1,26      11.29,7,19      14.45,10,24      78.2%,3,12      4.48,1,9      6.93,1,16      64.7%,1,9      1.16,6,38      2.32,8,38      50.0%,21,44      0.07,38,15      0.75,36,12      1.33,3,34      0.79,45,26      0.25,72,58      25.32,4,21      0.87,20,34      0.08,8,39      0.29,65,70      0.04,9,16      1.41,60,29      0.66,81,80      0.04,49,27      0.04,60,44      0.00,32,28      0.00,42,40      0.08,77,72      0.91,58,73      1.70,22,4      1.41,28,9      0.00,20,16      0.04,38,10      0.08,34,11      0.12,68,31      0.04,58,53      0.17,36,15      0.17,55,37      0.00,40,36      0.00,39,25      0.00,36,27      0.00,36,32      0.00,44,43      1.91,42,77      1.16,47,76      0.91,54,79      0.83,40,75      0.17,26,19      0.79,40,75      1.79,40,66      44.2%,55,66      1.00,61,44      1.66,73,95      0.12,18,71      1.54,85,73      1.12,62,96      3.03,43,89      1.54,76,97      0.00,69,59      39.52,6,20      2.49,60,98      8.47,12,79      16.56,2,37      15.03,55,11      2.24,67,13      39.52,6,20      1.99,61,13      1.04,63,26      52.1%,57,86      0.83,30,85      41.7%,32,64      20.09,6,6      130.39,34,12      60.73,35,15      1.70,75,40      0.50,76,15      1.58,33,87      1.58,15,47      22.13,5,6      0.00,53,51      1.70,19,9      0.75,23,12      0.12,21,74      0.00,43,35      0.00,57,56      0.00,54,52      5.48,31,73      1.54,86,86      1.83,7,24      45.7%,46,82       https://fbref.com/req/202302030/images/headshots/68dc0dac_2022.jpg
Roméo Lavia
MF      0.04,38      0.00,13      0.04,16      0.04,39      0.00,46      0.00,45      0.36,17      0.00,55      0.02,7      0.02,8      0.02,10      0.04,7      0.89,30      4.13,43      0.57,16      0.49,12      0.12,17      25.0%,34      0.08,56      0.33,60      27.00,8      0.00,35      0.03,5      +0.02,63      +0.02,61      34.81,48      40.40,35      86.2%,83      600.34,53      161.52,51      15.64,33      17.22,19      90.8%,76      15.76,63      17.26,58      91.3%,89      2.76,50      3.77,34      73.1%,85      0.02,9      0.65,27      4.09,62      0.36,20      0.00,12      39.91,40      0.41,10      0.20,14      0.20,55      0.36,68      0.12,8      0.04,17      0.16,60      0.00,29      0.00,32      0.08,93      0.08,79      0.89,61      1.66,20      1.26,20      0.08,60      0.12,64      0.04,19      0.12,66      0.04,56      0.12,25      0.04,19      0.00,40      0.00,39      0.00,36      0.04,84      0.04,95      2.43,66      1.42,65      1.09,72      1.18,76      0.16,24      0.85,46      2.15,65      39.6%,37      1.30,26      1.90,89      0.45,82      1.46,80      1.34,77      3.77,76      0.93,38      0.04,25      52.19,40      2.35,52      12.08,54      33.55,65      7.17,12      0.04,1      52.19,40      2.03,63      1.13,71      56.0%,70      0.53,52      26.0%,81      32.58,58      173.23,62      77.11,54      0.85,29      0.00,9      0.97,73      1.26,29      32.17,35      0.00,53      1.13,60      1.95,88      0.00,80      0.04,92      0.00,57      0.00,54      7.58,84      0.28,8      0.41,95      41.2%,35       https://fbref.com/req/202302030/images/headshots/ecad9aa5_2022.jpg
Armel Bella Kotchap
CB      0.00,25      0.10,94      0.10,73      0.00,25      0.00,50      0.00,50      0.19,43      0.00,52      0.05,50      0.05,50      0.05,87      0.10,72      0.43,40      1.87,15      0.10,25      0.67,73      0.10,43      14.3%,28      0.00,25      0.00,25      16.10,12      0.00,46      0.07,18      -0.05,25      -0.05,25      35.88,25      44.88,23      79.9%,24      669.61,19      216.55,9      13.89,34      15.57,30      89.2%,37      18.39,23      20.31,17      90.6%,43      3.21,20      7.62,49      42.1%,8      0.02,57      0.29,69      1.53,10      0.19,61      0.00,30      43.49,25      1.34,22      1.01,34      0.05,64      0.43,56      0.19,64      0.24,36      0.00,48      0.00,49      0.00,49      0.00,50      0.05,87      0.57,20      0.67,33      0.34,8      0.00,30      0.05,88      0.14,88      0.10,93      0.05,88      0.10,66      0.05,50      0.00,47      0.00,49      0.05,96      0.00,46      0.00,49      1.77,73      0.81,54      1.34,82      0.43,56      0.00,19      0.72,59      0.96,40      75.0%,91      0.24,82      1.39,61      0.57,27      0.81,87      2.11,96      3.88,91      5.27,85      0.00,83      58.00,25      10.01,69      31.33,36      24.86,36      2.20,28      1.05,55      58.00,25      0.53,77      0.19,50      36.4%,22      0.14,25      27.3%,41      33.38,38      171.00,44      90.96,41      0.57,65      0.10,88      0.43,46      0.29,17      32.67,29      0.00,52      0.43,90      1.58,97      0.00,74      0.00,48      0.00,68      0.00,63      6.95,90      1.92,36      1.34,39      58.8%,39       https://fbref.com/req/202302030/images/headshots/a39d11bc_2022.jpg
Che Adams
FW      0.23,30      0.14,58      0.36,42      0.23,35      0.00,32      0.00,30      0.05,82      0.00,53      0.30,40      0.30,45      0.13,55      0.42,40      0.77,13      1.54,43      5.20,47      2.12,31      0.63,16      29.8%,11      0.11,42      0.36,59      13.80,62      0.00,36      0.14,50      -0.07,36      -0.07,35      14.91,45      22.50,55      66.3%,30      210.14,50      47.08,55      9.26,48      12.56,55      73.7%,19      3.52,36      5.33,43      66.1%,28      1.17,70      1.67,67      70.3%,84      0.10,62      1.08,62      0.95,43      0.50,42      0.09,62      22.14,55      0.32,11      0.00,25      0.27,69      0.32,86      0.54,53      0.18,52      0.00,33      0.00,40      0.00,45      0.00,47      0.05,72      0.77,67      2.58,60      1.99,74      0.05,72      0.09,19      0.23,50      0.23,72      0.00,28      0.32,53      0.23,62      0.00,45      0.00,26      0.00,27      0.09,92      0.00,47      0.77,43      0.59,62      0.32,69      0.36,53      0.09,14      0.32,62      0.54,23      58.3%,96      0.23,89      0.59,26      0.18,72      0.41,19      0.18,36      0.95,38      0.99,72      0.00,57      32.39,35      1.31,72      2.98,45      12.92,28      17.03,57      4.65,55      32.39,35      1.54,30      0.77,38      50.0%,81      0.59,81      38.2%,81      18.34,45      73.33,23      21.28,8      0.50,9      0.41,16      2.98,35      1.27,74      25.21,52      0.00,50      1.72,16      1.22,60      0.63,36      0.00,33      0.00,53      0.00,50      2.39,36      2.76,86      4.65,11      37.2%,58       https://fbref.com/req/202302030/images/headshots/f2bf1b0f_2022.jpg
Romain Perraud
FB      0.10,87      0.10,78      0.20,81      0.10,87      0.00,50      0.00,50      0.20,44      0.00,54      0.06,77      0.06,77      0.09,70      0.16,74      1.62,46      3.04,30      5.98,81      1.47,95      0.29,85      20.0%,40      0.07,62      0.33,64      22.30,21      0.00,43      0.04,16      +0.03,85      +0.03,85      30.56,15      43.41,17      70.4%,14      430.43,10      167.69,17      18.49,36      21.73,38      85.1%,19      9.81,11      13.24,7      74.1%,20      1.28,8      4.46,28      28.6%,5      0.09,69      0.74,62      2.31,23      0.74,45      0.39,61      35.75,22      7.41,27      0.34,14      0.05,54      0.00,8      3.78,77      7.01,42      0.05,63      0.00,34      0.00,36      0.00,47      0.25,23      2.01,7      1.86,60      1.13,37      0.05,46      0.20,90      0.39,98      0.05,52      0.05,77      0.25,77      0.15,72      0.00,40      0.05,97      0.00,40      0.05,95      0.00,48      2.65,79      1.62,83      1.13,42      1.13,92      0.39,89      1.37,78      2.55,78      53.8%,42      1.18,21      1.18,49      0.29,39      0.88,57      0.98,40      3.63,74      2.06,33      0.00,75      56.55,22      2.65,13      17.66,23      19.91,16      19.37,73      1.91,74      56.55,22      1.86,75      0.49,43      26.3%,11      1.23,10      65.8%,3      29.87,45      147.09,44      68.08,37      1.72,80      0.25,60      1.32,25      0.69,36      30.70,32      0.00,50      1.52,11      0.74,49      0.15,20      0.00,45      0.00,66      0.05,7      4.76,26      0.69,20      1.13,44      37.8%,14       https://fbref.com/req/202302030/images/headshots/6dfd8f05_2022.jpg
Mohammed Salisu
CB      0.00,25      0.05,76      0.05,49      0.00,25      0.00,50      0.00,50      0.23,29      0.00,52      0.07,72      0.07,72      0.03,59      0.10,66      0.23,25      3.74,66      0.18,41      0.87,92      0.18,67      21.1%,38      0.00,25      0.00,25      12.20,43      0.00,46      0.08,26      -0.07,12      -0.07,12      40.10,34      54.56,50      73.5%,8      735.24,31      336.19,57      16.42,52      18.79,54      87.4%,23      19.43,30      24.54,39      79.2%,4      3.92,41      9.53,75      41.1%,6      0.02,54      0.32,77      3.65,62      0.32,82      0.18,96      49.04,40      5.25,90      1.14,43      0.05,62      0.46,59      0.59,87      3.97,90      0.00,48      0.00,49      0.00,49      0.00,50      0.27,15      0.55,24      1.14,86      0.73,71      0.23,96      0.05,87      0.14,83      0.00,36      0.00,36      0.14,77      0.05,49      0.05,97      0.00,49      0.05,94      0.00,46      0.00,49      2.33,91      1.32,90      1.51,87      0.73,87      0.09,66      1.09,83      1.55,70      70.6%,85      0.46,49      2.55,98      1.14,83      1.41,99      1.41,70      3.74,88      5.57,91      0.05,51      68.61,55      10.04,70      34.44,56      28.97,51      5.66,81      1.14,62      68.61,55      0.50,76      0.36,86      72.7%,68      0.14,28      27.3%,41      33.07,36      154.68,35      70.98,23      0.50,60      0.00,27      0.23,82      0.41,3      34.53,33      0.00,52      1.19,8      0.14,6      0.05,36      0.00,48      0.00,68      0.05,14      7.21,94      2.51,65      1.19,62      67.9%,77       https://fbref.com/req/202302030/images/headshots/0b33f6ad_2022.jpg
Jan Bednarek
CB      0.00,25      0.00,32      0.00,17      0.00,25      0.00,50      0.00,50      0.25,19      0.00,52      0.02,15      0.02,15      0.01,14      0.03,7      0.46,41      2.54,29      0.10,27      0.41,33      0.00,8      0.0%,8      0.00,25      14.20,21      0.00,46      0.05,9      -0.02,45      -0.02,45      41.29,40      49.16,31      84.0%,48      771.50,38      306.06,45      15.69,48      17.98,49      87.3%,22      20.98,38      22.96,33      91.4%,54      4.16,50      6.91,36      60.3%,62      0.02,22      0.15,28      1.88,15      0.05,13      0.00,30      46.37,33      2.74,69      1.88,85      0.00,24      0.15,23      0.05,30      0.61,66      0.00,48      0.00,49      0.00,49      0.00,50      0.05,85      0.46,38      0.36,6      0.25,3      0.05,80      0.00,41      0.05,48      0.00,36      0.00,36      0.00,14      0.00,18      0.00,47      0.00,49      0.00,41      0.00,46      0.00,49      1.52,64      1.22,80      1.02,69      0.51,66      0.00,19      0.66,49      0.86,36      76.5%,93      0.20,88      2.08,91      1.42,97      0.66,80      2.59,99      4.11,93      4.67,73      0.00,83      61.25,41      10.87,80      34.23,55      25.40,40      1.93,17      0.71,28      61.25,41      0.10,13      0.05,13      50.0%,33      0.05,62      50.0%,15      31.79,33      150.44,31      89.24,39      0.05,4      0.00,27      0.10,93      0.05,82      33.42,31      0.00,52      0.81,39      0.41,40      0.00,74      0.00,48      0.00,68      0.05,10      5.18,44      2.03,46      0.81,90      71.4%,85       https://fbref.com/req/202302030/images/headshots/4115ce4e_2022.jpg
Stuart Armstrong
MF,AM      0.13,64,24      0.06,43,29      0.19,58,19      0.13,67,30      0.00,46,40      0.00,45,40      0.38,15,6      0.00,55,53      0.15,80,31      0.15,82,34      0.14,76,48      0.30,80,35      3.90,99,82      4.79,55,79      5.63,86,27      1.47,72,19      0.38,59,15      26.1%,36,15      0.09,60,38      0.33,60,56      17.90,68,39      0.00,35,29      0.10,74,46      -0.03,38,42      -0.03,38,43      33.94,41,84      43.21,46,82      78.6%,37,74      513.98,34,79      142.16,37,86      18.92,53,78      21.80,53,78      86.8%,38,69      12.08,37,86      14.45,37,82      83.6%,38,79      1.85,22,56      3.52,30,59      52.7%,29,49      0.18,90,77      1.15,58,35      3.00,37,84      2.05,96,91      0.45,89,84      40.53,45,82      2.56,70,61      0.26,18,54      0.19,52,54      0.19,30,48      2.37,77,54      0.89,88,88      0.13,56,39      0.00,29,21      0.13,74,66      0.00,42,40      0.13,59,57      1.53,8,18      3.20,74,47      2.49,80,68      0.06,53,44      0.00,15,4      0.38,99,90      0.26,90,77      0.00,21,21      0.13,26,6      0.06,25,8      0.00,40,36      0.00,39,25      0.00,36,27      0.06,90,86      0.00,44,43      2.05,47,81      1.34,62,85      0.96,61,85      0.83,41,76      0.26,51,35      0.89,53,84      2.49,83,94      35.9%,24,39      1.60,13,6      1.15,34,63      0.00,2,15      1.15,60,18      0.64,19,68      2.68,30,76      0.58,14,55      0.13,6,2      55.23,49,81      1.34,18,73      8.50,13,80      25.76,33,89      21.80,83,45      2.37,70,18      55.23,49,81      3.32,90,48      1.41,83,49      42.3%,26,47      1.34,11,58      40.4%,35,69      34.45,63,80      246.67,91,91      122.09,90,88      2.88,98,86      0.64,86,27      1.79,27,78      1.79,10,29      38.10,56,76      0.00,53,51      1.09,65,57      1.28,60,52      0.06,37,85      0.00,43,35      0.00,57,56      0.00,54,52      5.31,24,69      0.38,13,34      0.51,87,90      42.9%,39,74       https://fbref.com/req/202302030/images/headshots/97333cf5_2022.jpg
Adam Armstrong
AM,FW      0.13,28,9      0.07,30,31      0.20,20,14      0.13,34,14      0.00,40,32      0.00,40,30      0.13,51,55      0.00,53,53      0.14,26,3      0.14,26,3      0.09,20,34      0.22,11,3      2.63,38,77      1.08,2,14      4.72,18,23      1.69,34,14      0.81,61,35      48.0%,93,89      0.08,34,23      0.17,26,15      15.90,67,32      0.00,29,36      0.08,21,7      -0.01,49,57      -0.01,48,53      14.83,6,42      20.36,3,33      72.8%,36,55      218.09,7,55      39.44,5,47      8.09,4,31      9.84,3,25      82.2%,28,58      4.79,14,62      6.00,8,55      79.8%,64,75      0.88,22,62      1.55,18,57      56.5%,59,52      0.05,6,30      0.74,10,28      0.88,12,38      0.67,19,58      0.13,36,77      18.00,2,31      2.36,57,84      0.00,13,25      0.00,5,8      0.27,58,82      0.94,23,67      0.20,31,58      0.00,12,33      0.00,21,40      0.00,28,45      0.00,40,47      0.00,92,86      1.42,27,11      1.62,1,16      1.28,4,35      0.00,16,33      0.13,24,35      0.07,7,9      0.07,14,19      0.07,75,82      0.13,7,16      0.07,9,11      0.00,36,45      0.00,25,26      0.00,27,27      0.00,32,31      0.07,97,99      0.94,21,55      0.61,36,65      0.40,36,77      0.34,25,47      0.20,23,35      0.20,5,33      0.67,4,40      30.0%,27,44      0.47,90,58      1.01,52,74      0.20,85,79      0.81,35,11      0.34,29,69      1.28,20,57      0.40,37,23      0.00,59,57      30.88,4,26      0.74,40,35      4.79,30,79      11.87,7,21      14.97,9,36      3.10,32,9      30.88,4,26      2.90,35,70      0.88,14,45      30.2%,8,9      1.69,43,19      58.1%,5,9      17.19,2,30      157.62,34,86      67.15,24,77      1.96,54,91      0.74,34,48      1.62,86,94      1.48,55,55      18.40,2,9      0.00,51,50      1.15,47,62      0.61,5,9      0.13,70,87      0.00,35,33      0.00,56,53      0.00,52,50      3.64,20,79      0.34,30,9      1.42,40,81      19.2%,11,6       https://fbref.com/req/202302030/images/headshots/68c720b5_2022.jpg
Ainsley Maitland-Niles
FB      0.00,25      0.00,20      0.00,11      0.00,25      0.00,50      0.00,50      0.19,45      0.00,54      0.00,2      0.00,2      0.04,36      0.04,14      0.96,20      3.65,52      2.24,26      0.06,3      0.06,31      100.0%,98      0.00,25      0.00,25      31.40,2      0.00,43      0.02,3      0.00,66      0.00,66      36.14,33      45.61,25      79.2%,55      596.29,40      207.57,37      18.42,34      21.17,33      87.0%,31      13.69,37      16.50,31      82.9%,66      3.20,66      5.37,48      59.5%,84      0.04,28      0.64,52      3.33,66      0.77,51      0.32,48      40.49,38      4.93,14      0.70,43      0.13,79      0.19,50      1.28,25      4.22,15      0.00,30      0.00,34      0.00,36      0.00,47      0.19,32      0.77,90      1.54,46      1.41,60      0.00,16      0.06,69      0.00,16      0.06,60      0.00,30      0.13,50      0.06,32      0.00,40      0.00,45      0.00,40      0.06,97      0.00,48      2.88,85      1.54,74      1.47,68      1.15,93      0.26,69      1.79,91      2.81,85      63.6%,62      1.02,27      1.79,95      0.45,73      1.34,95      1.41,85      4.29,86      2.88,72      0.06,25      58.34,28      4.67,79      20.98,55      28.15,61      9.91,16      0.45,9      58.34,28      1.41,54      1.09,85      77.3%,96      0.32,75      22.7%,90      26.03,25      130.23,31      56.61,20      0.83,25      0.13,36      1.66,9      0.83,26      32.56,38      0.00,50      0.83,69      0.51,36      0.00,80      0.06,95      0.06,7      0.00,56      5.76,66      0.96,39      0.70,87      57.7%,69       https://fbref.com/req/202302030/images/headshots/e3a5814e_2022.jpg
Joe Aribo
AM      0.15,34      0.00,6      0.15,12      0.15,38      0.00,40      0.00,40      0.15,47      0.00,53      0.11,14      0.11,14      0.06,5      0.17,3      1.40,8      2.87,38      4.71,15      1.03,6      0.59,42      57.1%,97      0.14,74      0.25,39      10.90,99      0.00,29      0.11,57      +0.04,66      +0.04,65      20.59,26      28.31,23      72.7%,35      264.04,20      66.69,24      13.75,42      17.65,54      77.9%,11      4.85,16      6.40,13      75.9%,42      0.66,11      0.88,3      75.0%,95      0.04,1      0.66,5      1.47,43      0.66,15      0.00,5      27.65,30      0.66,19      0.00,13      0.00,5      0.00,6      0.59,8      0.15,21      0.00,12      0.00,21      0.00,28      0.00,40      0.00,92      1.18,49      1.99,9      1.69,18      0.00,16      0.07,14      0.07,10      0.07,18      0.07,82      0.15,10      0.07,11      0.00,36      0.07,79      0.00,27      0.00,32      0.00,43      2.28,89      1.47,89      1.10,90      0.88,84      0.29,44      0.81,76      1.47,46      55.0%,91      0.66,77      1.03,53      0.07,49      0.96,49      0.74,79      3.01,87      0.81,71      0.00,59      41.62,25      1.03,61      6.40,65      19.78,62      16.32,13      3.38,41      41.62,25      2.87,34      1.25,41      43.6%,55      1.54,47      53.8%,10      21.62,12      95.15,2      45.22,3      0.74,3      0.51,18      2.57,29      1.62,42      26.03,16      0.00,51      0.74,79      0.96,25      0.00,97      0.00,35      0.00,56      0.00,52      5.59,77      2.21,95      3.16,2      41.1%,70       https://fbref.com/req/202302030/images/headshots/328f7d51_2022.jpg
Theo Walcott
AM      0.16,35      0.16,57      0.32,39      0.16,39      0.00,40      0.00,40      0.08,69      0.00,53      0.18,40      0.18,44      0.16,55      0.33,46      1.67,12      1.12,3      4.94,21      1.59,26      0.56,35      35.0%,47      0.10,44      0.29,47      16.90,48      0.00,29      0.11,57      -0.02,46      -0.02,45      14.35,5      20.89,4      68.7%,19      182.07,4      41.13,6      9.57,10      12.04,12      79.5%,16      3.11,2      5.42,3      57.4%,2      0.32,2      1.12,6      28.6%,3      0.14,54      1.20,38      0.56,5      0.56,8      0.16,44      20.41,5      0.48,13      0.00,13      0.08,19      0.00,6      1.67,40      0.08,11      0.00,12      0.00,21      0.00,28      0.00,40      0.00,92      0.24,98      2.23,16      1.83,29      0.00,16      0.00,4      0.32,74      0.08,19      0.00,21      0.16,14      0.16,35      0.00,36      0.00,25      0.00,27      0.00,32      0.00,43      1.04,25      0.48,23      0.64,62      0.32,23      0.08,4      0.64,55      2.15,82      29.6%,25      1.51,8      0.64,11      0.08,53      0.56,8      0.72,76      1.75,41      0.56,53      0.00,59      30.61,3      1.04,63      5.98,52      12.04,9      13.47,5      3.51,44      30.61,3      1.91,11      0.96,18      50.0%,78      0.80,86      41.7%,64      17.86,4      110.33,7      59.71,13      0.96,5      0.80,36      1.91,68      0.96,94      20.41,4      0.00,51      0.56,87      0.80,15      1.20,1      0.00,35      0.00,56      0.08,1      4.23,34      0.72,63      0.64,84      52.9%,94       https://fbref.com/req/202302030/images/headshots/1ecb65be_2022.jpg
Carlos Alcaraz
AM      0.35,79      0.17,61      0.52,78      0.35,81      0.00,40      0.00,40      0.26,14      0.00,53      0.17,38      0.17,40      0.06,6      0.23,13      1.75,13      2.45,23      2.80,5      2.10,61      0.87,72      41.7%,78      0.17,87      0.40,75      20.00,16      0.00,29      0.08,21      +0.18,95      +0.18,95      19.42,18      25.36,14      76.6%,59      275.25,21      58.51,12      9.97,12      11.98,11      83.2%,35      7.00,41      8.31,31      84.2%,82      0.70,12      1.66,26      42.1%,21      0.06,11      0.44,1      1.75,57      0.52,6      0.00,5      24.40,18      0.79,29      0.09,40      0.17,47      0.35,72      0.35,2      0.09,13      0.00,12      0.00,21      0.00,28      0.00,40      0.17,46      0.87,76      1.92,7      1.22,2      0.00,16      0.17,36      0.26,61      0.17,56      0.09,86      0.35,51      0.26,57      0.00,36      0.00,25      0.09,86      0.00,32      0.00,43      0.87,19      0.44,13      0.17,9      0.61,53      0.09,7      0.52,39      1.92,74      27.3%,13      1.40,11      1.22,68      0.44,98      0.79,31      0.09,2      0.96,9      0.96,77      0.00,59      37.61,13      1.22,70      6.38,64      20.47,68      11.37,1      2.01,8      37.61,13      2.45,22      1.14,31      46.4%,66      0.96,78      39.3%,73      22.57,15      113.00,8      59.04,12      1.49,25      0.17,3      2.62,28      2.10,16      25.89,15      0.00,51      1.40,24      1.49,61      0.17,61      0.00,35      0.00,56      0.00,52      4.64,47      0.61,54      2.36,9      20.6%,12       https://fbref.com/req/202302030/images/headshots/4abac767_2022.jpg
Lyanco
CB      0.08,77      0.08,85      0.15,91      0.08,77      0.00,50      0.00,50      0.31,8      0.00,52      0.05,45      0.05,45      0.04,74      0.08,51      0.99,82      2.67,33      0.31,62      0.92,94      0.31,93      33.3%,68      0.08,63      0.25,50      19.10,3      0.00,46      0.05,9      +0.03,87      +0.03,87      30.51,8      42.56,15      71.7%,6      588.74,12      212.57,7      10.45,9      12.43,10      84.0%,14      15.86,9      20.06,14      79.1%,3      3.36,24      8.39,62      40.0%,2      0.01,6      0.31,73      2.36,27      0.23,72      0.08,81      37.68,10      4.81,87      1.14,44      0.23,98      0.46,60      0.53,85      3.66,87      0.00,48      0.00,49      0.00,49      0.00,50      0.08,82      0.53,27      0.69,35      0.46,23      0.08,88      0.08,94      0.08,59      0.00,36      0.00,36      0.00,14      0.00,18      0.00,47      0.00,49      0.00,41      0.00,46      0.00,49      1.83,80      1.22,81      1.14,77      0.69,83      0.00,19      0.92,76      1.37,61      66.7%,70      0.46,48      2.29,97      1.91,98      0.38,34      1.53,79      3.36,80      4.96,81      0.15,8      54.92,20      9.38,52      28.07,15      22.65,20      4.88,73      0.92,43      54.92,20      0.84,96      0.61,97      72.7%,68      0.15,23      18.2%,61      28.07,22      144.31,28      78.86,30      0.61,71      0.08,77      0.84,3      0.31,13      26.92,9      0.00,52      1.22,6      0.76,87      0.08,22      0.00,48      0.00,68      0.00,63      6.33,77      1.91,35      1.45,34      56.8%,31       https://fbref.com/req/202302030/images/headshots/b5bf1770_2022.jpg
Ibrahima Diallo
MF      0.00,16      0.00,13      0.00,7      0.00,16      0.00,46      0.00,45      0.44,7      0.00,55      0.02,13      0.02,14      0.01,2      0.03,4      0.99,40      3.08,22      0.66,18      0.66,26      0.00,4      0.0%,4      0.00,16      28.40,3      0.00,35      0.03,5      -0.02,41      -0.02,42      34.84,49      44.18,49      78.9%,38      523.96,37      116.92,22      19.89,60      22.64,60      87.9%,50      12.31,40      15.27,46      80.6%,22      1.76,18      3.74,33      47.1%,15      0.01,1      0.44,13      2.64,28      0.22,10      0.00,12      43.41,51      0.77,18      0.77,52      0.00,7      0.22,37      0.44,30      0.00,7      0.00,22      0.00,29      0.00,32      0.00,42      0.00,95      0.99,52      1.10,9      0.88,8      0.00,20      0.11,60      0.00,7      0.00,9      0.11,84      0.00,7      0.00,8      0.00,40      0.00,39      0.00,36      0.00,36      0.00,44      2.75,84      1.65,83      1.54,90      1.10,70      0.11,8      0.88,49      1.54,23      57.1%,86      0.66,88      1.21,38      0.11,13      1.10,55      0.66,20      3.41,62      1.21,51      0.00,69      54.84,47      1.98,42      14.07,66      33.85,67      8.13,15      0.44,12      54.84,47      1.43,43      0.88,54      61.5%,82      0.55,50      38.5%,42      31.54,54      158.79,51      78.02,59      0.44,6      0.00,9      1.76,29      0.99,52      32.31,36      0.00,53      1.98,10      0.77,29      0.00,80      0.00,43      0.00,57      0.00,54      9.01,96      1.65,89      0.99,46      62.5%,89       https://fbref.com/req/202302030/images/headshots/11ff3d56_2022.jpg
Kamaldeen Sulemana
FW      0.19,24      0.09,44      0.28,24      0.19,24      0.00,32      0.00,30      0.09,69      0.00,53      0.16,3      0.16,5      0.12,51      0.28,10      2.98,86      3.35,88      7.45,80      2.24,37      0.65,22      29.2%,10      0.08,23      0.29,38      18.80,5      0.00,36      0.07,2      +0.03,69      +0.03,68      17.61,63      24.69,63      71.3%,49      270.28,69      57.48,66      9.60,49      11.93,46      80.5%,56      5.50,68      6.99,66      78.7%,71      1.49,83      2.89,85      51.6%,42      0.09,56      1.30,71      1.02,51      0.93,76      0.09,63      23.94,69      0.56,22      0.00,25      0.09,29      0.09,54      1.68,85      0.09,36      0.09,80      0.00,40      0.00,45      0.00,47      0.19,24      1.12,20      3.73,98      2.24,80      0.00,33      0.84,99      0.37,80      0.09,25      0.19,99      0.28,47      0.19,54      0.00,45      0.09,90      0.00,27      0.00,31      0.00,47      1.40,86      0.84,85      0.37,76      0.65,85      0.37,78      0.37,80      1.30,85      28.6%,40      0.93,19      1.49,97      0.00,14      1.49,98      0.56,92      1.96,90      0.56,39      0.00,57      40.16,73      0.65,27      4.38,78      16.30,75      20.68,71      4.10,36      40.16,75      6.34,99      3.35,99      52.9%,86      2.89,1      45.6%,54      25.81,81      215.68,99      90.65,95      2.52,97      1.68,88      3.26,20      1.49,53      27.39,64      0.00,50      0.84,83      1.12,49      0.19,81      0.00,33      0.00,53      0.00,50      3.63,78      0.47,10      1.30,90      26.3%,19       https://fbref.com/req/202302030/images/headshots/a62f8bf1_2022.jpg
Duje Ćaleta-Car
CB      0.10,86      0.00,32      0.10,71      0.10,86      0.00,50      0.00,50      0.19,44      0.00,52      0.08,78      0.08,78      0.00,4      0.08,50      0.48,45      3.14,49      0.00,4      0.48,44      0.19,70      40.0%,78      0.20,87      0.50,75      12.30,39      0.00,46      0.16,80      +0.02,82      +0.02,82      45.67,49      54.04,48      84.5%,50      894.10,48      333.36,54      14.75,36      16.46,35      89.6%,42      25.50,49      27.49,49      92.7%,69      5.04,70      8.85,71      57.0%,51      0.02,36      0.10,14      2.47,33      0.00,6      0.00,30      51.56,49      2.09,51      1.62,70      0.00,24      0.29,40      0.10,48      0.10,17      0.00,48      0.00,49      0.00,49      0.00,50      0.38,3      0.10,97      0.57,20      0.57,41      0.00,30      0.00,41      0.00,15      0.00,36      0.00,36      0.00,14      0.00,18      0.00,47      0.00,49      0.00,41      0.00,46      0.00,49      1.33,46      0.95,62      0.86,44      0.38,39      0.10,69      0.57,39      0.86,34      66.7%,70      0.29,77      1.43,65      1.05,76      0.38,33      1.43,71      2.76,56      6.18,97      0.10,20      66.12,49      12.94,98      39.58,80      25.50,41      1.43,7      0.86,39      66.12,49      0.19,22      0.19,49      100.0%,93      0.00,88      0.0%,88      36.82,48      174.01,48      94.47,48      0.10,10      0.00,27      0.10,94      0.19,40      40.81,46      0.00,52      0.86,33      0.10,2      0.00,74      0.00,48      0.00,68      0.00,63      5.14,40      1.81,29      1.24,60      59.4%,43       https://fbref.com/req/202302030/images/headshots/94f8d10c_2022.jpg
Moussa Djenepo
FB      0.00,25      0.25,95      0.25,90      0.00,25      0.00,50      0.00,50      0.13,75      0.00,54      0.03,41      0.03,41      0.06,52      0.09,42      3.42,90      2.41,8      4.94,75      0.38,34      0.25,78      66.7%,98      0.00,25      0.00,25      13.80,81      0.00,43      0.06,43      -0.03,27      -0.03,27      22.69,2      30.93,1      73.4%,28      330.21,1      97.86,1      13.18,8      15.08,5      87.4%,36      7.61,1      10.52,1      72.3%,17      1.01,2      2.54,2      40.0%,25      0.05,42      1.14,78      1.65,11      0.63,30      0.38,58      27.38,2      3.42,6      0.38,14      0.00,20      0.25,59      1.52,33      3.04,10      0.00,30      0.00,34      0.00,36      0.00,47      0.13,63      1.39,35      2.15,70      1.52,70      0.00,16      0.25,93      0.13,78      0.25,98      0.00,30      0.51,99      0.25,83      0.00,40      0.25,99      0.00,40      0.00,45      0.00,48      2.41,70      1.39,61      1.65,82      0.63,49      0.13,30      1.39,80      3.42,95      40.7%,10      2.03,1      2.41,99      0.25,31      2.15,99      1.39,83      3.80,78      0.89,4      0.00,75      45.38,5      2.03,5      13.06,4      20.03,17      12.93,31      2.03,77      45.38,5      5.32,99      2.41,99      45.2%,54      2.15,1      40.5%,52      24.97,20      180.38,63      92.03,61      1.39,66      0.76,92      1.90,7      0.89,20      23.07,6      0.00,50      1.39,19      2.41,99      0.13,23      0.00,45      0.00,66      0.00,56      7.10,98      0.38,5      1.27,31      23.1%,6       https://fbref.com/req/202302030/images/headshots/254147d4_2022.jpg
Alex McCarthy
GK      2.83,2      5.00,84      2.33,16      46.7%,2      0.00,2      0.17,27      0.83,98      0.00,2      0.0%,2      0.17,68      0.17,21      0.00,25      0.00,39      0.0%,25      0.00,73      0.17,59      0.17,9      1.82,5      0.34,95      -0.85,2      3.67,59      18.83,84      19.5%,2      32.33,88      4.83,55      48.5%,80      36.5,70      8.67,82      36.5%,20      31.0,9      15.33,77      1.00,71      6.5%,48      1.17,45      13.5,30       https://fbref.com/req/202302030/images/headshots/36c2ca73_2022.jpg
Samuel Edozie
AM      0.00,4      0.00,6      0.00,1      0.00,4      0.00,40      0.00,40      0.00,94      0.00,53      0.14,28      0.14,28      0.06,9      0.21,7      4.13,85      2.06,15      6.19,37      1.27,15      0.48,29      37.5%,61      0.00,4      0.00,4      16.50,53      0.00,29      0.11,57      -0.14,6      -0.14,6      17.62,13      26.03,19      67.7%,18      213.97,6      56.19,10      11.90,23      14.76,26      80.6%,20      3.49,3      5.40,2      64.7%,9      0.79,16      1.59,20      50.0%,44      0.06,12      1.27,40      0.95,13      0.95,36      0.16,43      25.87,23      0.00,1      0.00,13      0.16,40      0.00,6      1.75,40      0.00,3      0.00,12      0.00,21      0.00,28      0.00,40      0.16,49      1.90,4      3.17,46      2.06,45      0.00,16      0.48,85      0.00,3      0.63,97      0.00,21      0.00,1      0.00,2      0.00,36      0.00,25      0.00,27      0.00,32      0.00,43      2.70,96      1.59,93      0.95,84      1.59,99      0.16,18      0.48,36      1.27,34      37.5%,43      0.79,59      1.11,60      0.00,15      1.11,68      0.95,93      3.65,97      0.95,77      0.00,59      44.13,39      0.63,29      7.62,76      13.65,18      23.49,62      5.08,73      44.13,39      5.87,94      1.90,77      32.4%,10      2.54,11      43.2%,52      29.05,50      246.19,90      117.62,85      3.33,96      2.06,86      3.81,2      1.90,23      29.84,38      0.00,51      0.16,99      3.49,99      0.16,66      0.16,98      0.00,56      0.00,52      4.76,54      0.95,74      1.90,20      33.3%,51       https://fbref.com/req/202302030/images/headshots/007414dd_2022.jpg
Sekou Mara
FW      0.16,18      0.32,94      0.49,57      0.16,18      0.00,32      0.00,30      0.16,47      0.00,53      0.16,6      0.16,8      0.13,60      0.29,14      1.14,23      1.14,18      4.38,16      2.76,64      0.65,21      23.5%,3      0.06,15      0.25,26      16.20,25      0.00,36      0.06,1      0.00,59      0.00,58      11.03,13      17.35,21      63.6%,19      142.05,19      26.27,18      7.14,21      9.57,18      74.6%,25      2.27,9      2.92,3      77.8%,64      0.65,43      1.14,38      57.1%,55      0.05,24      0.97,53      0.97,45      0.32,18      0.00,19      16.54,19      0.32,13      0.00,25      0.16,50      0.00,14      0.16,8      0.00,14      0.00,33      0.00,40      0.00,45      0.00,47      0.49,1      0.65,82      1.95,33      1.30,38      0.00,33      0.49,92      0.00,4      0.00,5      0.16,99      0.49,87      0.32,87      0.00,45      0.16,99      0.00,27      0.00,31      0.00,47      2.27,99      1.62,99      0.81,99      1.30,99      0.16,25      0.49,87      1.46,87      33.3%,57      0.97,14      1.78,99      0.00,14      1.78,99      0.16,31      2.43,94      0.81,57      0.00,57      35.84,57      0.81,43      4.38,77      16.05,72      16.70,53      4.22,38      35.84,57      4.70,91      2.11,94      44.8%,67      2.59,3      55.2%,16      20.92,58      117.89,50      46.70,48      1.46,74      0.32,14      4.54,1      2.92,3      24.49,47      0.00,50      3.24,1      0.97,42      0.49,58      0.00,33      0.00,53      0.00,50      4.05,86      4.05,92      6.49,1      38.5%,64       https://fbref.com/req/202302030/images/headshots/3544641e_2022.jpg
Jack Stephens
CB      0.00,25      0.00,32      0.00,17      0.00,25      0.00,50      0.00,50      0.22,33      0.00,52      0.03,20      0.03,20      0.01,34      0.04,20      0.74,69      2.73,35      0.22,49      0.15,8      0.07,24      50.0%,88      0.00,25      0.00,25      5.20,98      0.00,46      0.20,96      -0.03,38      -0.03,38      34.63,19      42.16,14      82.1%,38      672.67,22      239.21,17      12.18,20      13.51,20      90.2%,48      18.16,19      20.67,19      87.9%,31      3.99,45      7.01,41      56.8%,50      0.01,20      0.22,45      2.95,36      0.22,69      0.15,93      41.57,22      0.59,2      0.37,4      0.15,92      0.15,20      0.15,60      0.22,35      0.00,48      0.00,49      0.00,49      0.00,50      0.00,95      0.44,41      0.74,48      0.66,61      0.00,30      0.00,41      0.07,57      0.00,36      0.00,36      0.07,56      0.07,66      0.00,47      0.00,49      0.00,41      0.00,46      0.00,49      1.26,38      0.96,64      0.89,48      0.30,24      0.07,56      0.52,29      0.81,30      63.6%,57      0.30,76      1.77,87      1.26,91      0.52,57      1.26,51      2.51,45      4.06,49      0.00,83      51.53,12      9.52,59      27.47,14      21.56,18      2.66,46      0.52,13      51.53,12      0.22,28      0.22,56      100.0%,93      0.00,88      0.0%,88      28.35,23      133.56,24      70.07,22      0.37,46      0.00,27      0.37,56      0.15,52      31.23,19      0.00,52      0.66,56      0.15,8      0.00,74      0.00,48      0.00,68      0.00,63      4.87,31      1.26,6      1.40,35      47.2%,2       https://fbref.com/req/202302030/images/headshots/6adbc307_2022.jpg