
Ezri Konsa
CB      0.00,25      0.00,32      0.00,17      0.00,25      0.00,50      0.00,50      0.16,52      0.00,52      0.03,22      0.03,22      0.04,70      0.06,34      0.19,18      1.52,7      0.30,61      0.22,14      0.00,8      0.0%,8      0.00,25      8.00,91      0.00,46      0.13,76      -0.03,36      -0.03,36      45.54,48      51.42,40      88.6%,83      832.57,43      286.58,30      16.47,54      17.96,48      91.7%,66      25.41,48      27.01,46      94.1%,88      3.25,22      5.47,17      59.4%,61      0.02,36      0.22,41      1.90,17      0.11,28      0.05,75      48.93,39      2.38,64      1.63,71      0.03,50      0.16,24      0.11,49      0.49,61      0.00,48      0.00,49      0.00,49      0.00,50      0.11,59      0.38,50      0.41,9      0.35,12      0.00,30      0.00,41      0.03,31      0.03,75      0.00,36      0.05,43      0.05,52      0.00,47      0.00,49      0.00,41      0.00,46      0.00,49      1.14,31      0.54,22      0.68,30      0.41,54      0.05,46      0.49,24      0.70,17      69.2%,76      0.22,86      1.11,38      0.62,38      0.49,52      0.70,12      1.84,20      3.25,25      0.08,25      59.39,31      9.46,57      34.68,57      23.03,23      1.90,15      0.60,19      59.39,31      0.41,62      0.14,38      33.3%,16      0.08,49      20.0%,57      37.25,49      168.68,41      97.42,49      0.24,35      0.00,27      0.41,52      0.14,59      41.53,48      0.00,52      0.33,96      1.73,99      0.00,74      0.00,48      0.00,68      0.00,63      4.44,17      1.49,14      1.00,81      59.8%,44       https://fbref.com/req/202302030/images/headshots/0313a347_2022.jpg
Emiliano Martínez
GK      1.09,91      3.78,27      2.78,45      73.6%,80      0.49,77      0.20,45      0.34,34      0.32,66      32.4%,73      0.14,59      0.11,38      0.03,66      0.00,39      20.0%,61      0.03,38      0.17,52      0.11,23      1.05,91      0.24,7      +0.07,77      5.71,70      15.00,70      38.0%,77      33.57,91      3.87,13      35.5%,59      33.0,57      6.08,30      50.5%,45      40.7,45      13.85,52      1.72,98      12.4%,98      2.09,95      16.6,88       https://fbref.com/req/202302030/images/headshots/7956236f_2022.jpg
Ollie Watkins
FW      0.43,69      0.17,72      0.60,69      0.40,69      0.03,65      0.06,70      0.12,58      0.00,53      0.47,74      0.43,77      0.11,48      0.54,74      1.44,43      1.12,16      5.64,52      2.42,52      1.30,82      53.6%,96      0.17,75      0.31,46      12.60,75      0.00,36      0.18,85      -0.04,43      -0.03,50      11.25,14      16.29,13      69.1%,39      134.76,13      24.18,11      7.51,25      9.90,26      75.9%,28      2.42,14      3.51,9      68.9%,35      0.35,19      0.43,4      80.0%,95      0.08,45      0.89,47      0.66,26      0.46,36      0.06,47      15.95,14      0.26,8      0.00,25      0.00,8      0.06,38      0.26,19      0.09,35      0.00,33      0.00,40      0.00,45      0.00,47      0.09,52      0.37,94      2.27,50      1.47,47      0.00,33      0.17,47      0.32,62      0.32,87      0.00,28      0.40,69      0.17,52      0.00,45      0.06,75      0.14,94      0.03,62      0.00,47      0.55,21      0.37,40      0.09,23      0.37,55      0.09,11      0.29,57      0.78,52      37.0%,67      0.49,55      0.60,30      0.12,53      0.49,25      0.29,62      0.83,31      1.12,82      0.00,57      26.68,13      1.35,75      2.48,19      10.51,11      14.05,28      4.72,60      26.62,13      1.87,38      0.52,18      27.7%,4      1.04,40      55.4%,14      13.67,8      72.50,21      33.50,35      0.69,28      0.92,67      2.36,60      1.12,84      19.69,18      0.00,50      0.75,91      1.12,50      0.52,53      0.03,67      0.00,53      0.00,50      1.70,3      2.01,70      2.88,38      41.2%,69       https://fbref.com/req/202302030/images/headshots/aed3a70f_2022.jpg
Tyrone Mings
CB      0.03,55      0.06,80      0.09,64      0.03,55      0.00,50      0.00,50      0.20,36      0.00,52      0.03,28      0.03,28      0.04,77      0.07,46      0.57,59      3.17,50      0.20,46      0.20,13      0.06,19      28.6%,59      0.14,77      0.50,75      12.10,45      0.00,46      0.17,84      -0.01,64      -0.01,64      46.20,51      54.26,49      85.2%,54      883.77,46      333.63,55      15.20,41      16.74,40      90.8%,57      26.09,52      28.11,50      92.8%,73      4.37,51      8.17,56      53.5%,35      0.03,62      0.14,25      3.03,39      0.17,52      0.00,30      51.74,50      2.43,66      1.83,80      0.03,51      0.43,54      0.09,41      0.17,28      0.00,48      0.00,49      0.00,49      0.00,50      0.09,72      0.29,73      0.66,31      0.49,25      0.00,30      0.00,41      0.06,54      0.11,97      0.00,36      0.11,70      0.06,57      0.00,47      0.00,49      0.03,86      0.03,94      0.00,49      0.43,2      0.20,2      0.29,2      0.14,4      0.00,19      0.26,3      0.57,4      45.0%,9      0.31,72      1.14,40      0.60,34      0.54,62      1.54,82      1.97,25      4.66,72      0.06,46      63.66,46      10.97,82      36.46,65      25.06,39      2.31,33      0.60,20      63.66,46      0.34,51      0.17,46      50.0%,33      0.09,46      25.0%,48      39.40,55      228.43,72      130.17,73      0.60,69      0.09,86      0.23,82      0.20,35      42.46,51      0.00,52      0.51,75      0.63,72      0.09,18      0.03,97      0.00,68      0.03,20      4.97,33      1.74,25      0.69,97      71.8%,88       https://fbref.com/req/202302030/images/headshots/8397a50c_2022.jpg
Douglas Luiz
MF      0.18,79      0.18,83      0.37,82      0.18,80      0.00,46      0.00,45      0.18,50      0.03,9      0.09,45      0.09,48      0.14,73      0.22,61      1.48,60      4.55,51      1.08,27      1.05,48      0.37,58      35.3%,68      0.18,88      0.50,83      25.00,15      0.22,92      0.08,49      +0.10,90      +0.10,89      45.94,76      55.72,72      82.5%,63      814.58,78      200.69,72      18.85,52      20.91,50      90.1%,72      20.45,86      23.61,87      86.6%,60      4.86,86      8.52,84      57.0%,42      0.09,50      1.38,75      3.78,56      0.58,32      0.12,51      48.98,68      6.64,95      3.69,98      0.18,51      0.31,56      3.26,86      0.18,50      2.74,97      1.63,95      0.40,86      0.03,86      0.09,73      0.49,94      2.95,66      1.88,51      0.80,93      0.12,65      0.03,16      0.03,24      0.09,80      0.37,74      0.28,79      0.03,82      0.00,39      0.00,36      0.00,36      0.06,98      2.24,58      1.29,59      0.95,60      0.98,58      0.31,59      0.92,60      1.94,52      47.6%,61      1.01,59      1.11,32      0.22,40      0.89,39      1.23,70      3.47,66      0.83,30      0.06,15      65.12,70      2.31,49      16.42,80      35.70,74      13.62,44      0.58,22      65.09,70      1.35,41      0.74,39      54.5%,67      0.43,62      31.8%,68      35.11,68      193.62,72      89.85,72      1.20,54      0.12,43      1.11,62      1.01,50      40.77,67      0.00,53      1.48,36      1.29,61      0.06,40      0.00,43      0.00,57      0.00,54      6.06,50      0.77,44      0.68,71      53.2%,67       https://fbref.com/req/202302030/images/headshots/6f7d826d_2022.jpg
Jacob Ramsey
MF,AM      0.20,81,49      0.24,95,78      0.44,90,66      0.20,84,54      0.00,46,40      0.00,45,40      0.17,57,37      0.00,55,53      0.17,85,39      0.17,86,43      0.17,86,62      0.34,83,47      3.21,91,57      3.35,29,51      4.06,70,10      1.13,56,11      0.44,73,26      39.4%,79,72      0.18,88,90      0.46,76,85      15.90,85,67      0.00,35,29      0.15,96,91      +0.03,68,64      +0.03,66,63      24.86,11,47      30.35,9,35      81.9%,60,90      349.62,7,41      90.99,9,46      15.16,24,57      17.07,18,44      88.8%,57,86      7.41,5,47      9.08,5,40      81.6%,27,71      1.16,5,37      1.57,2,19      73.9%,87,94      0.10,57,36      1.43,79,54      2.29,19,72      0.96,55,37      0.14,54,37      30.05,9,41      0.10,1,3      0.07,6,36      0.10,32,24      0.10,17,30      0.61,40,9      0.03,15,7      0.00,22,12      0.00,29,21      0.00,32,28      0.00,42,40      0.20,38,38      0.89,62,74      2.77,60,30      2.36,68,60      0.00,20,16      0.14,67,26      0.07,26,8      0.17,75,54      0.03,50,47      0.38,76,55      0.27,76,63      0.00,40,36      0.03,82,59      0.03,77,59      0.03,76,70      0.00,44,43      2.36,64,91      1.33,61,84      0.79,38,73      1.20,79,97      0.38,70,68      1.09,80,95      2.36,77,89      46.4%,59,76      1.26,29,19      1.64,70,91      0.27,50,93      1.37,76,74      0.79,33,81      3.14,51,92      1.16,48,90      0.00,68,59      42.51,10,29      1.95,40,92      8.13,10,77      20.79,13,70      14.41,50,7      2.90,83,27      42.51,10,29      2.63,79,26      1.06,65,27      40.3%,21,37      1.06,19,73      40.3%,36,70      25.68,28,30      181.71,67,52      90.68,73,57      2.12,86,63      0.72,89,31      2.12,12,55      1.26,28,72      27.96,19,26      0.00,53,51      1.20,55,44      1.54,74,63      0.07,36,82      0.00,43,35      0.03,10,7      0.03,1,2      4.81,13,57      0.55,28,49      1.13,35,55      32.7%,16,48       https://fbref.com/req/202302030/images/headshots/1544f145_2022.jpg
John McGinn
MF,AM      0.03,33,8      0.10,58,38      0.13,42,10      0.03,34,8      0.00,46,40      0.00,45,40      0.23,40,21      0.00,55,53      0.08,41,4      0.08,43,4      0.09,43,18      0.17,40,2      1.14,45,3      4.68,53,77      2.21,53,2      1.40,70,16      0.37,56,14      26.2%,37,16      0.02,33,9      0.09,32,11      23.60,23,1      0.00,35,29      0.06,30,6      -0.05,27,31      -0.05,27,31      26.90,18,61      34.36,17,54      78.3%,33,71      480.75,28,75      161.42,50,90      12.50,12,29      14.37,9,23      87.0%,41,72      10.33,25,77      12.47,26,76      82.8%,33,76      3.38,62,86      5.51,64,80      61.2%,52,73      0.11,64,42      0.60,19,3      3.81,59,92      0.67,39,18      0.17,60,46      32.25,16,57      1.87,58,53      0.84,55,77      0.37,76,79      0.33,59,68      1.67,66,39      0.03,14,6      0.84,80,62      0.60,84,73      0.00,32,28      0.00,42,40      0.23,28,23      0.67,80,91      2.67,55,26      1.87,50,34      0.33,78,70      0.17,73,34      0.10,44,12      0.17,74,51      0.03,49,45      0.33,67,44      0.23,67,49      0.03,83,75      0.00,39,25      0.00,36,27      0.07,93,88      0.00,44,43      2.21,57,88      1.20,50,79      0.90,52,77      0.97,55,90      0.33,63,58      1.14,82,97      2.37,79,90      47.9%,62,80      1.24,34,22      1.44,60,82      0.13,20,76      1.30,71,91      0.80,35,86      3.01,40,85      0.64,20,59      0.00,68,59      45.05,13,44      1.24,15,71      7.29,8,74      25.27,32,87      12.97,42,3      1.50,49,2      45.05,13,44      2.34,72,21      1.50,88,56      64.3%,85,99      0.47,59,96      20.0%,90,99      26.87,31,42      136.09,38,19      60.12,33,14      1.17,51,10      0.27,61,7      1.94,17,65      1.17,32,77      29.68,27,38      0.00,53,51      1.37,42,28      2.21,93,89      0.00,80,97      0.07,96,88      0.00,57,56      0.00,54,52      5.88,40,82      0.74,40,66      0.70,70,76      51.2%,60,91       https://fbref.com/req/202302030/images/headshots/90f91999_2022.jpg
Emi Buendía
AM,MF      0.19,46,80      0.07,32,48      0.26,29,70      0.19,49,81      0.00,40,46      0.00,40,45      0.00,94,97      0.00,53,55      0.24,55,90      0.24,64,92      0.21,76,92      0.45,69,93      2.24,28,77      5.15,84,59      5.11,23,80      1.83,42,84      0.41,19,63      22.4%,11,29      0.10,44,61      0.45,83,75      15.90,67,85      0.07,72,76      0.13,80,89      -0.05,29,24      -0.05,29,24      29.37,66,24      38.06,66,26      77.2%,65,27      450.82,71,22      115.34,69,21      16.19,65,37      19.14,70,42      84.6%,41,20      9.51,72,20      12.05,71,22      78.9%,61,18      2.35,72,40      3.36,57,27      70.0%,87,77      0.16,70,84      1.53,61,85      3.13,87,44      1.53,72,89      0.00,5,12      35.60,66,26      2.35,56,68      0.26,55,19      0.41,84,82      0.26,57,49      0.67,12,42      0.26,37,58      0.19,43,62      0.07,46,63      0.00,28,32      0.04,82,88      0.11,61,64      1.42,26,12      3.36,57,84      2.69,74,86      0.07,51,59      0.30,69,90      0.11,18,49      0.15,43,70      0.04,48,53      0.37,54,75      0.26,56,73      0.00,36,40      0.04,62,86      0.07,82,94      0.00,32,36      0.00,43,44      1.94,78,44      0.86,49,17      0.75,70,37      0.75,73,32      0.45,78,83      0.78,74,40      2.76,97,89      28.4%,18,7      1.98,2,4      0.75,21,5      0.07,52,12      0.67,20,12      0.75,80,29      2.69,78,30      0.63,58,19      0.00,59,68      49.85,66,29      1.42,76,20      7.54,75,9      23.66,81,24      19.25,26,72      3.47,42,90      49.85,66,29      2.20,16,69      1.01,23,62      45.8%,65,38      0.97,77,22      44.1%,50,23      30.93,62,49      147.65,24,45      73.51,31,49      1.72,42,76      0.71,30,88      2.35,40,9      2.16,14,1      35.63,62,48      0.00,51,53      1.60,11,21      1.64,65,79      0.04,91,52      0.00,35,43      0.00,56,57      0.00,52,54      5.15,66,21      0.86,71,50      2.01,15,3      29.9%,41,12       https://fbref.com/req/202302030/images/headshots/66b76d44_2022.jpg
Leon Bailey
AM,FW      0.18,45,23      0.18,63,74      0.37,47,43      0.18,48,23      0.00,40,32      0.00,40,30      0.18,28,30      0.00,53,53      0.24,58,21      0.24,69,26      0.22,78,91      0.46,71,50      3.89,81,99      1.28,4,26      8.33,66,89      2.33,70,45      0.64,45,19      27.5%,21,9      0.08,34,23      0.29,47,38      18.10,36,9      0.14,82,89      0.10,46,18      -0.06,24,38      -0.06,25,38      15.42,9,50      25.03,13,64      61.6%,3,14      246.12,13,64      58.80,13,69      8.69,7,36      11.35,7,33      76.6%,10,35      4.44,8,55      7.05,19,69      63.0%,7,14      1.60,53,84      3.43,58,89      46.7%,32,29      0.22,90,97      1.37,51,77      0.87,11,36      0.96,38,79      0.69,95,99      23.20,10,62      1.83,52,74      0.18,46,81      0.18,51,58      0.23,53,75      4.39,80,94      0.46,59,87      0.82,61,91      0.59,71,92      0.00,28,45      0.00,40,47      0.00,92,86      1.42,25,8      2.84,32,65      1.83,27,62      0.09,53,87      0.46,82,89      0.32,75,67      0.14,40,40      0.00,21,28      0.37,53,64      0.23,48,64      0.00,36,45      0.00,25,26      0.14,97,92      0.00,32,31      0.00,43,47      0.64,7,35      0.27,3,18      0.27,21,65      0.32,24,42      0.05,2,8      0.23,7,43      0.92,18,64      25.0%,10,30      0.69,70,35      0.59,10,28      0.00,15,14      0.59,13,8      0.27,21,58      0.92,6,35      0.55,51,38      0.00,59,57      37.20,11,67      0.73,39,30      4.16,19,69      12.95,11,30      20.86,41,74      4.07,58,35      37.20,11,67      5.08,86,96      1.83,72,86      36.0%,23,25      2.52,11,6      49.5%,26,37      23.79,23,74      184.03,54,92      77.92,39,87      1.51,26,75      1.74,79,92      2.20,51,74      2.43,5,13      25.67,14,57      0.00,51,50      1.33,32,52      1.01,27,43      0.41,24,69      0.00,35,33      0.05,3,4      0.00,52,50      3.29,11,69      1.10,80,33      2.10,10,57      34.3%,56,42       https://fbref.com/req/202302030/images/headshots/3a233281_2022.jpg
Ashley Young
FB      0.04,64      0.00,20      0.04,36      0.04,64      0.00,50      0.00,50      0.31,13      0.00,54      0.02,33      0.02,33      0.04,34      0.06,25      1.28,33      4.73,74      1.46,9      0.66,68      0.13,52      20.0%,40      0.07,62      0.33,64      25.10,9      0.00,43      0.03,7      +0.02,79      +0.02,79      39.65,46      52.51,52      75.5%,39      707.53,62      272.56,69      18.34,31      20.69,27      88.7%,51      17.50,61      21.66,63      80.8%,49      3.40,68      7.82,77      43.5%,37      0.04,14      0.62,50      3.62,74      0.80,54      0.22,28      41.77,45      10.39,81      2.52,97      0.09,63      0.53,89      1.86,48      7.60,55      0.27,74      0.09,73      0.04,73      0.09,98      0.35,3      1.24,49      1.77,56      1.50,66      0.13,60      0.09,73      0.04,43      0.00,19      0.00,30      0.09,33      0.09,45      0.00,40      0.00,45      0.00,40      0.00,45      0.00,48      2.21,61      1.19,45      1.50,70      0.66,56      0.04,10      1.64,89      2.17,66      75.5%,95      0.53,70      1.11,40      0.49,79      0.62,21      0.93,32      3.14,50      2.87,70      0.00,73      62.37,46      3.80,58      22.19,69      29.84,68      11.14,22      0.44,8      62.37,46      0.97,37      0.35,31      36.4%,31      0.44,57      45.5%,39      30.99,52      143.00,40      68.69,38      0.88,30      0.18,49      0.80,63      0.22,87      33.90,42      0.00,50      1.06,39      1.24,77      0.04,51      0.00,45      0.04,14      0.00,56      5.79,70      0.57,11      0.49,97      54.2%,61       https://fbref.com/req/202302030/images/headshots/be927d03_2022.jpg
Boubacar Kamara
MF      0.00,16      0.05,38      0.05,17      0.00,16      0.00,46      0.00,45      0.20,46      0.00,55      0.01,3      0.01,3      0.04,19      0.05,10      0.81,24      4.25,45      0.41,4      0.20,3      0.05,10      25.0%,34      0.00,16      0.00,16      29.70,1      0.00,35      0.05,20      -0.01,52      -0.01,53      40.42,60      47.66,56      84.8%,76      666.57,62      197.27,68      20.01,61      22.34,56      89.6%,66      15.35,60      16.92,54      90.7%,87      3.39,64      4.81,54      70.5%,80      0.04,20      0.35,10      3.09,40      0.30,13      0.00,12      45.94,60      1.72,55      1.62,79      0.10,30      0.51,80      0.05,2      0.00,7      0.00,22      0.00,29      0.00,32      0.00,42      0.00,95      1.01,46      1.16,10      0.96,11      0.00,20      0.05,40      0.00,7      0.15,71      0.00,21      0.20,47      0.10,34      0.00,40      0.05,89      0.00,36      0.05,87      0.00,44      2.94,87      1.27,55      1.27,83      1.16,75      0.51,91      1.37,92      2.84,90      48.2%,64      1.47,18      1.92,90      0.61,95      1.32,72      0.96,47      3.90,80      1.22,53      0.10,6      57.99,55      3.29,85      18.33,89      33.53,64      6.69,9      0.51,18      57.99,55      1.77,51      0.81,45      45.7%,37      0.61,48      34.3%,57      31.50,53      130.21,33      59.41,31      0.56,10      0.05,27      1.01,70      0.71,70      36.11,51      0.00,53      1.72,17      1.57,77      0.00,80      0.00,43      0.00,57      0.00,54      6.38,60      1.11,74      0.86,56      56.4%,76       https://fbref.com/req/202302030/images/headshots/cc77354e_2022.jpg
Matty Cash
FB      0.00,25      0.05,57      0.05,42      0.00,25      0.00,50      0.00,50      0.20,43      0.00,54      0.01,10      0.01,10      0.03,23      0.04,13      2.08,63      3.71,54      2.82,38      0.35,28      0.05,27      14.3%,27      0.00,25      0.00,25      26.90,4      0.00,43      0.03,7      -0.01,55      -0.01,55      38.42,39      49.75,39      77.2%,44      676.09,54      227.23,45      17.06,22      18.99,20      89.8%,62      17.85,63      21.81,66      81.9%,60      3.02,60      6.87,69      43.9%,40      0.04,27      0.40,20      2.82,49      0.74,48      0.45,70      40.01,34      9.59,73      0.89,51      0.10,66      0.30,64      2.27,54      8.70,86      0.00,30      0.00,34      0.00,36      0.00,47      0.15,48      1.19,57      1.38,33      1.24,49      0.00,16      0.05,63      0.00,16      0.05,54      0.05,78      0.15,58      0.10,51      0.00,40      0.00,45      0.00,40      0.00,45      0.05,99      2.72,80      1.58,77      1.78,86      0.74,64      0.20,45      1.29,67      1.83,49      70.3%,79      0.54,68      0.99,31      0.25,30      0.74,36      1.29,69      4.01,80      2.13,37      0.00,73      60.08,37      3.76,54      20.92,54      26.95,52      12.76,31      0.54,13      60.08,37      1.63,68      0.79,70      48.5%,64      0.45,55      27.3%,84      30.16,48      155.42,50      82.93,48      1.63,78      0.20,54      1.19,31      0.35,68      32.24,36      0.00,50      1.04,42      0.74,50      0.10,31      0.00,45      0.05,11      0.00,56      5.34,46      0.59,13      0.64,92      48.0%,42       https://fbref.com/req/202302030/images/headshots/2389cdc2_2022.jpg
Lucas Digne
FB      0.06,73      0.00,20      0.06,45      0.06,73      0.00,50      0.00,50      0.30,14      0.00,54      0.02,36      0.02,36      0.11,78      0.14,69      1.74,55      3.42,44      5.33,77      0.48,44      0.18,63      37.5%,80      0.13,86      0.33,64      20.50,30      0.24,98      0.05,28      +0.04,86      +0.04,86      41.70,56      55.55,62      75.1%,34      660.08,50      254.36,58      23.19,56      25.89,57      89.6%,58      14.80,46      20.19,55      73.3%,17      2.94,58      6.29,63      46.7%,48      0.11,78      1.08,74      2.40,30      1.38,84      0.84,93      44.88,55      10.61,84      1.38,77      0.00,20      0.24,57      4.61,81      8.51,81      0.72,79      0.30,79      0.24,79      0.00,47      0.06,89      1.38,38      1.74,54      1.44,62      0.24,73      0.00,26      0.00,16      0.06,58      0.00,30      0.00,8      0.00,11      0.00,40      0.00,45      0.00,40      0.00,45      0.00,48      1.80,40      0.72,8      1.20,51      0.54,34      0.06,11      1.20,56      1.98,58      60.6%,58      0.78,45      1.08,38      0.30,43      0.78,45      1.08,52      2.88,36      2.70,62      0.00,73      65.67,58      3.83,60      21.87,64      23.73,30      20.49,79      1.44,62      65.67,58      1.08,42      0.18,7      16.7%,2      0.66,37      61.1%,4      33.08,58      141.59,39      75.62,43      0.84,26      0.12,33      0.96,54      0.72,34      37.45,56      0.00,50      1.14,34      1.38,85      0.12,23      0.00,45      0.06,9      0.06,3      5.15,40      1.56,69      1.02,57      60.5%,80       https://fbref.com/req/202302030/images/headshots/1b84dbe1_2022.jpg
Álex Moreno
FB      0.00,25      0.20,91      0.20,84      0.00,25      0.00,50      0.00,50      0.20,39      0.00,54      0.04,56      0.04,56      0.20,89      0.25,86      4.40,97      2.51,13      8.26,92      0.88,75      0.20,69      23.1%,50      0.00,25      0.00,25      18.40,47      0.00,43      0.05,28      -0.04,15      -0.04,15      39.35,44      50.45,44      78.0%,48      577.99,36      175.26,20      21.60,51      25.26,55      85.5%,21      14.70,45      18.08,38      81.3%,52      1.63,15      2.84,5      57.1%,78      0.18,89      1.49,85      1.02,2      2.03,96      0.95,96      41.24,42      9.07,61      1.22,68      0.07,56      0.00,8      3.25,72      7.86,68      0.00,30      0.00,34      0.00,36      0.00,47      0.14,60      2.17,2      2.30,74      2.10,86      0.00,16      0.14,84      0.07,54      0.00,19      0.00,30      0.20,70      0.20,79      0.00,40      0.00,45      0.00,40      0.00,45      0.00,48      1.56,19      0.95,22      1.02,37      0.34,9      0.20,50      0.88,28      2.44,75      36.1%,5      1.56,10      1.22,56      0.20,21      1.02,69      0.47,5      2.03,9      2.51,56      0.14,4      64.27,51      4.06,66      22.14,68      22.82,21      19.84,77      2.91,91      64.27,51      3.86,96      1.56,92      40.4%,39      1.83,3      47.4%,32      34.54,66      220.77,83      111.20,81      1.96,89      1.08,95      2.57,2      1.02,9      38.60,62      0.00,50      1.15,33      0.74,51      0.00,80      0.00,45      0.00,66      0.00,56      4.67,23      0.61,14      0.81,79      42.9%,25       https://fbref.com/req/202302030/images/headshots/16e9d0ea_2022.jpg
Danny Ings
FW      0.45,72      0.11,50      0.56,65      0.34,64      0.11,89      0.11,87      0.23,21      0.00,53      0.47,72      0.38,59      0.12,53      0.51,62      1.35,36      1.35,35      5.07,42      2.25,40      0.90,45      40.0%,54      0.15,64      0.38,66      13.90,60      0.00,36      0.17,78      -0.02,50      -0.05,43      11.59,21      17.45,25      66.5%,31      139.70,16      33.26,35      7.77,30      10.47,28      74.2%,23      2.36,13      3.21,4      73.7%,48      0.45,26      1.41,47      32.0%,6      0.08,50      0.84,38      1.01,50      0.34,25      0.00,19      16.77,23      0.68,28      0.00,25      0.39,84      0.06,36      0.23,16      0.00,14      0.00,33      0.00,40      0.00,45      0.00,47      0.00,86      0.79,65      1.58,11      1.29,36      0.00,33      0.17,45      0.11,19      0.00,5      0.00,28      0.23,36      0.17,48      0.00,45      0.06,74      0.00,26      0.00,31      0.00,47      1.07,69      0.73,79      0.06,19      0.56,74      0.45,91      0.34,69      1.13,75      30.0%,43      0.79,21      1.13,81      0.17,70      0.96,79      0.23,45      1.29,62      0.90,65      0.00,57      27.92,19      1.13,57      2.70,28      11.88,23      13.73,21      4.84,65      27.80,18      1.91,40      0.84,42      44.1%,61      1.01,43      52.9%,27      16.44,26      71.59,19      29.27,23      0.79,31      0.68,42      1.74,86      1.52,52      19.31,14      0.00,50      0.90,79      0.79,21      0.79,23      0.00,33      0.00,53      0.00,50      2.59,45      1.41,45      2.08,58      40.3%,67       https://fbref.com/req/202302030/images/headshots/07802f7f_2022.jpg
Philippe Coutinho
AM      0.11,21      0.00,6      0.11,7      0.11,25      0.00,40      0.00,40      0.34,8      0.00,53      0.16,35      0.16,37      0.06,4      0.21,7      2.06,20      5.48,91      7.77,60      2.40,73      0.91,76      38.1%,66      0.05,23      0.13,18      21.60,8      0.23,90      0.07,13      -0.05,32      -0.05,34      32.89,81      43.86,85      75.0%,51      466.10,72      111.47,65      20.56,88      23.98,88      85.7%,57      9.37,71      12.79,77      73.2%,28      1.94,58      4.11,65      47.2%,35      0.09,25      0.91,19      3.43,88      0.91,35      0.23,54      40.20,81      3.43,77      1.48,87      0.57,96      0.11,35      2.17,48      0.57,70      0.69,58      0.34,62      0.11,62      0.00,40      0.23,28      0.80,87      2.74,28      2.17,48      0.11,55      0.34,77      0.11,20      0.00,4      0.00,21      0.00,1      0.00,2      0.00,36      0.00,25      0.00,27      0.00,32      0.00,43      2.17,84      1.60,93      0.91,80      0.91,86      0.34,60      1.03,91      1.71,59      60.0%,96      0.69,71      1.26,71      0.11,67      1.14,73      0.46,51      2.63,74      0.23,14      0.00,59      57.11,85      0.23,4      3.88,13      29.58,94      24.33,68      2.74,21      57.11,85      3.88,60      1.60,60      41.2%,41      1.71,42      44.1%,50      35.29,86      199.53,66      84.40,48      3.20,93      0.57,20      2.63,27      1.94,22      42.14,87      0.00,51      1.83,6      1.60,64      0.23,48      0.00,35      0.00,56      0.00,52      4.68,52      0.34,32      1.48,35      18.8%,10       https://fbref.com/req/202302030/images/headshots/0ef89a37_2022.jpg
Leander Dendoncker
MF      0.00,16      0.00,13      0.00,7      0.00,16      0.00,46      0.00,45      0.00,97      0.00,55      0.07,37      0.07,40      0.05,25      0.12,26      0.20,1      2.37,6      0.49,10      0.49,13      0.20,30      40.0%,82      0.00,16      0.00,16      20.80,41      0.00,35      0.14,93      -0.07,15      -0.07,16      33.00,38      37.84,25      87.2%,88      534.86,40      107.78,15      16.20,38      17.59,29      92.1%,88      14.13,54      15.12,42      93.5%,97      1.88,23      2.57,12      73.1%,85      0.02,7      0.69,31      2.07,11      0.10,3      0.10,47      36.95,31      0.79,19      0.69,48      0.00,7      0.20,32      0.30,20      0.10,28      0.00,22      0.00,29      0.00,32      0.00,42      0.10,70      0.99,53      1.19,11      0.89,10      0.00,20      0.00,15      0.10,42      0.00,9      0.20,97      0.00,7      0.00,8      0.00,40      0.00,39      0.00,36      0.00,36      0.00,44      2.27,60      1.09,35      1.09,71      0.89,49      0.30,56      1.28,90      2.37,78      54.2%,80      1.09,52      2.07,92      0.40,73      1.68,93      1.88,97      4.15,86      1.58,80      0.00,68      48.70,22      2.67,70      13.34,62      29.05,50      6.62,8      1.19,43      48.70,22      0.69,10      0.40,19      57.1%,75      0.30,80      42.9%,26      22.82,13      104.42,13      34.38,5      0.59,14      0.10,35      0.99,72      0.49,90      28.06,21      0.00,53      0.10,99      0.10,1      0.00,80      0.00,43      0.00,57      0.00,54      5.14,20      1.19,78      1.28,26      48.0%,50       https://fbref.com/req/202302030/images/headshots/5a7301ae_2022.jpg
Jan Bednarek
CB      0.00,25      0.00,32      0.00,17      0.00,25      0.00,50      0.00,50      0.25,19      0.00,52      0.02,15      0.02,15      0.01,14      0.03,7      0.46,41      2.54,29      0.10,27      0.41,33      0.00,8      0.0%,8      0.00,25      14.20,21      0.00,46      0.05,9      -0.02,45      -0.02,45      41.29,40      49.16,31      84.0%,48      771.50,38      306.06,45      15.69,48      17.98,49      87.3%,22      20.98,38      22.96,33      91.4%,54      4.16,50      6.91,36      60.3%,62      0.02,22      0.15,28      1.88,15      0.05,13      0.00,30      46.37,33      2.74,69      1.88,85      0.00,24      0.15,23      0.05,30      0.61,66      0.00,48      0.00,49      0.00,49      0.00,50      0.05,85      0.46,38      0.36,6      0.25,3      0.05,80      0.00,41      0.05,48      0.00,36      0.00,36      0.00,14      0.00,18      0.00,47      0.00,49      0.00,41      0.00,46      0.00,49      1.52,64      1.22,80      1.02,69      0.51,66      0.00,19      0.66,49      0.86,36      76.5%,93      0.20,88      2.08,91      1.42,97      0.66,80      2.59,99      4.11,93      4.67,73      0.00,81      61.25,41      10.87,80      34.23,55      25.40,40      1.93,17      0.71,28      61.25,41      0.10,13      0.05,13      50.0%,33      0.05,62      50.0%,15      31.79,33      150.44,31      89.24,39      0.05,4      0.00,27      0.10,93      0.05,81      33.42,31      0.00,52      0.81,39      0.41,40      0.00,74      0.00,48      0.00,68      0.05,10      5.18,44      2.03,46      0.81,90      71.4%,85       https://fbref.com/req/202302030/images/headshots/4115ce4e_2022.jpg