
David Raya
GK      1.21,70      5.18,88      4.05,98      77.7%,98      0.39,59      0.37,98      0.24,18      0.32,71      31.6%,66      0.05,13      0.05,82      0.00,25      0.00,39      0.0%,25      0.00,73      0.24,23      0.08,38      1.26,55      0.24,7      +0.13,88      9.13,98      23.21,98      39.3%,84      35.97,98      4.21,27      50.7%,88      39.5,88      7.08,48      70.3%,91      51.8,95      15.74,80      1.37,95      8.7%,95      1.42,70      15.8,71       https://fbref.com/req/202302030/images/headshots/98ea5115_2022.jpg
Ben Mee
CB      0.08,82      0.03,66      0.11,80      0.08,82      0.00,50      0.00,50      0.06,88      0.00,52      0.09,86      0.09,86      0.04,71      0.12,83      0.22,24      2.31,22      0.39,72      0.77,81      0.19,71      25.0%,48      0.11,71      0.43,65      10.30,59      0.00,46      0.12,71      -0.01,66      -0.01,66      37.11,28      48.48,29      76.5%,12      711.25,28      294.39,36      14.32,35      16.77,41      85.4%,18      17.84,17      21.58,24      82.7%,13      4.65,60      8.70,69      53.5%,35      0.02,49      0.22,44      2.37,28      0.19,62      0.03,61      44.74,28      3.58,78      1.05,36      0.00,24      0.28,39      0.19,65      2.48,86      0.00,48      0.00,49      0.00,49      0.00,50      0.17,34      0.55,23      0.91,70      0.63,52      0.00,30      0.03,83      0.19,97      0.03,77      0.03,76      0.03,30      0.03,40      0.00,47      0.00,49      0.00,41      0.00,46      0.00,49      1.24,34      0.66,35      0.77,39      0.36,33      0.11,75      0.55,34      1.02,45      54.1%,33      0.47,45      1.49,71      1.16,87      0.33,19      1.32,60      2.56,48      3.36,29      0.03,61      58.42,28      7.49,24      29.98,25      24.42,34      4.29,66      1.95,92      58.42,28      0.36,54      0.33,83      92.3%,87      0.03,73      7.7%,75      31.55,31      131.88,20      71.06,24      0.30,43      0.08,83      0.50,31      0.06,80      32.46,28      0.00,52      0.39,93      0.41,43      0.03,46      0.00,48      0.00,68      0.00,63      5.48,57      3.61,97      2.70,4      57.2%,34       https://fbref.com/req/202302030/images/headshots/8df7a2fb_2022.jpg
Rico Henry
FB      0.00,25      0.06,60      0.06,44      0.00,25      0.00,50      0.00,50      0.11,78      0.00,54      0.04,60      0.04,60      0.08,61      0.12,55      1.53,42      2.97,27      3.09,44      0.61,62      0.11,46      18.2%,33      0.00,25      0.00,25      20.00,36      0.00,43      0.07,54      -0.04,13      -0.04,13      24.35,7      33.44,4      72.8%,26      391.55,8      134.97,7      13.04,8      15.12,5      86.2%,23      8.73,5      11.62,4      75.1%,22      2.00,27      4.70,32      42.6%,32      0.08,66      0.64,51      2.03,17      1.14,74      0.50,78      29.43,5      3.84,8      0.03,1      0.11,72      0.06,21      2.42,57      3.81,13      0.00,30      0.00,34      0.00,36      0.00,47      0.17,42      0.58,93      1.42,38      1.20,42      0.03,32      0.03,55      0.06,49      0.06,57      0.06,80      0.14,56      0.11,60      0.00,40      0.00,45      0.00,40      0.03,90      0.00,48      1.58,20      0.86,15      0.56,11      0.78,72      0.25,66      0.61,13      1.14,11      53.7%,39      0.53,72      0.81,10      0.22,25      0.58,19      0.83,25      2.42,19      2.33,46      0.03,46      43.97,4      3.20,30      13.29,5      17.98,7      13.40,34      0.83,22      43.97,4      1.39,51      0.72,63      52.0%,75      0.47,52      34.0%,74      21.74,7      105.34,14      50.92,14      1.14,46      0.25,62      1.39,21      1.22,3      22.60,5      0.00,50      0.89,60      1.06,73      0.06,44      0.03,90      0.00,66      0.00,56      5.48,54      1.11,51      1.53,15      42.1%,22       https://fbref.com/req/202302030/images/headshots/8a3c1dc7_2022.jpg
Mathias Jensen
MF      0.16,70      0.19,86      0.35,80      0.16,72      0.00,46      0.00,45      0.16,63      0.00,55      0.07,38      0.07,40      0.16,82      0.23,64      0.67,20      4.53,50      2.47,58      0.74,29      0.22,37      30.4%,54      0.22,94      0.71,91      22.00,31      0.13,83      0.09,63      +0.09,86      +0.09,86      34.93,50      50.28,63      69.5%,6      695.63,70      271.54,88      15.12,22      17.95,32      84.3%,17      12.78,44      17.82,62      71.7%,4      6.13,93      11.94,96      51.3%,23      0.15,80      1.54,86      3.76,55      1.22,78      0.51,96      37.18,32      12.88,99      2.70,94      0.16,43      0.90,91      5.07,94      5.91,99      2.44,93      1.19,93      0.58,90      0.22,99      0.22,30      0.80,71      3.31,81      1.54,33      1.51,99      0.03,33      0.10,41      0.10,53      0.03,47      0.42,81      0.22,66      0.13,98      0.00,39      0.03,75      0.00,36      0.03,88      2.25,59      1.12,39      0.90,50      0.96,54      0.39,72      1.09,80      3.11,92      35.1%,20      2.02,3      1.73,80      0.16,26      1.57,87      1.03,55      3.28,60      0.77,26      0.03,28      60.69,63      1.38,19      11.82,50      27.87,43      21.48,81      0.93,34      60.69,63      1.96,60      0.77,40      39.3%,20      0.90,25      45.9%,20      28.90,39      112.35,19      44.31,15      0.77,22      0.03,20      1.73,30      1.03,46      32.46,37      0.00,53      1.03,69      0.80,30      0.03,56      0.00,43      0.00,57      0.00,54      5.62,35      0.35,10      0.55,80      39.3%,28       https://fbref.com/req/202302030/images/headshots/0f134faf_2022.jpg
Bryan Mbeumo
AM,FW      0.28,70,47      0.25,80,86      0.53,80,58      0.25,63,45      0.03,84,69      0.03,80,60      0.15,45,50      0.00,53,53      0.30,79,42      0.28,76,38      0.24,82,92      0.51,77,64      2.04,19,62      2.73,30,74      7.28,54,79      2.17,62,35      0.99,79,55      45.7%,84,76      0.11,51,42      0.25,39,26      16.30,57,23      0.03,61,72      0.13,80,40      -0.02,42,48      -0.03,40,47      20.29,25,74      30.69,36,82      66.1%,14,26      324.14,35,79      100.28,56,87      11.64,22,69      14.12,21,69      82.5%,32,63      5.73,26,72      8.89,38,86      64.5%,8,19      2.20,65,91      4.68,73,94      47.0%,34,31      0.17,76,92      1.58,63,89      1.15,23,60      1.39,68,86      0.40,79,94      26.17,24,75      4.30,84,96      1.49,88,96      0.22,58,64      0.22,52,72      4.83,88,97      0.59,71,94      2.20,84,96      1.15,88,96      0.37,75,94      0.15,98,99      0.22,35,16      1.30,39,14      3.00,38,72      1.92,42,70      0.84,91,97      0.22,47,55      0.00,3,4      0.03,9,11      0.00,21,28      0.46,70,81      0.37,81,91      0.06,85,96      0.03,53,58      0.00,27,26      0.00,32,31      0.00,43,47      0.81,12,45      0.56,30,57      0.15,7,42      0.40,28,62      0.25,30,48      0.25,10,50      1.30,37,82      19.0%,5,10      1.05,41,11      0.74,18,43      0.03,32,31      0.71,22,14      0.40,40,77      1.21,16,53      0.65,61,50      0.00,59,57      41.35,24,79      0.74,41,36      5.48,41,92      13.16,12,36      23.38,60,89      3.87,56,30      41.31,24,79      2.73,31,65      1.39,47,75      51.1%,84,84      1.15,71,35      42.0%,59,67      24.03,26,77      132.93,15,69      57.67,10,67      1.02,7,48      0.81,38,58      2.23,48,72      1.67,36,45      26.70,19,60      0.00,51,50      0.84,69,84      0.71,10,13      0.19,60,82      0.00,35,33      0.00,56,53      0.00,52,50      4.18,31,87      1.08,79,31      1.95,20,65      35.7%,59,48       https://fbref.com/req/202302030/images/headshots/6afaebf2_2022.jpg
Ivan Toney
FW      0.61,89      0.12,55      0.73,82      0.43,72      0.18,97      0.21,96      0.27,13      0.00,53      0.57,86      0.40,70      0.16,70      0.56,77      0.43,4      2.41,70      5.03,40      2.65,62      1.01,57      37.9%,44      0.16,69      0.42,77      16.50,19      0.27,96      0.15,62      +0.04,72      +0.02,64      14.27,36      24.00,58      59.5%,9      181.37,33      62.12,70      9.12,43      12.93,60      70.5%,14      3.14,25      5.49,48      57.2%,8      0.73,48      1.62,64      45.3%,25      0.11,69      0.82,36      1.65,82      0.79,69      0.15,81      22.90,60      0.88,42      0.24,86      0.37,79      0.09,53      1.04,74      0.31,72      0.03,67      0.00,40      0.00,45      0.00,47      0.21,18      0.95,42      2.01,36      1.19,28      0.12,91      0.12,31      0.15,26      0.43,94      0.00,28      0.24,40      0.09,16      0.00,45      0.03,55      0.00,26      0.12,99      0.00,47      0.70,40      0.40,42      0.12,33      0.27,36      0.31,58      0.21,36      0.70,45      30.4%,47      0.49,57      0.73,42      0.27,92      0.46,23      0.43,79      1.13,47      1.10,79      0.00,57      37.18,65      1.52,84      4.30,72      16.13,74      16.99,55      4.76,64      36.96,64      1.65,33      0.49,16      29.6%,8      0.88,55      53.7%,22      19.06,48      75.12,28      22.08,9      0.64,18      0.24,11      3.05,28      1.43,64      27.11,62      0.00,50      1.59,28      2.26,92      0.82,21      0.09,96      0.00,53      0.00,50      3.14,67      3.32,91      3.57,25      48.2%,84       https://fbref.com/req/202302030/images/headshots/e09f279b_2022.jpg
Ethan Pinnock
CB      0.10,91      0.00,32      0.10,77      0.10,91      0.00,50      0.00,50      0.00,95      0.00,52      0.10,90      0.10,90      0.03,67      0.13,85      0.07,2      1.73,10      0.53,82      0.50,49      0.27,90      53.3%,94      0.20,87      0.38,62      10.00,64      0.00,46      0.21,99      0.00,70      0.00,70      30.47,7      38.30,7      79.5%,23      564.37,8      190.40,2      11.10,13      13.03,15      85.2%,17      16.00,10      18.63,9      85.9%,20      2.80,13      5.33,12      52.5%,29      0.04,77      0.27,57      1.43,8      0.10,25      0.10,86      36.27,9      1.90,41      0.47,7      0.00,24      0.10,12      0.33,78      1.43,76      0.00,48      0.00,49      0.00,49      0.00,50      0.13,45      0.17,87      0.83,61      0.60,48      0.10,91      0.00,41      0.10,68      0.03,80      0.00,36      0.17,88      0.17,91      0.00,47      0.00,49      0.00,41      0.00,46      0.00,49      1.73,70      0.93,60      1.10,75      0.40,51      0.23,94      0.60,44      0.80,24      75.0%,91      0.20,90      1.37,59      1.03,73      0.33,20      1.17,44      2.90,65      7.17,99      0.07,36      51.80,14      10.90,81      30.90,34      16.57,6      4.47,67      1.83,91      51.80,14      0.20,25      0.07,17      33.3%,16      0.03,72      16.7%,63      21.67,3      90.17,4      49.97,8      0.07,8      0.00,27      0.20,86      0.23,25      24.83,6      0.00,52      0.20,98      0.33,34      0.00,74      0.00,48      0.00,68      0.03,19      4.10,10      3.50,94      1.73,20      66.9%,70       https://fbref.com/req/202302030/images/headshots/e541326e_2022.jpg
Vitaly Janelt
MF      0.12,63      0.04,34      0.16,52      0.12,64      0.00,46      0.00,45      0.12,74      0.00,55      0.10,55      0.10,57      0.06,29      0.15,38      0.57,15      3.34,28      1.14,31      0.57,20      0.20,31      35.7%,71      0.21,93      0.60,88      15.80,89      0.00,35      0.17,98      +0.02,64      +0.02,62      33.10,39      41.58,40      79.6%,45      576.89,50      158.64,48      16.75,42      18.99,41      88.2%,53      12.15,40      14.67,40      82.8%,33      3.67,72      5.67,67      64.7%,62      0.06,32      0.65,28      3.06,40      0.77,44      0.33,83      40.19,44      1.18,33      0.49,31      0.12,39      0.69,87      0.90,48      0.65,80      0.04,48      0.04,59      0.00,32      0.00,42      0.20,39      0.86,64      1.92,30      1.59,37      0.04,45      0.08,51      0.12,57      0.00,9      0.08,72      0.16,34      0.16,53      0.00,40      0.00,39      0.00,36      0.00,36      0.00,44      2.20,56      1.10,37      0.82,40      0.98,56      0.41,75      0.86,48      2.00,56      42.9%,49      1.14,44      1.18,36      0.37,66      0.82,30      1.18,64      3.38,61      1.06,44      0.00,68      50.71,32      2.69,71      13.65,63      27.51,41      9.86,26      1.47,48      50.71,32      0.98,28      0.37,17      37.5%,15      0.57,50      58.3%,5      27.02,33      114.29,20      50.79,19      0.73,20      0.08,30      0.73,88      0.45,91      30.04,29      0.00,53      0.90,80      0.86,33      0.08,31      0.00,43      0.00,57      0.00,54      6.48,64      1.30,80      0.94,49      58.2%,80       https://fbref.com/req/202302030/images/headshots/8449d35e_2022.jpg
Aaron Hickey
FB      0.00,25      0.05,56      0.05,38      0.00,25      0.00,50      0.00,50      0.33,11      0.00,54      0.02,25      0.02,25      0.02,7      0.04,5      1.93,62      3.80,57      2.21,23      0.52,49      0.09,39      18.2%,33      0.00,25      0.00,25      21.50,25      0.00,43      0.04,16      -0.02,37      -0.02,37      32.65,22      39.36,11      82.9%,78      516.47,21      154.16,14      17.52,27      19.31,22      90.8%,70      12.45,28      14.56,14      85.5%,77      2.16,34      3.76,16      57.5%,80      0.03,5      0.28,7      2.91,54      0.61,28      0.19,27      34.90,15      4.37,10      0.52,26      0.09,64      0.05,19      1.27,23      3.85,14      0.00,30      0.00,34      0.00,36      0.00,47      0.09,75      0.80,87      0.94,13      0.66,5      0.05,43      0.05,62      0.09,66      0.09,70      0.00,30      0.09,37      0.05,26      0.00,40      0.00,45      0.05,90      0.00,45      0.00,48      1.79,37      1.22,49      1.27,61      0.52,33      0.00,4      0.85,26      1.50,28      56.3%,50      0.66,61      0.85,14      0.33,46      0.52,14      0.80,22      2.58,27      1.50,13      0.05,32      48.29,10      2.21,7      15.41,10      23.44,27      9.91,15      0.99,36      48.29,10      2.11,80      0.80,73      37.8%,34      0.85,22      40.0%,53      28.94,40      154.78,49      84.65,51      0.80,22      0.14,40      0.75,73      0.61,44      29.31,21      0.00,50      0.94,56      1.64,92      0.05,49      0.00,45      0.05,13      0.00,56      5.21,43      0.66,17      1.03,54      38.9%,17       https://fbref.com/req/202302030/images/headshots/1780bb4a_2022.jpg
Christian Nørgaard
MF      0.05,41      0.15,80      0.20,60      0.05,42      0.00,46      0.00,45      0.31,28      0.00,55      0.08,43      0.08,45      0.16,80      0.24,68      0.20,2      3.73,37      0.41,5      0.97,39      0.41,62      42.1%,85      0.05,47      0.13,37      11.40,98      0.00,35      0.08,49      -0.03,35      -0.03,35      31.04,32      41.45,39      74.9%,17      504.32,31      174.95,60      15.52,31      18.84,38      82.4%,12      12.86,45      16.64,51      77.3%,14      2.04,30      3.78,35      54.1%,36      0.09,50      0.61,21      3.47,50      0.41,24      0.10,49      40.18,43      0.97,26      0.51,33      0.10,31      0.31,54      0.56,35      0.10,29      0.00,22      0.00,29      0.00,32      0.00,42      0.31,11      0.56,90      1.63,20      1.23,18      0.05,49      0.05,40      0.20,77      0.10,56      0.00,21      0.36,72      0.15,50      0.00,40      0.00,39      0.15,99      0.05,88      0.00,44      2.65,82      1.53,77      1.07,68      1.48,90      0.10,5      0.92,59      2.45,81      37.5%,26      1.53,15      1.63,69      0.46,83      1.17,62      1.74,94      4.39,89      2.09,91      0.10,5      53.60,43      3.98,93      17.25,83      28.28,44      8.42,18      2.14,65      53.60,43      0.97,27      0.41,21      42.1%,25      0.51,54      52.6%,11      23.18,14      77.49,5      34.25,4      0.56,11      0.10,36      0.71,89      0.51,88      26.85,14      0.00,53      1.79,14      1.02,43      0.00,80      0.05,95      0.00,57      0.00,54      8.42,94      0.92,57      1.02,41      47.4%,50       https://fbref.com/req/202302030/images/headshots/df0a4c90_2022.jpg
Yoane Wissa
AM,FW      0.39,84,64      0.17,60,70      0.56,82,64      0.39,85,67      0.00,40,32      0.00,40,30      0.17,39,38      0.00,53,53      0.31,81,47      0.31,85,48      0.14,47,69      0.46,70,48      1.35,7,35      1.51,5,42      5.83,32,60      1.79,39,19      0.84,66,40      46.9%,87,83      0.22,95,92      0.47,86,87      14.10,87,58      0.00,29,36      0.18,97,85      +0.08,81,86      +0.08,80,86      13.34,3,30      19.28,2,28      69.2%,21,42      176.36,3,31      33.68,2,38      9.19,9,47      11.10,6,31      82.8%,34,66      2.86,1,21      4.37,1,26      65.4%,11,25      0.56,7,35      1.51,14,53      37.0%,7,9      0.06,7,31      0.73,8,25      1.18,24,64      0.45,4,33      0.00,5,19      18.72,3,35      0.39,9,16      0.06,29,57      0.22,62,65      0.11,34,57      0.67,13,58      0.11,14,36      0.00,12,33      0.00,21,40      0.00,28,45      0.00,40,47      0.17,47,26      0.84,84,55      2.02,10,38      1.63,16,57      0.00,16,33      0.06,11,11      0.11,19,18      0.17,52,55      0.06,65,75      0.34,45,55      0.22,47,58      0.00,36,45      0.00,25,26      0.00,27,26      0.06,81,72      0.06,95,97      0.95,22,57      0.67,43,75      0.22,14,53      0.39,27,58      0.34,59,72      0.34,23,67      0.73,8,48      46.2%,74,81      0.39,95,65      0.56,8,19      0.00,15,14      0.56,10,55      0.34,28,67      1.29,21,60      0.84,73,60      0.00,59,57      28.97,2,21      0.78,43,38      3.75,11,58      10.82,3,13      15.02,10,40      3.47,43,18      28.97,2,23      2.47,23,58      1.12,31,60      45.5%,64,69      0.84,82,60      34.1%,86,92      17.48,3,33      88.15,1,43      36.87,1,40      0.67,2,25      0.62,25,35      2.30,46,67      1.40,62,65      19.33,3,16      0.00,51,50      1.18,46,60      1.46,59,64      1.06,2,9      0.06,85,81      0.00,56,53      0.00,52,50      3.87,25,84      1.35,82,43      1.46,39,79      48.0%,85,82       https://fbref.com/req/202302030/images/headshots/2500cef9_2022.jpg
Josh Dasilva
MF      0.26,90      0.13,72      0.39,84      0.26,90      0.00,46      0.00,45      0.06,90      0.00,55      0.10,54      0.10,56      0.10,52      0.19,49      3.89,99      4.02,40      4.47,75      1.17,59      0.39,60      33.3%,62      0.22,94      0.67,90      19.80,51      0.00,35      0.09,63      +0.16,99      +0.16,99      31.81,35      39.98,32      79.6%,45      525.03,38      126.61,30      16.52,40      18.86,39      87.6%,48      12.12,38      14.06,34      86.2%,55      2.59,48      4.54,47      57.1%,44      0.10,60      0.78,37      2.27,18      1.56,90      0.32,82      38.29,36      1.62,50      0.52,36      0.06,25      0.06,10      2.14,73      0.71,82      0.39,70      0.26,71      0.00,32      0.00,42      0.06,84      1.10,33      2.72,59      2.33,66      0.06,54      0.19,77      0.06,25      0.06,38      0.00,21      0.45,85      0.32,83      0.00,40      0.06,91      0.00,36      0.06,91      0.00,44      1.17,9      0.58,5      0.39,10      0.39,4      0.39,73      0.39,5      1.04,3      37.5%,26      0.65,89      1.43,58      0.39,71      1.04,52      0.32,3      1.49,6      0.45,10      0.06,13      49.89,30      1.10,12      9.33,20      22.16,17      19.31,73      2.07,63      49.89,30      3.63,92      2.07,97      57.1%,75      0.97,21      26.8%,78      34.73,64      219.78,86      105.68,87      2.79,97      0.58,80      1.81,24      1.81,9      36.41,52      0.00,53      0.91,80      1.49,73      0.00,80      0.00,43      0.00,57      0.00,54      4.28,4      0.39,14      0.52,86      42.9%,39       https://fbref.com/req/202302030/images/headshots/60344e4f_2022.jpg
Mads Roerslev
FB      0.00,25      0.00,20      0.00,11      0.00,25      0.00,50      0.00,50      0.00,96      0.00,54      0.02,38      0.02,38      0.10,73      0.12,61      0.65,5      1.54,2      2.92,42      0.24,14      0.00,10      0.0%,10      0.00,25      14.80,74      0.00,43      0.11,84      -0.02,28      -0.02,28      15.76,1      24.61,1      64.0%,5      242.06,1      86.99,1      8.94,1      11.62,1      76.9%,1      5.04,1      6.82,1      73.8%,19      1.22,4      3.57,10      34.1%,12      0.07,58      0.65,55      1.22,4      0.57,22      0.41,63      22.91,1      1.71,1      0.08,2      0.16,84      0.00,8      1.62,38      1.62,2      0.00,30      0.00,34      0.00,36      0.00,47      0.00,97      1.71,21      1.06,17      1.06,31      0.00,16      0.00,26      0.00,16      0.00,19      0.00,30      0.08,27      0.08,38      0.00,40      0.00,45      0.00,40      0.00,45      0.00,48      1.79,38      0.97,26      1.54,72      0.24,4      0.00,4      1.30,70      2.68,81      48.5%,16      1.38,14      1.14,45      0.41,66      0.73,31      0.73,16      2.52,23      3.09,80      0.00,73      34.60,1      4.06,64      14.46,7      11.37,1      8.85,7      1.06,40      34.60,1      0.57,13      0.24,14      42.9%,45      0.24,87      42.9%,45      15.11,1      66.36,1      22.58,1      0.57,7      0.16,44      1.14,36      0.73,32      17.06,1      0.00,50      0.32,97      0.24,8      0.00,80      0.00,45      0.00,66      0.00,56      3.90,5      0.65,16      0.97,62      40.0%,19       https://fbref.com/req/202302030/images/headshots/57c94db2_2022.jpg
Mathias Jørgensen
CB      0.00,25      0.00,32      0.00,17      0.00,25      0.00,50      0.00,50      0.16,51      0.00,52      0.07,76      0.07,76      0.02,38      0.09,65      0.08,3      2.86,40      0.08,20      0.41,34      0.08,30      20.0%,35      0.00,25      0.00,25      7.80,93      0.00,46      0.18,90      -0.07,8      -0.07,8      32.96,14      41.04,12      80.3%,29      565.38,9      248.95,22      14.77,38      16.56,38      89.2%,37      16.07,12      19.58,13      82.1%,9      1.63,1      4.00,1      40.8%,3      0.02,27      0.24,51      2.45,31      0.00,6      0.00,30      35.66,7      5.30,91      0.49,8      0.00,24      0.00,4      0.24,72      4.49,92      0.00,48      0.00,49      0.00,49      0.00,50      0.08,78      0.16,88      0.73,46      0.41,19      0.33,98      0.00,41      0.00,15      0.00,36      0.00,36      0.08,61      0.00,18      0.08,99      0.00,49      0.00,41      0.00,46      0.00,49      1.39,52      0.65,33      0.73,36      0.65,78      0.00,19      0.73,61      1.71,83      42.9%,5      0.98,7      1.55,77      0.98,71      0.57,70      1.31,59      2.69,54      3.18,24      0.08,24      49.94,8      7.10,18      23.74,7      22.93,22      3.43,57      0.98,50      49.94,8      0.08,9      0.00,4      0.0%,4      0.08,48      100.0%,3      24.07,9      86.65,3      50.26,9      0.16,18      0.00,27      0.24,78      0.08,75      26.19,8      0.00,52      0.73,49      0.33,31      0.16,4      0.00,48      0.00,68      0.08,4      4.32,13      1.39,8      1.31,51      51.5%,8       https://fbref.com/req/202302030/images/headshots/0db5d2c8_2022.jpg
Mikkel Damsgaard
MF      0.00,16      0.00,13      0.00,7      0.00,16      0.00,46      0.00,45      0.36,18      0.00,55      0.24,90      0.24,93      0.13,62      0.36,87      0.82,26      4.01,40      4.10,72      1.09,53      0.46,74      41.7%,85      0.00,16      0.00,16      15.00,92      0.00,35      0.22,99      -0.24,1      -0.24,1      25.05,12      37.07,21      67.6%,4      366.47,10      130.90,30      14.21,16      17.58,28      80.8%,7      8.38,11      12.02,21      69.7%,3      1.46,11      4.01,38      36.4%,2      0.12,68      1.00,54      3.28,49      0.91,52      0.09,43      35.25,24      1.28,34      0.73,50      0.46,85      0.18,29      2.64,79      0.09,26      0.18,61      0.09,65      0.09,72      0.00,42      0.55,1      1.09,34      2.28,43      1.82,49      0.27,76      0.00,15      0.09,39      0.09,50      0.00,21      0.18,41      0.18,57      0.00,40      0.00,39      0.00,36      0.00,36      0.00,44      2.82,85      1.91,91      1.18,77      1.18,78      0.46,85      1.37,91      3.83,97      35.7%,21      2.46,1      1.82,86      0.18,31      1.64,91      0.91,43      3.73,73      1.28,54      0.00,68      48.19,21      0.82,7      9.47,20      24.41,27      15.12,56      2.46,72      48.19,21      2.10,67      0.82,47      39.1%,19      0.82,30      39.1%,39      25.42,26      97.93,9      52.29,22      0.82,24      0.09,33      1.37,46      0.55,85      27.97,20      0.00,53      1.18,57      1.00,40      0.00,80      0.00,43      0.00,57      0.00,54      6.38,59      0.91,56      0.82,60      52.6%,64       https://fbref.com/req/202302030/images/headshots/215f3907_2022.jpg
Kristoffer Ajer
CB      0.00,25      0.00,32      0.00,17      0.00,25      0.00,50      0.00,50      0.00,95      0.00,52      0.00,1      0.00,1      0.00,4      0.01,1      1.18,86      3.66,61      1.42,91      0.12,4      0.00,8      0.0%,8      0.00,25      6.00,97      0.00,46      0.04,4      0.00,70      0.00,70      30.55,9      40.69,10      75.1%,9      528.44,6      222.58,12      15.45,44      18.75,52      82.4%,7      12.03,2      15.10,2      79.7%,6      2.71,9      4.72,7      57.5%,55      0.01,13      0.12,19      2.36,25      0.35,83      0.12,90      34.56,4      6.02,92      0.83,20      0.00,24      0.47,62      0.71,90      5.19,94      0.00,48      0.00,49      0.00,49      0.00,50      0.12,51      0.94,7      0.47,14      0.47,24      0.00,30      0.00,41      0.00,15      0.00,36      0.00,36      0.00,14      0.00,18      0.00,47      0.00,49      0.00,41      0.00,46      0.00,49      1.30,44      0.94,61      0.59,23      0.47,64      0.24,96      1.06,82      1.89,88      56.3%,35      0.83,12      0.71,9      0.59,29      0.12,3      0.83,22      2.12,34      2.60,12      0.00,81      48.60,6      5.31,8      21.70,3      19.70,12      7.55,90      1.06,59      48.60,6      0.83,93      0.12,29      14.3%,7      0.47,2      57.1%,12      25.12,13      132.46,22      72.31,25      0.59,67      0.00,27      0.35,59      0.94,1      27.25,12      0.00,52      0.59,69      0.94,90      0.00,74      0.00,48      0.12,3      0.00,63      4.25,12      1.77,27      1.30,52      57.7%,35       https://fbref.com/req/202302030/images/headshots/a8c0acb7_2022.jpg
Pontus Jansson
CB      0.12,94      0.00,32      0.12,85      0.12,94      0.00,50      0.00,50      0.00,95      0.00,52      0.04,34      0.04,34      0.00,4      0.04,17      0.12,8      1.74,12      0.00,4      0.50,48      0.25,88      50.0%,88      0.25,94      0.50,75      9.90,65      0.00,46      0.08,26      +0.09,96      +0.09,96      31.95,12      39.90,8      80.1%,27      622.04,14      216.05,8      10.07,8      12.18,8      82.7%,9      18.27,22      20.76,20      88.0%,33      3.48,30      5.59,18      62.2%,67      0.01,14      0.00,2      1.37,7      0.00,6      0.00,30      38.41,12      1.37,23      0.75,17      0.12,87      0.00,4      0.00,10      0.62,67      0.00,48      0.00,49      0.00,49      0.00,50      0.12,49      0.37,51      0.25,1      0.12,1      0.00,30      0.00,41      0.12,75      0.00,36      0.00,36      0.12,72      0.12,82      0.00,47      0.00,49      0.00,41      0.00,46      0.00,49      0.62,6      0.37,6      0.50,14      0.12,3      0.00,19      0.37,14      0.62,10      60.0%,42      0.25,81      1.62,78      1.12,82      0.50,54      1.12,39      1.74,12      4.72,75      0.00,81      48.85,7      9.07,48      30.21,29      17.03,7      1.62,10      0.99,52      48.85,7      0.25,33      0.25,65      100.0%,93      0.00,88      0.0%,88      23.87,8      91.24,6      38.54,4      0.12,12      0.00,27      0.25,77      0.12,62      26.98,10      0.00,52      0.25,97      0.12,4      0.12,8      0.00,48      0.00,68      0.00,63      3.11,1      3.11,82      1.49,30      67.6%,76       https://fbref.com/req/202302030/images/headshots/172e52d8_2022.jpg
Frank Onyeka
MF      0.00,16      0.21,91      0.21,61      0.00,16      0.00,46      0.00,45      0.00,97      0.00,55      0.11,58      0.11,60      0.06,34      0.18,43      0.96,37      2.97,20      2.23,54      0.96,36      0.42,67      44.4%,87      0.00,16      0.00,16      17.40,74      0.00,35      0.11,79      -0.11,6      -0.11,6      20.48,5      27.28,6      75.1%,18      317.23,5      83.21,5      11.25,6      13.69,6      82.2%,10      7.43,6      9.34,6      79.5%,19      0.96,2      1.80,4      52.9%,31      0.08,46      0.74,35      2.44,21      0.64,35      0.00,12      27.06,7      0.11,1      0.00,3      0.00,7      0.11,19      0.21,17      0.11,30      0.00,22      0.00,29      0.00,32      0.00,42      0.11,67      0.96,57      2.44,46      1.70,44      0.00,20      0.00,15      0.11,46      0.64,99      0.00,21      0.74,99      0.53,97      0.00,40      0.00,39      0.00,36      0.21,99      0.00,44      2.02,45      1.49,71      1.17,73      0.74,30      0.11,6      1.06,76      2.65,86      40.0%,38      1.59,14      1.70,77      0.32,62      1.38,78      1.06,56      3.08,45      1.70,85      0.00,68      39.59,7      2.76,74      9.87,24      18.68,7      11.57,35      2.12,64      39.59,7      2.76,81      1.17,73      42.3%,26      1.17,16      42.3%,30      21.01,8      90.42,7      39.06,8      0.85,28      0.32,68      1.17,59      1.06,42      21.76,4      0.00,53      1.59,24      2.76,99      0.21,9      0.00,43      0.00,57      0.00,54      5.31,25      0.74,40      1.59,12      31.8%,15       https://fbref.com/req/202302030/images/headshots/2944f86f_2022.jpg
Kevin Schade
AM      0.00,4      0.12,45      0.12,9      0.00,4      0.00,40      0.00,40      0.25,20      0.00,53      0.26,66      0.26,72      0.14,44      0.39,60      2.95,53      1.84,9      7.01,48      1.48,21      0.49,31      33.3%,40      0.00,4      0.00,4      11.90,97      0.00,29      0.18,97      -0.26,2      -0.26,2      12.66,2      21.27,5      59.5%,2      157.62,2      35.04,3      7.62,3      10.94,5      69.7%,2      3.57,5      6.27,12      56.9%,1      0.12,1      0.74,1      16.7%,1      0.10,34      0.98,27      0.98,13      0.61,10      0.25,57      21.02,7      0.12,4      0.00,13      0.12,32      0.00,6      1.84,44      0.12,18      0.00,12      0.00,21      0.00,28      0.00,40      0.12,59      1.35,32      3.32,54      1.84,31      0.00,16      0.74,96      0.25,56      0.49,92      0.00,21      0.49,79      0.37,80      0.00,36      0.12,90      0.00,27      0.00,32      0.00,43      1.48,47      0.98,59      0.86,75      0.25,14      0.37,66      0.61,54      1.23,32      50.0%,84      0.61,81      0.86,32      0.00,15      0.86,43      0.49,58      1.97,48      0.74,68      0.00,59      35.78,8      0.86,49      4.67,29      11.56,6      20.29,35      5.90,88      35.78,8      4.30,71      1.48,54      34.3%,18      2.21,21      51.4%,15      18.07,5      147.42,23      61.60,18      1.48,24      1.84,81      3.07,9      1.11,86      22.87,7      0.00,51      1.60,12      0.98,26      0.74,6      0.12,97      0.00,56      0.00,52      4.06,29      3.69,99      2.95,5      55.6%,95       https://fbref.com/req/202302030/images/headshots/52afb588_2022.jpg
Shandon Baptiste
MF      0.00,16      0.15,78      0.15,48      0.00,16      0.00,46      0.00,45      0.44,9      0.15,1      0.06,31      0.06,34      0.16,81      0.20,54      1.17,49      5.68,70      3.35,62      0.58,20      0.15,22      25.0%,34      0.00,16      0.00,16      15.90,85      0.00,35      0.09,63      -0.06,20      -0.06,20      35.97,52      42.96,45      83.7%,70      603.35,54      163.25,52      18.50,50      20.68,49      89.4%,62      13.40,48      15.15,43      88.5%,74      3.06,54      4.66,52      65.6%,64      0.07,40      1.46,81      3.20,47      1.17,70      0.29,80      41.80,47      0.87,21      0.15,10      0.29,66      0.00,3      1.60,65      0.44,69      0.29,66      0.29,74      0.00,32      0.00,42      0.29,17      1.02,43      2.62,53      1.60,39      0.15,64      0.29,88      0.29,93      0.29,93      0.00,21      0.58,97      0.44,91      0.00,40      0.00,39      0.00,36      0.15,99      0.00,44      2.18,54      1.31,60      0.87,48      0.87,45      0.44,80      1.02,73      2.48,82      41.2%,42      1.46,20      1.46,62      0.29,57      1.17,61      1.02,51      3.20,57      1.46,70      0.00,68      54.32,45      1.75,29      12.67,58      28.54,47      14.13,47      1.02,40      54.32,45      1.89,56      0.87,53      46.2%,39      0.44,60      23.1%,85      34.95,66      159.76,52      73.84,50      1.75,78      0.44,73      2.33,10      1.17,33      35.97,49      0.15,1      1.60,22      1.75,81      0.15,16      0.00,43      0.00,57      0.00,54      6.55,65      0.87,51      1.02,42      46.2%,49       https://fbref.com/req/202302030/images/headshots/2886c9b5_2022.jpg