
James Tarkowski
CB      0.03,50      0.03,65      0.05,51      0.03,50      0.00,50      0.00,50      0.16,55      0.00,52      0.08,83      0.08,83      0.08,96      0.16,93      0.34,36      2.79,38      0.29,59      0.84,87      0.24,85      28.1%,56      0.03,51      0.11,44      9.00,80      0.00,46      0.10,55      -0.06,20      -0.06,20      34.79,22      42.97,18      81.0%,34      693.66,27      266.18,25      11.79,19      13.47,19      87.5%,25      18.24,20      20.89,22      87.3%,25      4.39,52      7.82,50      56.2%,45      0.05,91      0.39,86      2.58,34      0.08,18      0.00,30      41.53,20      1.26,15      1.08,40      0.08,72      0.47,64      0.00,10      0.16,25      0.00,48      0.00,49      0.00,49      0.00,50      0.18,29      0.11,96      0.61,25      0.45,22      0.00,30      0.00,41      0.13,81      0.00,36      0.03,72      0.05,40      0.03,36      0.00,47      0.00,49      0.03,83      0.00,46      0.00,49      1.34,49      0.68,36      0.95,57      0.34,30      0.05,44      0.53,31      1.00,44      52.6%,25      0.47,41      2.61,99      2.05,99      0.55,65      1.34,62      2.68,52      5.29,87      0.08,28      55.76,23      9.71,62      28.68,18      24.37,31      2.97,52      2.13,96      55.76,23      0.26,36      0.24,62      90.0%,86      0.03,75      10.0%,70      25.84,15      116.13,12      60.39,14      0.08,9      0.03,55      0.58,18      0.13,61      31.82,23      0.00,52      1.05,15      0.61,71      0.05,30      0.00,48      0.03,35      0.00,63      4.55,20      3.16,87      1.26,55      71.4%,85       https://fbref.com/req/202302030/images/headshots/15ea812b_2022.jpg
Alex Iwobi
MF,AM      0.05,43,13      0.19,85,64      0.24,66,27      0.05,44,13      0.00,46,40      0.00,45,40      0.05,91,81      0.00,55,53      0.07,36,3      0.07,38,3      0.16,83,57      0.23,63,12      2.40,81,31      5.17,60,85      3.86,68,9      1.12,55,9      0.40,61,16      35.7%,71,51      0.05,47,23      0.13,37,18      21.00,40,12      0.00,35,29      0.06,30,6      -0.01,50,47      -0.01,50,46      30.75,30,73      40.92,38,76      75.1%,18,53      535.58,41,82      175.04,61,92      14.57,18,48      17.26,20,48      84.4%,18,39      11.59,36,85      14.79,40,86      78.4%,17,59      3.52,69,87      5.86,69,81      60.0%,50,69      0.11,66,44      1.71,89,68      3.57,52,89      1.68,90,78      0.45,90,86      39.14,40,79      1.55,48,47      0.08,7,37      0.37,78,80      0.35,61,71      2.77,81,62      0.83,86,86      0.45,72,54      0.37,77,63      0.03,65,57      0.00,42,40      0.24,25,21      1.23,27,46      3.20,75,48      2.42,76,63      0.24,73,64      0.21,78,45      0.19,74,40      0.08,45,20      0.05,59,61      0.24,53,28      0.21,60,45      0.00,40,36      0.00,39,25      0.00,36,27      0.03,72,64      0.00,44,43      1.84,35,71      0.99,23,60      0.99,64,88      0.75,31,72      0.11,7,9      0.88,50,80      1.73,37,61      50.8%,71,86      0.85,73,54      1.09,30,58      0.05,9,41      1.04,53,46      0.67,21,71      2.50,24,71      0.77,27,70      0.00,68,59      50.94,33,70      1.39,20,74      9.56,21,84      23.77,25,82      18.89,70,24      1.57,51,4      50.94,33,70      2.93,83,36      1.47,86,53      50.0%,50,80      1.33,12,59      45.5%,20,46      31.15,51,66      184.18,70,55      91.49,75,59      2.10,85,62      0.40,71,11      1.81,25,77      1.12,39,84      34.24,43,56      0.00,53,51      0.51,97,89      0.40,8,1      0.11,25,76      0.03,87,70      0.00,57,56      0.00,54,52      6.90,74,96      0.27,6,20      0.75,66,73      26.3%,9,31       https://fbref.com/req/202302030/images/headshots/6ca5ec4b_2022.jpg
Jordan Pickford
GK      1.54,38      4.89,77      3.32,88      71.3%,66      0.19,16      0.32,80      0.49,66      0.22,27      21.6%,27      0.16,63      0.14,34      0.03,57      0.00,39      16.7%,55      0.05,20      0.11,91      0.00,91      1.62,13      0.31,73      +0.08,80      7.30,95      21.65,95      33.7%,57      26.81,52      4.08,16      58.1%,98      43.0,98      8.51,77      71.4%,98      52.7,98      15.30,73      0.59,27      3.9%,16      1.41,66      16.2,84       https://fbref.com/req/202302030/images/headshots/4806ec67_2022.jpg
Idrissa Gana Gueye
MF      0.00,16      0.03,31      0.03,15      0.00,16      0.00,46      0.00,45      0.24,38      0.00,55      0.02,15      0.02,16      0.04,18      0.06,16      0.94,36      3.42,31      0.66,19      0.52,16      0.21,32      40.0%,82      0.00,16      0.00,16      25.10,14      0.03,71      0.05,20      -0.02,40      -0.02,40      35.80,51      42.82,43      83.6%,70      567.10,49      149.41,43      18.34,49      20.36,47      90.1%,72      14.63,56      16.62,50      88.0%,72      1.99,28      3.67,31      54.3%,38      0.03,11      0.42,12      3.88,60      0.17,7      0.00,12      42.08,49      0.59,13      0.45,30      0.03,15      0.14,22      0.35,26      0.10,30      0.00,22      0.00,29      0.00,32      0.00,42      0.14,56      0.80,70      1.78,24      1.26,20      0.00,20      0.03,34      0.07,27      0.24,87      0.17,93      0.10,22      0.07,27      0.00,40      0.00,39      0.00,36      0.00,36      0.03,91      3.39,96      1.99,94      1.71,93      1.22,80      0.45,84      1.08,78      2.10,60      51.7%,73      1.01,60      1.75,81      0.42,80      1.33,74      1.96,98      5.34,99      1.19,50      0.10,4      54.59,46      2.69,70      15.75,75      31.19,57      8.28,16      0.38,10      54.59,46      1.22,37      0.66,36      54.3%,66      0.31,77      25.7%,82      28.67,37      137.67,39      63.88,39      0.91,36      0.10,37      1.08,64      0.63,77      29.51,26      0.00,53      1.50,34      1.75,80      0.00,80      0.00,43      0.03,9      0.00,54      9.29,99      0.94,59      0.77,64      55.1%,72       https://fbref.com/req/202302030/images/headshots/72c812f3_2022.jpg
Vitaliy Mykolenko
FB      0.00,25      0.00,20      0.00,11      0.00,25      0.00,50      0.00,50      0.14,68      0.00,54      0.02,21      0.02,21      0.04,33      0.06,23      1.05,25      3.39,42      2.44,32      0.34,27      0.10,42      30.0%,69      0.00,25      0.00,25      20.30,33      0.00,43      0.05,28      -0.02,42      -0.02,42      32.75,23      43.80,21      74.8%,32      515.22,20      199.12,30      17.25,25      19.83,25      87.0%,31      12.37,27      16.17,25      76.5%,31      2.14,33      4.98,42      42.9%,33      0.03,7      0.64,54      2.85,50      0.71,40      0.37,57      35.42,20      8.10,43      0.34,13      0.03,40      0.10,33      1.93,50      7.69,57      0.07,66      0.03,69      0.03,72      0.00,47      0.27,20      1.02,77      1.56,48      1.39,57      0.03,36      0.00,26      0.07,55      0.07,62      0.00,30      0.10,40      0.07,33      0.00,40      0.00,45      0.03,81      0.00,45      0.00,48      1.97,49      1.15,43      1.22,54      0.64,52      0.10,26      0.95,36      1.73,44      54.9%,46      0.78,44      1.69,92      0.54,86      1.15,84      1.56,90      3.53,70      3.36,90      0.00,73      55.08,20      4.20,70      19.53,39      23.49,28      12.54,30      0.88,28      55.08,20      0.85,26      0.37,33      44.0%,48      0.47,51      56.0%,13      23.76,14      105.19,13      50.54,13      1.12,44      0.24,57      1.08,40      0.27,79      27.05,15      0.00,50      0.98,49      0.71,48      0.00,80      0.00,45      0.00,66      0.00,56      5.08,37      0.85,32      1.15,42      42.4%,23       https://fbref.com/req/202302030/images/headshots/30d4a2e5_2022.jpg
Amadou Onana
MF      0.04,35      0.07,47      0.11,35      0.04,36      0.00,46      0.00,45      0.33,24      0.00,55      0.11,59      0.11,60      0.09,50      0.20,53      0.98,40      2.86,15      1.77,47      1.23,64      0.22,34      17.6%,17      0.03,36      0.17,44      16.80,80      0.00,35      0.09,63      -0.07,13      -0.07,14      29.52,25      35.45,19      83.3%,69      475.50,25      108.77,17      15.19,25      17.40,25      87.3%,43      11.21,32      12.81,28      87.6%,70      2.17,35      3.11,20      69.8%,76      0.06,33      0.80,39      2.79,30      0.40,23      0.00,12      35.09,23      0.22,2      0.14,10      0.18,49      0.25,45      0.18,11      0.04,16      0.00,22      0.00,29      0.00,32      0.00,42      0.14,52      0.22,98      1.63,18      1.27,21      0.00,20      0.04,35      0.07,30      0.18,78      0.07,68      0.07,19      0.07,29      0.00,40      0.00,39      0.00,36      0.00,36      0.00,44      2.60,80      1.56,79      0.87,47      1.52,96      0.22,43      1.09,79      1.52,20      71.4%,99      0.43,96      0.90,18      0.22,41      0.69,16      1.34,78      3.94,83      1.41,68      0.00,68      47.39,18      2.10,44      10.38,30      26.95,39      10.67,30      1.88,55      47.39,18      1.88,55      0.65,33      34.6%,9      0.83,29      44.2%,22      24.74,21      128.89,30      51.95,21      1.09,48      0.14,48      1.77,28      0.62,79      31.51,32      0.00,53      1.59,25      1.77,82      0.07,33      0.00,43      0.00,57      0.00,54      5.43,29      2.17,94      1.99,5      52.2%,62       https://fbref.com/req/202302030/images/headshots/828657ff_2022.jpg
Dwight McNeil
AM,MF      0.25,62,88      0.11,40,63      0.36,46,80      0.25,65,89      0.00,40,46      0.00,40,45      0.18,31,52      0.00,53,55      0.13,20,63      0.13,20,65      0.22,79,93      0.35,48,84      2.74,45,87      2.49,25,7      4.61,14,76      1.66,30,80      0.54,34,85      32.6%,37,59      0.15,80,79      0.47,86,77      20.50,15,45      0.04,64,72      0.08,21,49      +0.13,90,93      +0.13,90,93      23.63,41,9      35.56,58,20      66.5%,15,2      406.69,58,14      136.80,81,35      12.07,26,10      14.09,20,7      85.7%,57,29      7.49,51,7      10.02,54,10      74.8%,36,9      3.13,81,57      7.64,93,80      41.0%,18,4      0.19,81,92      1.77,72,90      1.62,48,6      0.97,39,56      0.50,91,95      30.19,44,10      5.12,90,90      1.80,91,82      0.11,26,35      0.22,51,36      6.99,96,98      1.12,92,90      2.20,82,91      1.91,97,99      0.14,70,75      0.00,40,42      0.25,16,24      1.77,7,2      3.89,77,90      1.91,41,54      1.30,98,98      0.32,73,93      0.22,47,80      0.07,15,42      0.07,78,67      0.43,65,84      0.14,29,48      0.11,93,96      0.11,87,97      0.00,27,36      0.04,72,80      0.04,90,93      2.31,90,61      1.48,90,70      1.26,95,82      0.50,42,11      0.54,91,95      0.97,89,69      2.23,86,70      43.5%,65,52      1.26,20,30      1.66,94,72      0.25,91,47      1.41,88,2      1.12,95,61      3.42,94,63      1.48,96,71      0.00,59,68      48.93,64,24      1.87,88,36      9.58,85,22      18.19,52,6      22.12,48,85      2.20,11,66      48.89,64,23      3.89,61,95      1.95,79,96      50.0%,80,50      1.84,35,6      47.2%,37,15      26.59,40,30      195.71,62,74      77.25,37,57      1.59,28,67      0.58,22,80      1.91,69,19      1.62,40,11      27.45,22,16      0.00,51,53      0.79,71,83      0.76,13,27      0.04,92,53      0.04,75,90      0.00,56,57      0.00,52,54      6.31,88,57      0.50,46,23      0.65,81,72      43.8%,77,40       https://fbref.com/req/202302030/images/headshots/fc15fb84_2022.jpg
Demarai Gray
AM,FW      0.14,31,13      0.04,18,23      0.18,14,11      0.07,15,4      0.07,96,81      0.07,91,74      0.11,55,62      0.00,53,53      0.22,52,13      0.17,41,9      0.14,46,67      0.31,36,19      3.37,65,94      1.65,7,50      7.14,52,75      2.05,58,30      0.79,60,33      38.6%,68,50      0.04,16,9      0.09,11,8      19.50,24,3      0.29,95,99      0.08,21,7      -0.08,19,31      -0.10,15,28      20.79,27,77      30.08,31,77      69.1%,20,39      353.36,43,89      79.52,35,82      10.38,14,60      11.78,10,43      88.1%,80,96      6.86,37,87      9.05,39,87      75.8%,39,53      2.58,75,94      6.43,86,97      40.2%,16,19      0.14,55,82      1.33,43,72      1.08,19,55      0.65,14,57      0.25,60,92      23.91,12,69      6.17,95,99      2.05,94,99      0.07,18,26      0.29,60,84      6.21,94,99      0.25,36,64      2.66,92,97      1.90,96,99      0.72,87,96      0.00,40,47      0.00,92,86      1.36,29,13      3.37,59,86      1.47,12,48      0.90,94,99      0.14,28,36      0.39,92,84      0.36,85,91      0.11,93,92      0.18,18,25      0.11,19,28      0.07,87,97      0.00,25,26      0.00,27,26      0.00,32,31      0.00,43,47      1.18,37,75      0.86,51,87      0.32,24,72      0.50,41,70      0.36,65,77      0.61,52,92      1.11,28,74      54.8%,90,92      0.50,89,52      0.83,29,58      0.11,61,50      0.72,23,13      0.47,53,82      1.65,39,81      0.65,60,47      0.00,59,57      42.40,27,81      0.79,44,40      3.95,15,64      15.83,34,69      23.41,61,91      3.73,51,26      42.33,27,81      3.30,48,79      1.18,37,65      35.9%,21,23      1.51,52,21      45.7%,44,53      25.85,32,82      183.09,53,91      88.49,54,94      2.23,69,96      1.72,78,91      3.09,8,25      2.37,9,16      28.04,27,69      0.00,51,50      0.86,66,81      1.83,72,82      0.47,20,64      0.00,35,33      0.00,56,53      0.00,52,50      3.52,16,72      0.47,40,11      1.62,28,72      22.4%,19,11       https://fbref.com/req/202302030/images/headshots/4468ec10_2022.jpg
Conor Coady
CB      0.04,66      0.04,75      0.09,65      0.04,66      0.00,50      0.00,50      0.09,75      0.00,52      0.03,29      0.03,29      0.01,30      0.05,28      0.17,14      1.85,14      0.04,10      0.17,10      0.09,34      50.0%,88      0.25,94      0.50,75      8.50,85      0.00,46      0.21,99      +0.01,75      +0.01,75      44.01,45      51.91,43      84.8%,51      933.11,51      357.98,67      12.19,22      12.97,13      94.0%,85      24.82,46      26.71,44      92.9%,77      6.66,90      11.46,93      58.1%,56      0.02,45      0.17,33      3.13,46      0.13,36      0.04,70      50.20,45      1.50,27      1.33,57      0.04,60      0.43,55      0.04,27      0.13,20      0.00,48      0.00,49      0.00,49      0.00,50      0.21,24      0.04,99      0.73,45      0.64,56      0.00,30      0.00,41      0.04,43      0.04,85      0.00,36      0.04,36      0.04,44      0.00,47      0.00,49      0.00,41      0.00,46      0.00,49      0.60,4      0.39,8      0.34,4      0.26,17      0.00,19      0.30,7      0.64,12      46.7%,10      0.34,67      0.90,18      0.73,55      0.17,9      0.60,8      1.20,1      3.78,41      0.13,12      58.53,29      10.22,71      34.14,51      23.49,28      1.25,3      0.43,7      58.53,29      0.13,14      0.00,4      0.0%,4      0.09,45      66.7%,8      37.87,51      178.37,50      103.65,56      0.17,20      0.00,27      0.26,76      0.09,72      42.25,50      0.00,52      0.47,80      0.56,67      0.09,17      0.00,48      0.00,68      0.00,63      3.95,8      1.07,4      1.03,78      51.0%,7       https://fbref.com/req/202302030/images/headshots/2928dca2_2022.jpg
Séamus Coleman
FB      0.05,69      0.00,20      0.05,43      0.05,69      0.00,50      0.00,50      0.05,92      0.00,54      0.02,32      0.02,32      0.05,43      0.07,28      0.71,8      3.32,38      2.01,17      0.38,34      0.11,45      28.6%,66      0.14,90      0.50,80      21.90,23      0.00,43      0.05,28      +0.03,84      +0.03,84      32.45,21      42.88,15      75.7%,40      523.04,22      207.93,38      16.63,20      19.02,21      87.4%,36      12.88,31      16.25,28      79.3%,40      2.28,38      5.38,49      42.4%,31      0.05,38      0.22,2      1.90,15      0.98,64      0.38,58      33.42,14      9.46,70      0.54,32      0.00,20      0.16,46      1.20,22      8.91,87      0.00,30      0.00,34      0.00,36      0.00,47      0.00,97      1.09,69      1.14,19      0.82,13      0.05,48      0.05,64      0.05,46      0.16,92      0.00,30      0.11,45      0.11,56      0.00,40      0.00,45      0.00,40      0.00,45      0.00,48      1.90,43      1.41,62      1.14,44      0.54,37      0.22,56      1.03,40      1.58,33      65.5%,68      0.54,69      0.76,7      0.38,57      0.38,4      1.20,64      3.10,46      3.15,83      0.11,9      53.80,15      4.40,74      18.15,26      22.61,20      13.37,33      1.14,46      53.80,15      1.96,78      0.87,77      44.4%,50      0.82,27      41.7%,50      24.84,20      111.36,19      50.27,11      0.54,4      0.16,45      1.63,10      0.33,70      26.14,13      0.00,50      0.54,90      1.14,75      0.11,28      0.00,45      0.00,66      0.00,56      5.43,51      0.98,44      0.87,73      52.9%,58       https://fbref.com/req/202302030/images/headshots/0420d84f_2022.jpg
Abdoulaye Doucouré
MF      0.29,93      0.12,68      0.41,86      0.29,94      0.00,46      0.00,45      0.35,20      0.06,3      0.14,72      0.14,74      0.13,66      0.27,76      1.35,58      2.23,4      3.87,69      1.17,60      0.47,78      40.0%,82      0.25,97      0.63,90      13.20,97      0.00,35      0.12,83      +0.15,97      +0.15,97      25.24,13      32.17,12      78.5%,36      330.94,6      78.26,3      15.38,29      18.61,36      82.6%,13      8.22,10      9.98,9      82.4%,30      0.41,1      0.76,1      53.8%,35      0.08,44      1.29,70      1.70,7      0.59,33      0.00,12      31.12,12      0.94,24      0.00,3      0.06,22      0.00,3      0.47,31      0.00,7      0.00,22      0.00,29      0.00,32      0.00,42      0.12,60      0.82,68      2.64,54      2.23,61      0.00,20      0.18,76      0.12,53      0.00,9      0.12,87      0.18,39      0.18,56      0.00,40      0.00,39      0.00,36      0.00,36      0.00,44      1.82,34      1.17,49      0.53,21      0.88,48      0.41,76      0.70,30      2.17,66      32.4%,14      1.47,19      1.53,66      0.18,30      1.35,75      0.76,30      2.58,27      0.65,20      0.00,68      41.86,9      1.06,11      9.16,16      19.20,8      14.21,48      2.64,75      41.86,9      1.94,58      1.17,74      60.6%,80      0.65,44      33.3%,62      21.78,10      99.16,10      52.60,23      0.94,38      0.41,72      1.59,32      0.76,61      25.83,12      0.00,53      1.23,52      0.23,2      0.47,1      0.00,43      0.06,5      0.00,54      5.87,40      0.76,43      1.76,9      30.2%,13       https://fbref.com/req/202302030/images/headshots/02b29014_2022.jpg
Dominic Calvert-Lewin
FW      0.15,16      0.08,35      0.23,16      0.08,8      0.08,82      0.08,75      0.23,19      0.00,53      0.45,67      0.39,64      0.06,14      0.46,45      1.39,42      1.16,19      4.33,11      2.32,43      0.70,25      30.0%,13      0.03,5      0.11,9      11.80,92      0.00,36      0.17,78      -0.29,4      -0.31,3      10.12,11      17.07,16      59.3%,8      121.67,8      24.57,13      6.41,13      9.66,19      66.4%,6      2.24,8      4.17,16      53.7%,4      0.39,23      0.62,16      62.5%,68      0.06,38      0.70,19      1.00,48      0.31,16      0.00,19      17.00,26      0.08,1      0.00,25      0.00,8      0.08,45      0.46,38      0.00,14      0.00,33      0.00,40      0.00,45      0.00,47      0.00,86      0.70,72      1.85,26      1.24,30      0.00,33      0.39,86      0.08,11      0.15,48      0.00,28      0.31,52      0.15,42      0.00,45      0.08,86      0.00,26      0.08,82      0.00,47      0.31,6      0.15,11      0.08,21      0.00,3      0.23,43      0.08,9      0.39,18      20.0%,15      0.31,77      0.39,11      0.08,42      0.31,11      0.23,47      0.54,13      1.39,87      0.00,57      29.05,23      1.55,87      3.01,48      11.05,16      15.45,43      4.56,52      28.97,21      2.16,47      1.16,62      53.6%,87      0.77,67      35.7%,88      14.37,14      75.09,26      31.29,28      0.85,38      0.77,55      3.09,23      0.93,89      22.09,31      0.00,50      1.70,19      1.08,48      1.47,1      0.08,89      0.00,53      0.00,50      2.16,23      5.10,99      5.56,3      47.8%,81       https://fbref.com/req/202302030/images/headshots/59e6e5bf_2022.jpg
Nathan Patterson
FB      0.00,25      0.00,20      0.00,11      0.00,25      0.00,50      0.00,50      0.21,36      0.00,54      0.04,46      0.04,46      0.03,16      0.06,26      1.13,27      1.69,4      3.59,55      0.56,55      0.07,36      12.5%,23      0.00,25      0.00,25      18.20,49      0.00,43      0.06,43      -0.04,19      -0.04,19      34.34,27      45.67,27      75.2%,36      512.20,19      182.67,22      19.98,46      22.17,44      90.2%,65      12.10,22      16.18,26      74.8%,21      1.55,14      4.71,34      32.8%,9      0.05,40      0.42,25      1.48,10      0.70,39      0.28,40      35.39,19      10.20,78      0.49,23      0.07,58      0.00,8      2.74,63      9.64,91      0.07,67      0.00,34      0.00,36      0.00,47      0.07,85      0.99,79      1.41,34      1.13,36      0.07,54      0.00,26      0.00,16      0.14,87      0.07,87      0.00,8      0.00,11      0.00,40      0.00,45      0.00,40      0.00,45      0.00,48      3.45,96      1.69,89      2.25,97      0.91,84      0.28,75      2.04,97      3.73,99      54.7%,45      1.69,5      1.69,91      0.28,37      1.41,97      1.06,50      4.50,91      3.17,86      0.00,73      58.83,33      5.00,89      21.81,62      20.76,19      16.75,50      1.34,55      58.83,33      1.69,70      0.77,68      45.8%,57      0.84,23      50.0%,25      24.56,17      136.51,33      59.88,22      0.84,27      0.21,55      1.55,14      0.63,42      30.33,25      0.00,50      0.99,48      0.91,66      0.07,40      0.00,45      0.00,66      0.00,56      5.63,57      0.70,22      0.84,75      45.5%,36       https://fbref.com/req/202302030/images/headshots/230f0471_2022.jpg
Anthony Gordon
AM      0.23,55      0.00,6      0.23,23      0.23,60      0.00,40      0.00,40      0.40,5      0.00,53      0.28,72      0.28,77      0.09,16      0.37,54      2.73,44      1.93,11      6.37,42      1.93,52      1.02,81      52.9%,96      0.12,60      0.22,34      16.00,64      0.06,70      0.15,91      -0.06,26      -0.06,27      20.20,24      27.19,22      74.3%,45      291.68,30      66.68,23      12.23,27      14.22,22      86.0%,61      6.26,30      8.14,29      76.9%,51      1.02,24      2.22,36      46.2%,30      0.08,18      0.80,13      1.08,20      0.91,32      0.11,29      26.34,25      0.63,15      0.06,30      0.17,46      0.06,18      1.93,46      0.11,15      0.23,45      0.23,58      0.00,28      0.00,40      0.23,29      0.80,88      2.22,15      1.31,5      0.06,42      0.11,22      0.40,94      0.17,54      0.17,99      0.06,3      0.06,6      0.00,36      0.00,25      0.00,27      0.00,32      0.00,43      2.73,97      1.93,98      1.25,94      0.97,89      0.51,88      0.97,88      2.45,93      39.5%,48      1.48,10      1.59,88      0.06,42      1.54,95      0.34,30      3.07,91      0.68,63      0.06,6      42.04,26      1.02,60      6.66,66      15.76,32      20.08,32      4.21,61      42.04,26      3.75,54      1.02,25      27.3%,2      2.39,14      63.6%,1      23.95,25      174.48,45      69.41,26      2.05,57      1.37,68      2.90,12      1.59,45      27.65,25      0.00,51      1.54,16      1.31,55      0.23,51      0.00,35      0.00,56      0.00,52      4.61,44      0.51,47      1.82,25      22.0%,18       https://fbref.com/req/202302030/images/headshots/2bd83368_2022.jpg
Neal Maupay
FW      0.08,6      0.00,9      0.08,3      0.08,9      0.00,32      0.00,30      0.32,6      0.00,53      0.39,57      0.39,65      0.05,4      0.43,42      0.64,8      0.89,8      4.91,35      2.58,58      1.05,64      40.6%,57      0.03,5      0.08,6      14.30,55      0.00,36      0.15,62      -0.31,3      -0.31,4      15.30,48      20.37,35      75.1%,70      201.25,42      17.47,3      10.06,55      12.16,48      82.8%,66      3.94,45      5.07,35      77.8%,64      0.56,36      0.72,21      77.8%,92      0.02,6      0.56,3      0.64,23      0.16,6      0.00,19      17.87,30      2.42,86      0.08,69      0.00,8      0.08,48      0.24,18      0.16,47      0.00,33      0.00,40      0.00,45      0.00,47      0.08,55      0.81,64      1.45,9      0.97,4      0.00,33      0.08,18      0.16,30      0.24,77      0.00,28      0.08,9      0.08,14      0.00,45      0.00,26      0.00,26      0.00,31      0.00,47      0.89,53      0.40,43      0.24,60      0.32,43      0.32,67      0.16,21      0.32,8      50.0%,86      0.16,94      0.64,33      0.00,14      0.64,50      0.40,75      1.29,58      0.00,1      0.00,57      31.15,30      0.08,3      2.17,14      13.85,47      15.62,45      3.94,33      31.15,30      1.53,28      0.56,25      36.8%,28      0.97,52      63.2%,3      17.63,35      69.55,14      24.63,13      0.56,14      0.24,9      3.06,26      1.29,70      22.54,33      0.00,50      1.13,65      1.69,79      0.08,92      0.00,33      0.00,53      0.00,50      2.09,19      1.21,38      3.86,19      23.8%,13       https://fbref.com/req/202302030/images/headshots/4bcf39f6_2022.jpg
Michael Keane
CB      0.09,85      0.18,99      0.27,98      0.09,85      0.00,50      0.00,50      0.00,95      0.00,52      0.12,92      0.12,92      0.06,93      0.19,97      0.18,15      2.83,39      0.37,71      1.28,98      0.37,97      28.6%,59      0.07,59      0.25,50      12.90,29      0.00,46      0.10,55      -0.03,41      -0.03,41      27.87,6      40.29,9      69.2%,2      534.43,7      272.56,28      10.51,10      13.34,18      78.8%,1      13.43,4      16.36,6      82.1%,9      3.56,34      8.50,65      41.9%,7      0.07,98      0.27,64      3.02,38      0.18,56      0.00,30      39.20,13      0.82,6      0.27,1      0.00,24      0.00,4      0.37,81      0.55,64      0.00,48      0.00,49      0.00,49      0.00,50      0.27,14      0.73,10      0.91,72      0.73,72      0.00,30      0.00,41      0.09,64      0.09,92      0.00,36      0.18,92      0.18,93      0.00,47      0.00,49      0.00,41      0.00,46      0.00,49      0.64,7      0.37,4      0.46,12      0.18,8      0.00,19      0.46,18      0.73,22      62.5%,51      0.27,78      1.10,35      0.64,40      0.46,44      1.28,56      1.92,24      5.03,82      0.09,19      51.62,13      7.58,27      25.13,10      21.84,19      5.03,76      2.19,97      51.62,13      0.64,86      0.37,87      57.1%,40      0.18,18      28.6%,41      23.48,6      117.14,14      65.70,19      0.18,24      0.00,27      0.55,23      0.18,44      25.13,7      0.00,52      0.64,64      0.37,38      0.00,74      0.00,48      0.18,1      0.00,63      5.67,62      6.12,99      3.02,1      67.0%,71       https://fbref.com/req/202302030/images/headshots/c5b7c315_2022.jpg
Ben Godfrey
FB      0.00,25      0.11,81      0.11,62      0.00,25      0.00,50      0.00,50      0.22,30      0.00,54      0.13,92      0.13,92      0.02,11      0.16,75      1.01,23      2.13,7      0.79,3      0.67,69      0.00,10      0.0%,10      0.00,25      13.10,85      0.00,43      0.21,98      -0.13,1      -0.13,1      20.42,2      31.53,2      64.8%,7      344.18,2      140.50,8      10.10,2      12.46,2      81.1%,3      8.19,2      12.46,5      65.8%,7      1.80,23      4.60,31      39.0%,23      0.01,1      0.34,11      2.69,42      0.11,1      0.11,11      26.03,2      5.39,16      0.11,3      0.00,20      0.00,8      0.79,10      5.27,21      0.00,30      0.00,34      0.00,36      0.00,47      0.11,66      1.01,78      0.45,1      0.45,1      0.00,16      0.00,26      0.00,16      0.00,19      0.00,30      0.22,74      0.22,81      0.00,40      0.00,45      0.00,40      0.00,45      0.00,48      2.24,64      1.23,51      1.46,66      0.56,40      0.22,57      1.23,58      3.25,93      37.9%,8      2.02,2      1.35,64      0.67,96      0.67,25      0.90,28      3.14,51      3.70,95      0.11,7      43.88,3      6.17,96      17.84,25      19.64,14      7.07,4      0.90,31      43.88,3      0.90,31      0.34,28      37.5%,33      0.34,69      37.5%,61      18.18,2      93.14,5      47.81,7      0.90,31      0.00,4      1.35,22      0.34,69      17.84,2      0.00,50      1.12,36      0.56,40      0.11,27      0.00,45      0.00,66      0.00,56      3.93,8      1.68,83      1.91,7      46.9%,38       https://fbref.com/req/202302030/images/headshots/9f7c837d_2022.jpg
James Garner
MF      0.00,16      0.11,66      0.11,37      0.00,16      0.00,46      0.00,45      0.34,23      0.00,55      0.09,48      0.09,50      0.06,28      0.15,35      0.90,31      3.69,36      2.01,49      1.01,41      0.34,51      33.3%,62      0.00,16      0.00,16      22.30,29      0.11,81      0.08,49      -0.09,10      -0.09,10      28.66,22      39.51,30      72.5%,10      455.15,23      156.72,46      14.66,19      17.01,16      86.2%,33      11.08,30      13.88,32      79.8%,20      1.79,20      5.60,66      32.0%,1      0.06,31      0.78,38      2.46,22      0.67,40      0.22,70      34.70,21      4.59,85      0.67,47      0.00,7      0.22,39      4.14,91      1.79,94      1.90,90      1.68,98      0.22,80      0.00,42      0.22,31      1.01,48      2.13,40      1.46,32      0.34,79      0.11,61      0.11,49      0.11,61      0.00,21      0.22,51      0.22,65      0.00,40      0.00,39      0.00,36      0.00,36      0.00,44      1.79,30      1.46,68      0.45,14      0.90,50      0.45,83      1.01,71      2.13,62      47.4%,60      1.12,49      1.01,24      0.11,14      0.90,40      1.34,79      3.13,50      1.46,69      0.00,68      49.37,25      2.46,57      10.86,38      22.50,20      16.79,61      1.01,37      49.37,25      1.57,46      0.78,42      50.0%,50      0.67,41      42.9%,26      24.18,17      132.65,36      63.13,38      1.01,43      0.11,40      1.23,52      0.34,97      25.19,10      0.00,53      1.79,13      1.12,49      0.11,22      0.00,43      0.00,57      0.00,54      7.61,85      1.34,83      1.12,36      54.5%,70       https://fbref.com/req/202302030/images/headshots/4e015693_2022.jpg
Yerry Mina
CB      0.30,99      0.00,32      0.30,99      0.30,99      0.00,50      0.00,50      0.30,9      0.00,52      0.23,99      0.23,99      0.02,35      0.24,99      0.15,12      1.97,17      0.45,80      1.21,97      0.61,99      50.0%,88      0.25,94      0.50,75      8.40,86      0.00,46      0.18,90      +0.08,94      +0.08,94      43.33,43      49.24,33      88.0%,78      747.73,34      273.94,29      17.73,60      18.94,55      93.6%,81      22.12,40      24.39,38      90.7%,44      2.58,7      4.09,2      63.0%,71      0.03,66      0.15,27      2.27,22      0.15,45      0.00,30      46.82,35      2.27,59      1.97,88      0.00,24      0.15,22      0.15,61      0.30,50      0.00,48      0.00,49      0.00,49      0.00,50      0.15,39      0.15,90      1.21,90      0.76,73      0.00,30      0.00,41      0.15,92      0.30,99      0.00,36      0.15,83      0.00,18      0.00,47      0.00,49      0.00,41      0.15,99      0.00,49      2.27,88      1.21,78      1.36,83      0.91,96      0.00,19      1.36,93      1.67,77      81.8%,97      0.30,73      1.06,31      0.61,35      0.45,43      0.91,25      3.18,72      4.24,55      0.00,81      60.91,38      8.79,44      30.00,27      26.67,46      4.55,69      2.42,99      60.91,38      0.30,45      0.15,41      50.0%,33      0.00,88      0.0%,88      32.88,35      165.00,39      94.24,46      0.61,70      0.15,93      0.61,17      0.00,94      38.64,40      0.00,52      0.91,25      1.52,94      0.00,74      0.00,48      0.00,68      0.00,63      4.70,23      2.88,78      2.27,8      55.9%,25       https://fbref.com/req/202302030/images/headshots/6d5701f2_2022.jpg
Mason Holgate
CB      0.00,25      0.00,32      0.00,17      0.00,25      0.00,50      0.00,50      0.53,1      0.18,1      0.18,99      0.18,99      0.07,95      0.25,99      0.71,67      2.49,27      0.89,85      0.71,77      0.00,8      0.0%,8      0.00,25      11.50,53      0.00,46      0.25,99      -0.18,1      -0.18,1      25.38,2      38.52,7      65.9%,1      504.67,4      147.51,1      9.05,5      11.18,6      81.0%,4      12.25,2      15.44,4      79.3%,5      3.73,36      10.30,85      36.2%,1      0.04,74      1.07,99      2.13,20      0.53,93      0.18,95      33.91,4      4.26,83      1.24,44      0.18,95      0.89,93      0.36,80      3.02,86      0.00,48      0.00,49      0.00,49      0.00,50      0.36,6      0.36,56      1.95,99      1.42,98      0.36,99      0.00,41      0.18,95      0.00,36      0.00,36      0.36,99      0.36,99      0.00,47      0.00,49      0.00,41      0.00,46      0.00,49      1.95,83      1.24,81      1.42,85      0.53,68      0.00,19      0.53,33      1.95,93      27.3%,1      1.42,1      1.24,48      0.53,25      0.71,83      1.24,51      3.20,74      4.97,81      0.00,81      50.77,11      6.21,12      21.30,1      24.67,35      4.79,72      0.89,41      50.77,11      0.53,78      0.53,94      100.0%,93      0.00,88      0.0%,88      17.75,1      79.88,2      49.53,7      0.53,63      0.00,27      1.07,1      0.00,94      25.03,6      0.18,1      1.60,4      0.71,81      0.00,74      0.00,48      0.00,68      0.00,63      4.08,10      1.60,19      1.78,19      47.4%,2       https://fbref.com/req/202302030/images/headshots/d0042ab9_2022.jpg
Tom Davies
MF      0.00,16      0.00,13      0.00,7      0.00,16      0.00,46      0.00,45      0.50,4      0.00,55      0.20,87      0.20,87      0.03,13      0.22,59      0.33,7      5.02,56      2.17,52      1.51,74      0.33,50      22.2%,27      0.00,16      0.00,16      15.70,91      0.00,35      0.13,89      -0.20,1      -0.20,1      28.94,23      39.15,28      73.9%,15      481.62,30      142.19,38      14.55,17      18.57,35      78.4%,4      10.71,28      12.71,27      84.2%,43      2.68,50      4.85,55      55.2%,40      0.05,29      0.33,7      4.18,64      0.33,14      0.00,12      37.97,34      1.00,27      0.84,56      0.50,90      0.50,80      0.33,24      0.17,46      0.00,22      0.00,29      0.00,32      0.00,42      0.17,48      1.00,50      1.00,6      0.84,7      0.00,20      0.00,15      0.17,70      0.00,9      0.00,21      0.00,7      0.00,8      0.00,40      0.00,39      0.00,36      0.00,36      0.00,44      2.51,71      1.51,74      0.84,42      1.51,92      0.17,27      1.17,85      2.34,75      50.0%,69      1.17,39      1.67,74      0.17,27      1.51,82      0.67,22      3.18,54      1.17,49      0.17,1      51.69,37      2.17,47      12.38,56      30.61,55      9.03,20      2.51,74      51.69,37      1.00,31      0.50,25      50.0%,50      0.50,56      50.0%,13      25.09,24      103.05,11      42.32,10      0.17,1      0.00,9      2.84,1      0.67,74      33.62,40      0.00,53      1.67,20      1.00,41      0.17,14      0.00,43      0.00,57      0.00,54      4.68,10      1.17,75      2.17,2      35.0%,21       https://fbref.com/req/202302030/images/headshots/9228b07c_2022.jpg