
Bernd Leno
GK      1.42,55      5.33,95      3.94,95      77.1%,95      0.42,63      0.14,16      0.44,57      0.22,34      22.2%,32      0.22,84      0.19,13      0.03,63      0.00,39      12.5%,50      0.03,45      0.22,30      0.06,45      1.61,16      0.27,29      +0.25,95      3.44,52      10.86,34      31.7%,38      32.03,80      5.28,77      26.0%,23      30.0,23      6.72,41      37.6%,27      36.0,34      12.89,34      0.97,66      7.5%,70      1.28,63      15.0,45       https://fbref.com/req/202302030/images/headshots/2628fd2b_2022.jpg
João Palhinha
MF      0.09,53      0.00,13      0.09,27      0.09,54      0.00,46      0.00,45      0.41,14      0.00,55      0.08,44      0.08,47      0.01,3      0.10,20      0.23,3      2.92,20      0.52,11      1.13,57      0.26,43      23.1%,31      0.08,56      0.33,60      17.20,77      0.00,35      0.07,40      0.00,58      0.00,59      30.43,28      36.89,20      82.5%,63      527.66,39      125.56,29      15.26,27      17.37,22      87.8%,50      11.47,34      13.38,31      85.7%,52      3.10,56      4.55,48      68.2%,69      0.01,2      0.20,2      3.42,50      0.09,2      0.00,12      35.39,25      1.39,40      0.93,60      0.00,7      1.10,96      0.09,4      0.00,7      0.00,22      0.00,29      0.00,32      0.00,42      0.12,62      0.43,96      0.87,5      0.61,4      0.00,20      0.00,15      0.12,50      0.03,23      0.12,86      0.00,7      0.00,8      0.00,40      0.00,39      0.00,36      0.00,36      0.00,44      4.26,99      2.40,99      1.68,92      1.88,99      0.70,99      2.06,99      3.88,98      53.0%,77      1.82,7      1.39,57      0.14,24      1.25,69      1.33,75      5.59,99      1.77,88      0.06,18      49.63,27      2.35,51      12.54,57      30.58,54      7.15,11      0.96,36      49.63,27      1.13,33      0.41,20      35.9%,11      0.43,61      38.5%,42      22.09,11      80.36,6      27.08,1      0.29,2      0.09,31      1.07,65      0.81,60      26.61,13      0.00,53      1.39,40      1.45,70      0.03,58      0.00,43      0.03,13      0.03,4      6.14,53      2.06,93      1.13,33      64.5%,92       https://fbref.com/req/202302030/images/headshots/a78ff07f_2022.jpg
Antonee Robinson
FB      0.00,25      0.03,42      0.03,25      0.00,25      0.00,50      0.00,50      0.23,28      0.00,54      0.00,5      0.00,5      0.04,27      0.04,8      3.26,90      3.76,55      4.46,70      0.09,4      0.00,10      0.0%,10      0.00,25      25.70,7      0.00,43      0.03,7      0.00,62      0.00,62      40.92,50      55.67,64      73.5%,28      709.01,63      282.24,78      18.22,30      21.13,32      86.2%,23      17.84,62      23.08,74      77.3%,32      3.99,80      8.57,86      46.6%,46      0.05,44      0.61,49      3.03,60      1.22,80      0.73,92      46.11,60      9.53,72      0.52,27      0.00,20      0.15,45      3.91,78      9.01,89      0.00,30      0.00,34      0.00,36      0.00,47      0.03,93      1.49,28      1.69,50      1.52,68      0.06,52      0.06,67      0.00,16      0.03,42      0.03,63      0.17,69      0.12,61      0.00,40      0.03,91      0.00,40      0.03,91      0.00,48      1.81,42      1.11,40      1.25,57      0.44,22      0.12,28      1.28,64      1.89,55      67.7%,72      0.61,66      1.43,69      0.38,56      1.05,73      1.54,87      3.35,60      2.42,50      0.09,15      65.87,60      3.64,49      22.67,72      27.31,56      16.90,52      0.85,25      65.87,60      2.16,81      1.14,90      52.7%,77      0.76,33      35.1%,70      34.19,64      227.83,87      123.81,87      2.51,96      0.29,69      1.17,32      0.58,48      36.81,52      0.00,50      0.96,51      0.67,45      0.09,34      0.00,45      0.03,27      0.00,56      6.85,95      1.17,56      0.87,72      57.1%,68       https://fbref.com/req/202302030/images/headshots/289601e6_2022.jpg
Harrison Reed
MF      0.09,54      0.13,70      0.22,63      0.09,56      0.00,46      0.00,45      0.16,65      0.00,55      0.06,32      0.06,35      0.13,65      0.19,46      0.94,35      3.20,24      3.36,63      0.63,24      0.22,35      35.0%,66      0.15,79      0.43,71      20.10,48      0.00,35      0.09,63      +0.03,70      +0.03,68      31.03,30      40.23,34      77.1%,25      485.70,30      114.97,20      16.24,39      19.22,43      84.5%,19      11.15,31      13.22,30      84.3%,45      2.39,42      4.18,40      57.1%,44      0.06,34      1.10,57      2.58,26      0.91,51      0.35,85      38.47,37      1.60,49      0.44,29      0.00,7      0.13,20      1.70,67      0.16,42      0.09,52      0.06,62      0.03,67      0.00,42      0.16,50      1.44,11      2.32,44      2.01,56      0.06,52      0.06,45      0.09,40      0.09,52      0.00,21      0.22,50      0.19,58      0.00,40      0.03,80      0.00,36      0.00,36      0.00,44      1.38,10      0.85,16      0.53,22      0.66,21      0.19,35      0.50,11      1.57,26      32.0%,13      1.07,55      1.70,76      0.38,70      1.32,73      0.60,17      1.98,10      1.13,46      0.00,68      49.77,28      1.79,30      9.17,17      26.44,35      14.54,51      1.57,50      49.77,28      0.88,20      0.31,10      35.7%,10      0.50,55      57.1%,7      24.02,16      107.71,15      35.83,6      0.69,17      0.13,44      1.38,43      0.79,60      30.52,30      0.00,53      1.19,56      0.66,22      0.13,20      0.00,43      0.00,57      0.03,2      5.02,17      0.91,55      1.13,32      44.6%,42       https://fbref.com/req/202302030/images/headshots/803ae100_2022.jpg
Tim Ream
CB      0.03,56      0.00,32      0.03,38      0.03,56      0.00,50      0.00,50      0.06,85      0.00,52      0.01,6      0.01,6      0.00,9      0.01,2      0.87,76      4.41,85      0.06,13      0.09,2      0.06,20      66.7%,98      0.33,98      0.50,75      9.80,68      0.00,46      0.09,40      +0.02,85      +0.02,85      51.63,60      59.71,59      86.5%,63      1106.59,77      389.67,77      13.05,29      14.66,29      89.0%,34      29.86,70      32.15,69      92.9%,77      8.29,98      11.77,96      70.4%,91      0.01,8      0.09,13      4.60,82      0.00,6      0.00,30      57.72,57      1.83,38      1.06,38      0.00,24      0.78,86      0.12,54      0.34,56      0.00,48      0.00,49      0.00,49      0.00,50      0.16,38      0.25,81      0.75,49      0.71,70      0.00,30      0.00,41      0.00,15      0.00,36      0.03,77      0.00,14      0.00,18      0.00,47      0.00,49      0.00,41      0.00,46      0.00,49      0.93,15      0.50,17      0.47,13      0.37,36      0.09,67      0.40,15      0.81,28      50.0%,21      0.40,56      1.40,64      0.75,56      0.65,78      1.27,55      2.21,36      3.60,35      0.06,43      68.13,54      9.69,61      34.92,60      31.69,60      1.90,14      0.43,8      68.13,54      0.47,71      0.31,76      66.7%,58      0.09,41      20.0%,57      42.34,60      239.74,77      157.48,81      0.40,50      0.00,27      0.47,38      0.16,51      45.05,55      0.00,52      0.56,73      0.22,14      0.03,43      0.00,48      0.03,33      0.00,63      6.18,73      1.49,15      0.96,85      60.8%,49       https://fbref.com/req/202302030/images/headshots/28b40c9c_2022.jpg
Andreas Pereira
AM      0.13,27      0.20,68      0.33,41      0.10,23      0.03,85      0.03,81      0.27,12      0.00,53      0.24,59      0.22,56      0.17,61      0.39,59      1.77,14      4.05,60      4.45,13      2.04,57      0.74,56      36.1%,55      0.05,23      0.14,21      21.30,9      0.40,97      0.11,57      -0.11,8      -0.12,8      23.44,40      35.71,59      65.6%,11      437.23,70      141.59,85      11.23,18      14.01,19      80.2%,19      7.66,53      10.53,61      72.7%,24      3.88,94      8.39,95      46.2%,30      0.14,57      2.01,85      2.88,81      0.74,24      0.30,69      27.62,29      7.72,99      2.71,98      0.03,10      0.70,95      6.55,95      0.20,30      3.88,98      1.71,94      1.67,99      0.00,40      0.37,5      1.30,38      3.95,78      1.91,39      1.47,99      0.07,13      0.30,71      0.20,65      0.00,21      0.40,59      0.17,39      0.17,99      0.00,25      0.07,78      0.00,32      0.00,43      0.60,5      0.30,4      0.10,2      0.20,9      0.30,45      0.27,12      1.10,27      24.2%,9      0.84,55      0.70,13      0.10,58      0.60,15      0.20,11      0.80,3      0.27,19      0.00,59      43.86,37      0.47,13      3.54,9      20.33,66      20.49,36      2.21,12      43.83,37      1.64,7      0.57,4      34.7%,19      0.84,84      51.0%,19      24.17,27      132.66,14      55.56,9      1.47,23      0.33,9      1.74,79      1.71,35      28.52,30      0.00,51      1.37,27      1.04,30      0.07,84      0.00,35      0.03,9      0.00,52      3.91,26      0.30,25      0.94,65      24.3%,24       https://fbref.com/req/202302030/images/headshots/6639e500_2022.jpg
Kenny Tete
FB      0.04,56      0.18,89      0.21,86      0.04,56      0.00,50      0.00,50      0.28,20      0.00,54      0.02,39      0.02,39      0.07,55      0.09,40      2.63,79      3.61,51      2.42,30      0.46,42      0.18,62      38.5%,83      0.08,67      0.20,48      18.90,42      0.00,43      0.05,28      +0.01,74      +0.01,74      38.89,40      53.60,55      72.5%,24      614.83,44      252.13,57      20.95,50      24.21,50      86.5%,28      14.12,38      19.72,48      71.6%,16      2.84,57      5.78,50      49.1%,55      0.07,60      0.81,67      2.63,38      0.88,61      0.63,87      41.20,40      12.05,92      1.30,74      0.04,43      0.35,74      3.47,75      10.76,99      0.00,30      0.00,34      0.00,36      0.00,47      0.35,5      1.68,22      1.72,52      1.37,55      0.18,69      0.00,26      0.00,16      0.11,75      0.07,86      0.42,90      0.39,96      0.04,85      0.00,45      0.00,40      0.00,45      0.00,48      2.91,87      1.61,81      1.44,64      1.02,87      0.46,95      1.33,73      1.75,45      76.0%,96      0.42,87      1.68,90      0.60,89      1.09,80      1.82,97      4.73,96      2.84,67      0.04,40      66.42,63      3.75,52      19.48,38      30.72,73      17.13,57      1.05,39      66.42,63      1.30,45      0.74,64      56.8%,85      0.42,60      32.4%,78      28.76,39      159.86,55      84.11,49      1.93,87      0.14,39      0.77,67      0.84,23      33.14,40      0.00,50      1.47,16      1.89,97      0.00,80      0.00,45      0.00,66      0.00,56      4.94,34      1.16,55      1.02,58      53.2%,60       https://fbref.com/req/202302030/images/headshots/77d7c96f_2022.jpg
Bobby Reid
AM,FB      0.15,32,95      0.04,19,45      0.18,16,78      0.15,37,95      0.00,40,50      0.00,40,50      0.29,10,15      0.00,53,54      0.14,27,95      0.14,27,95      0.06,7,50      0.20,6,81      1.67,11,48      2.29,20,8      6.76,47,86      1.13,12,85      0.36,12,92      32.3%,34,72      0.13,66,86      0.40,75,70      13.70,91,81      0.00,29,43      0.13,80,92      0.00,56,72      0.00,55,72      23.13,39,3      32.98,45,3      70.1%,25,13      350.00,42,3      111.53,66,2      12.40,28,5      15.13,29,7      82.0%,27,5      8.22,58,3      11.60,66,3      70.8%,23,10      1.24,41,5      2.95,52,7      42.0%,20,30      0.06,8,51      0.69,7,57      1.31,32,7      1.38,65,85      0.36,77,55      30.15,42,9      2.69,64,3      0.22,48,7      0.04,11,44      0.07,22,28      1.93,45,49      2.47,99,9      0.00,12,30      0.00,21,34      0.00,28,36      0.00,40,47      0.15,53,50      1.27,41,44      1.96,8,67      1.31,6,51      0.04,35,37      0.11,20,81      0.18,38,90      0.25,76,98      0.07,81,91      0.11,5,46      0.04,5,23      0.00,36,40      0.00,25,45      0.04,61,83      0.00,32,45      0.04,91,98      1.53,49,17      0.87,53,16      0.51,49,7      0.51,43,30      0.51,87,96      0.58,48,10      1.24,34,14      47.1%,77,13      0.65,77,62      0.91,37,22      0.11,62,10      0.80,34,44      0.73,77,15      2.25,65,14      1.02,84,5      0.04,11,39      43.31,32,2      2.00,93,4      8.29,78,2      17.75,47,5      17.82,20,62      2.80,22,90      43.31,32,2      1.93,12,77      0.65,8,60      34.0%,15,22      0.95,79,20      49.1%,28,27      23.60,21,13      107.49,6,15      48.47,4,8      1.20,12,48      0.40,12,80      1.93,66,7      1.16,78,4      27.60,23,16      0.00,51,50      1.24,42,26      0.80,16,54      0.40,27,2      0.07,89,99      0.04,6,20      0.00,52,56      4.91,60,33      0.44,37,8      1.49,34,17      22.6%,20,5       https://fbref.com/req/202302030/images/headshots/0f7533cd_2022.jpg
Willian
AM      0.21,51      0.21,71      0.42,61      0.21,56      0.00,40      0.00,40      0.08,65      0.00,53      0.14,28      0.14,28      0.19,65      0.33,45      4.11,85      4.78,78      6.43,43      1.74,38      0.72,52      41.5%,76      0.12,60      0.29,47      18.80,27      0.13,81      0.08,21      +0.07,76      +0.07,74      30.14,70      38.61,69      78.1%,70      512.86,77      108.50,64      15.62,62      18.16,61      86.0%,61      9.99,74      12.11,73      82.5%,74      3.64,88      6.05,82      60.1%,70      0.13,51      2.16,90      1.74,55      1.27,61      0.04,12      36.41,71      2.07,54      0.59,70      0.17,45      0.51,90      2.54,55      0.13,19      1.35,72      0.34,61      0.47,79      0.08,90      0.13,58      0.85,80      4.45,87      3.01,85      0.68,84      0.21,43      0.34,81      0.17,53      0.04,54      0.51,81      0.30,68      0.13,96      0.04,64      0.04,65      0.00,32      0.00,43      0.55,2      0.34,8      0.34,28      0.13,3      0.08,6      0.30,19      1.06,26      28.0%,15      0.76,60      0.55,7      0.00,15      0.55,7      0.38,36      0.93,7      0.38,31      0.00,59      47.46,55      0.42,10      5.00,32      17.74,46      25.48,72      3.30,37      47.46,56      3.01,39      1.57,58      52.1%,88      0.93,80      31.0%,93      31.71,69      228.34,81      115.44,84      2.92,87      1.23,60      1.86,73      1.06,90      35.18,60      0.00,51      0.47,94      1.02,29      0.17,63      0.00,35      0.00,56      0.00,52      4.45,39      0.34,31      1.02,62      25.0%,27       https://fbref.com/req/202302030/images/headshots/8b9ebd03_2022.jpg
Tosin Adarabioyo
CB      0.04,67      0.00,32      0.04,46      0.04,67      0.00,50      0.00,50      0.17,50      0.00,52      0.03,23      0.03,23      0.02,41      0.05,24      0.69,66      4.10,81      0.13,31      0.69,76      0.17,65      25.0%,48      0.06,56      0.25,50      21.20,2      0.04,96      0.04,4      +0.01,78      +0.01,78      46.01,50      56.12,51      82.0%,36      976.53,60      365.96,70      11.44,17      13.25,17      86.3%,20      28.19,62      31.73,67      88.8%,35      5.87,85      9.63,77      61.0%,64      0.02,47      0.26,56      4.14,73      0.30,80      0.00,30      53.31,52      2.50,67      2.03,92      0.09,75      0.52,67      0.09,43      0.30,49      0.00,48      0.00,49      0.00,49      0.00,50      0.30,10      0.43,44      0.78,52      0.65,59      0.00,30      0.00,41      0.13,80      0.00,36      0.00,36      0.00,14      0.00,18      0.00,47      0.00,49      0.00,41      0.00,46      0.00,49      1.30,43      0.56,25      0.95,59      0.26,18      0.09,64      0.69,55      0.99,41      69.6%,77      0.30,75      0.86,17      0.65,43      0.22,10      1.12,40      2.42,40      6.04,94      0.04,55      66.65,51      9.97,66      33.50,48      31.60,59      1.99,20      0.82,35      66.65,51      0.30,44      0.22,56      71.4%,66      0.09,44      28.6%,41      36.00,46      192.95,55      117.97,65      0.52,61      0.04,65      0.17,88      0.17,48      42.09,49      0.00,52      0.73,51      0.22,13      0.13,7      0.00,48      0.00,68      0.00,63      4.75,28      2.55,69      1.12,70      69.4%,81       https://fbref.com/req/202302030/images/headshots/c81d773d_2022.jpg
Aleksandar Mitrović
FW      0.63,91      0.04,25      0.67,77      0.45,77      0.18,96      0.36,99      0.31,8      0.00,53      0.67,94      0.39,62      0.10,38      0.49,57      1.08,21      1.97,57      4.35,13      3.81,94      1.21,75      31.8%,18      0.12,48      0.37,62      15.10,42      0.00,36      0.10,18      -0.04,45      +0.06,77      13.40,31      22.23,50      60.3%,11      209.36,48      43.48,50      7.71,28      11.52,38      66.9%,8      3.81,43      5.92,53      64.4%,18      1.39,77      2.33,81      59.6%,62      0.06,34      0.72,23      1.17,62      0.45,31      0.04,42      21.78,53      0.45,19      0.04,52      0.18,57      0.40,91      0.18,9      0.13,43      0.00,33      0.00,40      0.00,45      0.00,47      0.00,86      1.08,25      2.47,58      1.17,25      0.00,33      0.40,87      0.58,97      0.27,84      0.04,67      0.45,77      0.13,35      0.00,45      0.04,65      0.18,99      0.09,91      0.00,47      0.63,33      0.31,26      0.36,75      0.18,23      0.09,13      0.22,38      0.54,21      41.7%,77      0.31,75      0.99,72      0.22,82      0.76,60      0.13,23      0.76,26      0.90,64      0.04,6      36.48,60      1.21,67      3.54,57      17.57,82      15.64,47      6.45,91      36.13,58      2.11,45      1.03,53      48.9%,78      0.99,48      46.8%,47      20.21,55      83.95,40      32.05,31      0.67,23      0.45,19      2.91,38      2.60,9      28.95,74      0.00,50      1.52,35      1.79,81      0.63,38      0.09,94      0.00,53      0.00,50      2.47,40      4.48,94      4.71,9      48.8%,86       https://fbref.com/req/202302030/images/headshots/3925dbd6_2022.jpg
Issa Diop
CB      0.04,69      0.00,32      0.04,48      0.04,69      0.00,50      0.00,50      0.09,73      0.00,52      0.01,10      0.01,10      0.02,43      0.03,12      0.58,60      3.13,48      0.18,40      0.13,7      0.09,36      66.7%,98      0.33,98      0.50,75      12.30,39      0.00,46      0.09,40      +0.03,88      +0.03,88      54.39,65      62.58,66      86.9%,70      1063.90,75      350.11,65      17.27,57      19.10,56      90.4%,51      31.76,82      34.04,81      93.3%,81      5.01,69      8.45,64      59.3%,60      0.02,52      0.09,12      3.09,41      0.18,55      0.00,30      60.48,66      2.06,49      1.83,82      0.00,24      0.36,51      0.09,44      0.04,10      0.00,48      0.00,49      0.00,49      0.00,50      0.04,88      0.36,55      0.40,8      0.40,18      0.00,30      0.00,41      0.00,15      0.00,36      0.00,36      0.00,14      0.00,18      0.00,47      0.00,49      0.00,41      0.00,46      0.00,49      1.25,36      0.85,56      0.81,41      0.40,52      0.04,41      0.76,64      1.43,67      53.1%,28      0.67,19      1.07,34      0.76,59      0.31,17      1.57,85      2.82,59      3.85,43      0.00,81      71.84,64      8.54,39      37.04,69      34.09,70      1.25,4      0.40,6      71.84,64      0.22,29      0.13,36      60.0%,47      0.04,67      20.0%,57      45.89,73      299.48,88      187.60,92      0.22,31      0.00,27      0.45,41      0.04,85      49.88,67      0.00,52      0.72,54      0.36,36      0.13,6      0.00,48      0.09,8      0.00,63      5.19,45      1.48,13      1.07,77      57.9%,36       https://fbref.com/req/202302030/images/headshots/a712ca2b_2022.jpg
Harry Wilson
AM      0.16,37      0.25,79      0.41,60      0.16,42      0.00,40      0.00,40      0.08,66      0.00,53      0.16,37      0.16,39      0.07,11      0.24,19      1.47,9      3.03,42      7.12,51      1.47,20      0.33,7      22.2%,10      0.11,51      0.50,91      16.00,64      0.08,74      0.11,57      0.00,53      0.00,52      25.36,49      33.05,47      76.7%,61      404.43,57      88.85,42      13.34,38      15.71,34      84.9%,46      8.59,66      10.39,57      82.7%,75      2.05,63      3.76,62      54.3%,53      0.08,19      0.98,26      1.64,51      1.06,47      0.08,19      31.34,48      1.64,49      0.33,59      0.08,20      0.25,55      1.80,42      0.41,53      0.82,60      0.16,53      0.25,73      0.00,40      0.08,73      1.31,36      2.62,22      1.47,13      0.16,56      0.08,15      0.25,55      0.65,97      0.00,21      0.74,92      0.33,74      0.00,36      0.00,25      0.08,85      0.33,99      0.00,43      1.72,62      1.06,66      0.74,69      0.74,71      0.25,29      0.65,59      1.47,47      44.4%,69      0.82,56      1.39,80      0.16,80      1.23,78      0.49,57      2.21,61      1.15,89      0.00,59      45.08,45      1.47,77      7.28,73      17.51,45      20.70,39      3.03,29      45.08,45      2.70,30      0.98,19      36.4%,24      1.15,72      42.4%,57      28.06,47      162.74,37      63.82,21      1.31,15      0.65,28      1.88,71      1.23,75      32.48,46      0.00,51      0.90,65      2.62,94      0.16,64      0.16,98      0.00,56      0.00,52      4.42,36      0.33,29      0.98,63      25.0%,27       https://fbref.com/req/202302030/images/headshots/c6dc9ecd_2022.jpg
Carlos Vinícius
FW      0.41,67      0.16,69      0.57,67      0.41,70      0.00,32      0.00,30      0.24,18      0.00,53      0.27,33      0.27,35      0.06,18      0.33,26      0.73,11      1.22,23      3.73,4      1.70,16      0.97,53      57.1%,97      0.24,94      0.42,77      11.90,89      0.00,36      0.16,72      +0.14,91      +0.14,91      9.66,9      15.34,6      63.0%,18      119.30,6      31.41,25      5.76,8      8.28,9      69.6%,13      2.60,16      3.81,13      68.1%,31      0.32,14      0.73,25      44.4%,23      0.06,42      0.57,4      0.97,47      0.41,28      0.08,58      14.69,8      0.57,23      0.00,25      0.24,67      0.00,14      0.49,43      0.00,14      0.00,33      0.00,40      0.00,45      0.00,47      0.08,53      0.97,36      1.30,6      1.06,11      0.00,33      0.16,40      0.00,4      0.08,21      0.00,28      0.49,89      0.41,92      0.00,45      0.08,87      0.00,26      0.00,31      0.00,47      0.32,8      0.08,6      0.00,8      0.16,19      0.16,26      0.00,3      0.32,9      0.0%,3      0.32,72      0.57,21      0.00,14      0.57,38      0.00,3      0.32,3      0.81,58      0.00,57      26.70,14      0.89,47      1.95,8      11.04,14      14.04,26      4.54,50      26.70,14      1.22,13      0.41,9      33.3%,16      0.65,77      53.3%,25      14.77,18      68.33,13      24.43,11      0.73,30      0.41,16      3.90,6      1.87,35      20.13,23      0.00,50      1.70,18      1.22,57      0.49,57      0.00,33      0.00,53      0.00,50      1.79,4      2.19,77      5.11,8      30.0%,26       https://fbref.com/req/202302030/images/headshots/8b529245_2022.jpg
Neeskens Kebano
AM      0.00,4      0.35,93      0.35,43      0.00,4      0.00,40      0.00,40      0.00,94      0.00,53      0.06,1      0.06,1      0.18,63      0.24,16      4.59,88      2.83,35      8.01,62      1.06,7      0.24,5      22.2%,10      0.00,4      0.00,4      15.20,78      0.00,29      0.05,2      -0.06,25      -0.06,26      18.26,16      24.97,12      73.1%,37      244.91,12      60.90,14      10.96,16      12.49,13      87.7%,78      5.07,20      6.83,15      74.1%,34      0.71,13      1.53,16      46.2%,30      0.11,38      1.53,62      0.24,1      1.06,46      0.35,75      24.27,14      0.71,22      0.24,49      0.00,5      0.12,37      2.83,64      0.00,3      0.47,55      0.00,21      0.12,63      0.00,40      0.00,92      1.88,5      2.83,31      1.88,35      0.24,62      0.00,4      0.24,49      0.35,84      0.12,95      0.59,88      0.47,91      0.00,36      0.00,25      0.12,94      0.00,32      0.00,43      2.00,79      1.06,65      0.94,82      0.71,66      0.35,64      1.06,92      2.00,78      52.9%,88      0.94,46      1.65,93      0.00,15      1.65,98      0.12,5      2.12,57      0.94,76      0.00,59      37.81,14      1.18,68      5.65,44      10.84,4      22.15,49      3.53,45      37.81,14      3.30,47      1.06,28      32.1%,10      1.65,45      50.0%,22      23.44,19      176.35,48      99.07,66      1.65,32      1.30,64      1.88,70      1.41,61      25.45,11      0.00,51      0.94,62      1.88,74      0.24,45      0.00,35      0.00,56      0.00,52      5.54,75      0.24,15      1.41,41      14.3%,5       https://fbref.com/req/202302030/images/headshots/18b999f4_2022.jpg
Tom Cairney
AM,MF      0.18,44,78      0.00,6,13      0.18,18,57      0.18,47,80      0.00,40,46      0.00,40,45      0.18,29,50      0.00,53,55      0.14,23,67      0.14,23,69      0.13,37,62      0.26,26,74      3.10,55,90      8.38,98,97      5.19,24,82      1.91,49,89      0.18,3,29      9.5%,2,8      0.10,44,61      1.00,99,95      18.60,29,60      0.00,29,35      0.07,13,40      +0.05,69,74      +0.05,68,72      57.57,99,90      68.32,99,91      84.3%,96,74      923.05,99,88      221.17,97,79      29.70,99,94      32.06,99,94      92.6%,98,92      20.95,99,88      24.05,98,88      87.1%,92,65      4.65,97,85      7.65,94,80      60.7%,71,51      0.14,56,76      1.09,34,56      6.38,99,90      1.73,81,91      0.46,87,91      65.13,99,92      3.01,72,75      0.82,76,53      0.18,49,50      0.36,77,67      3.37,69,87      0.36,52,66      1.55,75,84      0.64,75,85      0.27,74,82      0.00,40,42      0.18,44,43      1.18,48,28      4.10,82,93      3.19,92,95      0.36,72,82      0.09,18,55      0.18,39,72      0.18,60,79      0.09,87,79      0.27,36,57      0.27,64,78      0.00,36,40      0.00,25,39      0.00,27,36      0.00,32,36      0.00,43,44      1.55,52,19      0.55,29,4      0.36,30,10      0.73,70,29      0.46,80,85      0.64,55,23      0.91,16,2      70.0%,99,98      0.27,98,99      1.64,92,70      0.27,94,51      1.37,86,28      0.46,49,9      2.00,51,12      0.27,20,3      0.00,59,68      79.34,99,94      0.91,54,8      11.57,97,46      38.71,99,82      30.24,87,98      2.82,24,80      79.34,99,94      1.91,10,57      0.82,11,47      42.9%,51,29      0.73,88,34      38.1%,78,44      52.20,99,97      284.57,95,97      138.10,93,96      2.46,78,96      0.55,19,77      2.10,57,13      1.91,23,6      60.76,99,96      0.00,51,53      0.73,80,90      2.00,81,90      0.00,97,80      0.09,94,99      0.00,56,57      0.00,52,54      6.92,97,75      0.73,65,39      0.91,66,50      44.4%,79,41       https://fbref.com/req/202302030/images/headshots/a8748947_2022.jpg
Daniel James
AM      0.22,54      0.11,43      0.33,40      0.22,59      0.00,40      0.00,40      0.00,94      0.00,53      0.22,49      0.22,57      0.12,32      0.33,44      3.30,62      1.98,12      6.26,39      1.87,45      0.44,24      23.5%,13      0.12,60      0.50,91      13.80,90      0.00,29      0.12,71      0.00,53      0.00,52      15.82,10      24.84,10      63.7%,7      201.21,5      41.87,7      10.77,15      13.08,16      82.4%,30      3.52,4      5.93,7      59.3%,4      0.44,4      1.76,29      25.0%,2      0.09,24      0.88,16      0.33,3      1.21,56      0.44,81      24.40,16      0.44,12      0.00,13      0.00,5      0.00,6      3.52,72      0.44,58      0.00,12      0.00,21      0.00,28      0.00,40      0.00,92      2.20,3      1.65,2      1.43,11      0.00,16      0.00,4      0.00,3      0.22,68      0.00,21      0.00,1      0.00,2      0.00,36      0.00,25      0.00,27      0.00,32      0.00,43      1.65,53      0.77,46      0.55,53      0.77,74      0.33,56      0.77,71      1.54,52      50.0%,84      0.77,58      0.99,46      0.11,64      0.88,45      0.33,25      1.98,49      0.77,69      0.00,59      35.16,7      1.10,65      3.96,16      11.43,5      20.66,38      3.85,55      35.16,7      2.20,15      0.66,9      30.0%,7      0.55,94      25.0%,98      20.99,11      160.66,35      80.22,43      1.43,21      1.21,58      1.43,93      1.54,49      23.30,8      0.00,51      0.44,95      2.20,88      0.22,52      0.11,96      0.00,56      0.00,52      4.62,45      0.11,5      1.98,18      5.3%,3       https://fbref.com/req/202302030/images/headshots/c931d9f9_2022.jpg
Manor Solomon
AM      0.63,99      0.00,6      0.63,84      0.63,99      0.00,40      0.00,40      0.00,94      0.00,53      0.19,44      0.19,48      0.06,8      0.25,21      2.52,35      3.78,59      8.02,63      1.73,37      1.10,86      63.6%,99      0.36,99      0.57,95      19.90,18      0.00,29      0.11,57      +0.44,99      +0.44,99      27.54,62      32.57,43      84.5%,97      389.27,56      90.47,44      16.36,69      18.41,64      88.9%,87      8.97,68      9.76,49      91.9%,99      1.10,30      1.73,28      63.6%,79      0.11,41      0.94,23      0.79,9      1.26,59      0.16,42      31.78,52      0.63,16      0.16,44      0.16,40      0.00,6      0.63,10      0.47,61      0.00,12      0.00,21      0.00,28      0.00,40      0.16,49      0.63,92      1.73,5      1.73,20      0.00,16      0.00,4      0.00,3      0.00,4      0.00,21      0.31,41      0.31,71      0.00,36      0.00,25      0.00,27      0.00,32      0.00,43      3.15,99      1.89,97      1.89,99      0.94,88      0.31,49      1.42,99      2.52,95      56.3%,92      1.10,35      1.26,72      0.00,15      1.26,81      0.79,82      3.93,98      0.47,43      0.00,59      45.94,49      1.42,75      9.76,86      14.32,20      23.13,56      1.73,5      45.94,49      5.82,93      2.99,96      51.4%,86      2.36,15      40.5%,67      30.05,54      244.67,90      113.76,80      2.52,80      0.31,8      2.05,58      1.73,31      29.27,36      0.00,51      0.79,72      0.63,7      0.31,34      0.00,35      0.00,56      0.00,52      7.24,98      0.47,41      0.47,94      50.0%,88       https://fbref.com/req/202302030/images/headshots/886f9aac_2022.jpg