
Matty Cash
FB      0.11,90      0.08,50      0.19,77      0.11,90      0.00,50      0.00,50      0.21,28      0.00,55      0.07,84      0.07,84      0.07,44      0.14,66      2.37,63      2.56,16      4.64,59      0.99,80      0.35,86      35.1%,77      0.11,77      0.31,61      17.90,60      0.00,41      0.07,65      +0.03,84      +0.03,84      29.66,18      43.36,21      68.4%,12      498.88,20      188.66,28      14.58,14      16.82,14      86.7%,30      11.59,28      16.15,34      71.8%,20      2.69,54      7.76,73      34.7%,14      0.06,40      0.75,45      1.89,25      0.85,44      0.43,62      34.27,20      8.95,46      0.80,56      0.05,50      0.32,62      2.61,49      8.13,56      0.03,49      0.00,30      0.00,31      0.00,47      0.13,64      1.31,42      1.73,42      1.20,29      0.19,58      0.16,82      0.05,44      0.13,75      0.00,29      0.19,47      0.11,42      0.05,77      0.03,82      0.00,41      0.00,40      0.00,47      2.37,69      1.33,60      1.39,66      0.91,79      0.08,16      1.25,67      2.08,66      60.3%,66      0.83,44      1.44,84      0.43,71      1.01,79      1.31,59      3.68,64      2.67,63      0.05,21      55.78,28      3.73,50      19.00,50      23.13,27      14.34,34      2.45,81      55.78,28      1.57,62      0.88,68      55.9%,56      0.69,41      44.1%,56      26.84,33      157.85,47      77.21,40      1.44,53      0.53,73      1.49,28      0.83,24      27.45,24      0.00,53      1.01,42      1.01,71      0.05,50      0.00,46      0.03,34      0.00,56      5.06,34      1.12,49      1.20,44      48.3%,44       https://fbref.com/req/202302030/images/headshots/2389cdc2_2022.jpg
Emiliano Martínez
GK      1.33,60      3.89,29      2.58,25      68.6%,48      0.36,60      0.17,27      0.47,71      0.31,67      30.6%,63      0.17,65      0.11,48      0.03,75      0.03,87      20.0%,71      0.06,17      0.14,52      0.06,33      1.17,63      0.27,50      -0.11,40      4.06,40      11.28,33      36.0%,56      22.89,21      4.50,48      36.4%,52      33.6,40      7.64,56      38.5%,25      34.1,25      13.17,25      0.94,71      7.2%,75      0.92,29      15.4,60       https://fbref.com/req/202302030/images/headshots/7956236f_2022.jpg
Tyrone Mings
CB      0.03,36      0.08,91      0.11,73      0.03,36      0.00,50      0.00,50      0.31,18      0.00,59      0.05,49      0.05,49      0.05,80      0.09,67      0.65,61      2.57,41      0.48,80      0.59,57      0.14,51      23.8%,38      0.05,40      0.20,38      12.30,38      0.00,47      0.08,43      -0.02,39      -0.02,39      37.70,31      47.53,36      79.3%,28      735.21,35      305.50,50      12.59,34      14.48,35      86.9%,33      21.00,43      23.14,31      90.7%,51      3.67,38      8.52,60      43.0%,7      0.03,67      0.28,62      2.40,33      0.14,54      0.00,32      45.58,35      1.86,50      1.33,60      0.08,73      0.23,38      0.11,60      0.51,62      0.00,49      0.00,49      0.00,50      0.00,50      0.08,59      0.34,52      0.85,57      0.65,64      0.00,34      0.03,77      0.08,60      0.06,93      0.03,64      0.14,80      0.11,85      0.00,47      0.00,48      0.03,72      0.00,46      0.00,48      0.65,9      0.34,9      0.48,17      0.08,4      0.08,64      0.40,22      0.62,15      63.6%,59      0.23,81      1.33,56      0.85,51      0.48,61      1.30,62      1.95,29      4.32,67      0.06,46      57.32,35      9.06,70      32.96,62      21.84,27      3.05,56      1.44,80      57.32,35      0.34,65      0.31,75      91.7%,77      0.03,75      8.3%,77      34.21,44      187.70,57      106.57,61      0.48,60      0.06,77      0.48,34      0.11,55      35.05,40      0.00,54      0.76,51      0.68,75      0.03,49      0.00,47      0.03,31      0.00,57      5.39,56      2.29,49      1.33,65      63.3%,59       https://fbref.com/req/202302030/images/headshots/8397a50c_2022.jpg
John McGinn
MF      0.09,54      0.12,71      0.20,59      0.09,56      0.00,46      0.00,45      0.23,29      0.00,54      0.04,28      0.04,29      0.15,83      0.20,60      1.51,52      5.71,75      1.95,42      1.25,54      0.47,67      37.2%,73      0.07,56      0.19,45      25.10,14      0.00,32      0.04,17      +0.04,81      +0.04,81      29.80,32      39.76,36      74.9%,30      608.48,50      241.63,81      11.48,13      13.51,11      84.9%,34      12.12,42      15.00,43      80.8%,39      5.45,87      9.26,87      58.8%,50      0.15,85      1.49,81      4.75,75      1.40,83      0.35,88      35.53,31      3.99,80      2.21,92      0.44,88      0.67,85      3.20,77      0.17,42      1.51,79      1.17,87      0.23,76      0.03,86      0.23,18      0.52,85      3.00,71      2.10,66      0.61,86      0.12,54      0.06,23      0.09,47      0.03,42      0.17,34      0.12,36      0.03,75      0.03,82      0.00,35      0.00,41      0.00,46      3.09,92      1.86,96      1.02,65      1.60,96      0.47,88      1.57,97      3.03,85      51.9%,87      1.46,33      1.54,74      0.17,42      1.37,84      1.02,55      4.11,84      0.99,42      0.00,71      51.09,40      2.04,50      10.08,36      28.02,48      13.57,42      0.76,25      51.09,40      1.98,66      1.28,65      64.7%,63      0.70,42      35.3%,63      28.86,43      142.19,35      70.19,44      0.93,26      0.20,49      1.40,54      0.82,61      31.31,38      0.00,52      1.66,16      2.36,96      0.00,77      0.00,42      0.00,59      0.00,51      5.83,42      0.64,32      0.50,93      56.4%,81       https://fbref.com/req/202302030/images/headshots/90f91999_2022.jpg
Ollie Watkins
FW      0.34,60      0.06,19      0.40,45      0.30,63      0.03,65      0.03,61      0.21,32      0.00,55      0.35,58      0.34,68      0.10,35      0.44,55      2.26,57      1.83,42      6.89,68      2.32,48      0.95,68      40.8%,75      0.13,63      0.32,52      13.60,75      0.00,39      0.14,62      -0.02,57      -0.03,50      14.76,48      21.31,39      69.2%,43      180.58,39      35.46,29      9.60,52      12.29,47      78.2%,44      3.51,43      5.27,37      66.5%,34      0.30,14      0.73,27      41.7%,14      0.08,39      1.04,50      0.88,42      0.52,29      0.00,16      20.46,39      0.76,37      0.06,60      0.12,47      0.06,39      0.46,40      0.21,60      0.00,37      0.00,40      0.00,42      0.00,48      0.09,66      0.49,81      2.50,50      1.71,50      0.00,34      0.30,70      0.24,43      0.18,42      0.06,75      0.27,39      0.12,32      0.00,44      0.06,76      0.06,63      0.03,57      0.00,44      0.52,20      0.40,39      0.06,17      0.21,20      0.24,52      0.06,9      0.46,16      13.3%,16      0.40,76      0.76,52      0.09,58      0.67,50      0.37,68      0.88,34      0.82,61      0.00,54      31.89,32      0.91,55      1.86,11      12.90,29      17.53,53      5.27,71      31.86,32      2.07,48      1.13,57      54.4%,66      0.95,52      45.6%,66      19.21,50      96.77,42      48.20,50      0.98,45      1.49,83      2.62,63      1.62,42      25.00,52      0.00,53      1.01,61      1.19,52      0.49,58      0.03,63      0.00,52      0.00,51      2.01,17      1.98,60      2.90,42      40.6%,68       https://fbref.com/req/202302030/images/headshots/aed3a70f_2022.jpg
Douglas Luiz
MF      0.07,51      0.10,64      0.17,53      0.07,53      0.00,46      0.00,45      0.23,30      0.00,54      0.07,42      0.07,44      0.08,48      0.15,42      0.93,24      3.48,36      1.46,34      0.76,25      0.27,39      34.8%,69      0.09,68      0.25,59      25.30,12      0.27,91      0.09,74      0.00,57      0.00,58      42.76,64      51.38,62      83.2%,70      728.98,67      234.20,78      18.80,55      21.35,54      88.0%,58      18.53,75      20.85,71      88.9%,78      4.01,66      6.96,72      57.6%,46      0.07,42      1.23,67      3.55,54      0.63,38      0.07,30      44.62,57      6.63,92      4.31,99      0.23,63      0.10,23      2.75,69      0.36,68      1.89,84      1.09,83      0.40,83      0.03,88      0.13,52      0.33,97      2.95,69      1.99,63      0.70,89      0.03,27      0.07,27      0.17,70      0.00,20      0.30,66      0.20,64      0.07,90      0.00,40      0.03,72      0.00,41      0.00,46      1.96,46      1.29,66      0.99,62      0.80,46      0.17,35      0.70,38      2.39,65      29.2%,20      1.69,21      0.99,32      0.23,50      0.76,29      1.13,67      3.08,51      0.93,36      0.03,34      60.43,58      2.78,72      15.22,71      35.14,67      10.57,20      0.27,8      60.43,58      1.43,38      0.80,38      55.8%,34      0.63,52      44.2%,34      33.35,60      167.50,55      77.73,52      0.53,8      0.03,11      1.66,42      0.56,85      36.99,56      0.00,52      1.23,45      1.36,75      0.00,77      0.00,42      0.00,59      0.00,51      6.07,50      0.86,54      1.06,50      44.8%,49       https://fbref.com/req/202302030/images/headshots/6f7d826d_2022.jpg
Ezri Konsa
CB      0.07,66      0.00,33      0.07,50      0.07,66      0.00,50      0.00,50      0.22,35      0.07,3      0.06,61      0.06,61      0.01,34      0.07,44      0.29,28      1.64,14      0.25,62      0.55,55      0.22,76      40.0%,78      0.13,70      0.33,54      8.10,90      0.00,47      0.11,62      +0.01,70      +0.01,70      31.79,23      36.81,12      86.4%,66      559.26,10      213.83,15      12.54,33      13.84,29      90.6%,59      17.08,20      18.35,17      93.1%,78      1.67,2      3.42,1      48.9%,27      0.02,43      0.15,28      1.09,10      0.00,9      0.00,32      35.43,14      1.38,35      1.09,48      0.00,24      0.11,19      0.04,35      0.25,44      0.00,49      0.00,49      0.00,50      0.00,50      0.00,93      0.29,66      0.47,24      0.40,28      0.00,34      0.00,38      0.07,56      0.00,38      0.00,31      0.00,17      0.00,20      0.00,47      0.00,48      0.00,35      0.00,46      0.00,48      0.91,22      0.55,27      0.47,15      0.40,50      0.04,46      0.36,18      0.47,10      76.9%,93      0.11,93      1.13,35      0.80,48      0.33,36      0.55,6      1.45,7      3.12,29      0.07,35      44.95,3      7.30,36      25.91,18      16.82,4      2.54,45      1.34,72      44.95,3      0.33,61      0.22,56      66.7%,41      0.11,31      33.3%,41      25.94,19      108.71,17      62.57,24      0.18,28      0.04,69      0.36,52      0.22,30      28.67,22      0.04,2      0.65,62      1.31,98      0.04,36      0.00,47      0.04,23      0.00,57      3.82,7      2.11,43      1.53,48      58.0%,38       https://fbref.com/req/202302030/images/headshots/0313a347_2022.jpg
Jacob Ramsey
MF      0.22,83      0.04,27      0.26,67      0.22,86      0.00,46      0.00,45      0.22,38      0.00,54      0.15,71      0.15,75      0.07,38      0.22,63      3.32,88      4.82,58      3.36,63      1.24,53      0.40,59      32.4%,60      0.18,93      0.55,93      18.30,74      0.00,32      0.12,88      +0.07,89      +0.07,89      32.43,43      38.12,32      85.1%,80      485.10,34      127.87,29      17.66,50      19.99,47      88.3%,60      11.78,40      13.10,35      90.0%,84      1.75,28      2.33,10      75.0%,88      0.08,50      0.77,29      3.36,52      0.77,53      0.15,58      37.58,37      0.47,12      0.26,23      0.11,33      0.04,8      0.95,43      0.11,27      0.00,22      0.00,28      0.00,28      0.00,43      0.07,71      0.80,58      2.74,60      2.01,64      0.00,23      0.26,83      0.07,30      0.33,95      0.07,72      0.22,53      0.18,58      0.00,37      0.00,40      0.04,76      0.00,41      0.00,46      2.44,71      1.61,82      1.13,75      1.02,68      0.29,67      1.09,77      2.52,72      43.5%,65      1.42,38      1.31,57      0.26,55      1.06,59      0.88,41      3.32,61      1.02,46      0.00,71      49.65,35      1.79,38      8.87,25      26.45,38      14.81,50      2.15,67      49.65,35      1.75,53      1.09,54      62.5%,53      0.66,49      37.5%,53      33.02,58      237.35,87      112.73,83      2.30,86      0.80,85      2.12,24      1.31,27      36.23,52      0.00,52      1.17,48      1.61,85      0.04,52      0.00,42      0.00,59      0.00,51      4.60,13      0.58,27      1.24,34      32.0%,17       https://fbref.com/req/202302030/images/headshots/1544f145_2022.jpg
Emi Buendía
AM      0.19,40      0.28,83      0.47,60      0.19,43      0.00,40      0.00,38      0.05,78      0.00,53      0.16,25      0.16,29      0.27,94      0.43,63      1.90,19      5.55,85      3.98,6      2.09,47      0.62,31      29.5%,26      0.09,38      0.31,45      17.90,47      0.00,27      0.08,25      +0.03,60      +0.03,58      33.70,76      42.75,75      78.8%,78      474.74,72      127.39,74      19.81,79      22.84,79      86.7%,65      9.43,69      11.75,66      80.2%,74      1.99,60      3.74,54      53.2%,61      0.20,87      2.27,92      3.36,88      2.04,88      0.14,31      39.53,74      2.99,71      0.85,80      1.00,99      0.14,49      1.61,35      0.57,76      0.81,56      0.38,58      0.19,67      0.05,89      0.24,22      0.90,78      3.93,74      3.08,84      0.14,56      0.33,61      0.14,24      0.24,62      0.00,25      0.47,71      0.33,78      0.00,37      0.09,90      0.05,58      0.00,31      0.00,46      1.80,81      0.85,69      0.76,81      0.62,58      0.43,84      1.00,93      2.42,87      41.2%,82      1.42,25      1.00,57      0.14,84      0.85,49      0.43,35      2.23,71      0.52,56      0.00,60      54.31,72      1.28,78      6.35,65      25.97,87      22.56,52      3.27,37      54.31,72      3.03,49      1.90,72      62.5%,84      1.14,65      37.5%,84      31.90,69      160.09,30      76.87,31      1.94,57      0.33,10      1.99,74      1.94,22      38.20,71      0.00,52      0.81,66      2.09,85      0.14,76      0.00,37      0.05,3      0.00,51      5.21,75      0.90,71      1.66,33      35.2%,54       https://fbref.com/req/202302030/images/headshots/66b76d44_2022.jpg
Danny Ings
FW      0.33,58      0.28,89      0.62,81      0.28,53      0.05,78      0.05,73      0.19,40      0.00,55      0.34,52      0.30,49      0.08,16      0.38,37      1.14,22      1.85,43      5.55,32      2.28,47      0.81,43      35.4%,43      0.13,63      0.35,68      13.60,75      0.00,39      0.13,48      0.00,63      -0.01,60      11.90,14      17.92,12      66.4%,34      153.30,19      37.03,32      6.97,7      8.96,6      77.8%,39      2.85,22      4.27,17      66.7%,36      0.62,53      1.33,57      46.4%,20      0.04,9      0.71,17      0.90,43      0.62,37      0.00,16      16.79,16      1.00,47      0.05,48      0.14,50      0.28,88      0.62,50      0.05,20      0.00,37      0.00,40      0.00,42      0.00,48      0.14,42      0.81,58      1.52,4      1.19,19      0.00,34      0.09,29      0.19,30      0.05,9      0.00,28      0.43,78      0.43,94      0.00,44      0.00,29      0.00,21      0.00,27      0.00,44      1.09,73      0.76,81      0.09,29      0.76,96      0.24,45      0.62,96      1.75,93      35.1%,80      1.14,16      1.47,94      0.09,60      1.38,96      0.28,48      1.38,63      1.04,78      0.00,54      29.26,17      1.00,58      2.99,40      11.66,16      14.89,22      5.31,75      29.21,16      1.47,29      0.47,12      32.3%,7      1.00,50      67.7%,7      15.22,19      74.35,24      29.64,20      0.71,25      0.38,20      2.37,73      1.00,80      18.68,9      0.00,53      0.76,81      0.57,11      0.52,53      0.00,30      0.00,52      0.00,51      2.23,20      1.28,43      1.90,80      40.3%,65       https://fbref.com/req/202302030/images/headshots/07802f7f_2022.jpg
Matt Targett
FB      0.03,53      0.03,25      0.06,31      0.03,53      0.00,50      0.00,50      0.09,69      0.00,55      0.03,34      0.03,34      0.11,69      0.14,60      0.94,11      4.26,67      3.73,44      0.41,28      0.16,55      38.5%,85      0.08,64      0.20,51      14.80,85      0.00,41      0.06,49      +0.01,67      +0.01,67      36.30,42      50.53,49      71.8%,25      616.68,51      293.79,80      17.62,32      20.31,34      86.7%,30      14.67,55      18.84,56      77.9%,55      3.20,68      8.21,77      38.9%,36      0.10,62      1.29,80      3.61,73      1.03,64      0.44,67      39.06,42      11.29,79      1.22,81      0.13,79      0.41,76      4.23,77      8.68,66      1.38,80      0.78,88      0.34,82      0.22,99      0.19,41      1.10,66      2.51,72      1.60,62      0.63,85      0.06,50      0.06,51      0.16,86      0.00,29      0.13,28      0.09,35      0.03,66      0.00,41      0.00,41      0.00,40      0.00,47      2.35,67      1.38,64      1.69,81      0.60,38      0.06,11      1.50,85      2.57,80      58.5%,60      1.07,27      0.97,25      0.41,67      0.56,19      1.50,79      3.86,69      2.32,49      0.03,41      60.31,44      3.76,51      18.84,47      26.36,50      15.42,44      0.82,29      60.31,44      0.72,15      0.34,14      47.8%,25      0.38,76      52.2%,25      25.83,29      88.87,7      45.39,6      0.75,11      0.13,32      0.69,89      0.28,86      30.19,36      0.00,53      0.75,69      0.72,46      0.03,66      0.00,46      0.03,31      0.03,10      4.55,12      1.60,77      0.82,85      66.2%,95       https://fbref.com/req/202302030/images/headshots/e514ab62_2022.jpg
Philippe Coutinho
AM      0.34,66      0.20,67      0.54,66      0.34,72      0.00,40      0.00,38      0.00,92      0.00,53      0.26,63      0.26,70      0.20,65      0.45,74      3.25,56      6.37,94      4.20,10      2.91,84      1.08,84      37.2%,57      0.12,56      0.31,45      21.20,12      0.41,97      0.09,38      +0.08,83      +0.08,83      35.96,79      44.36,78      81.1%,85      547.92,85      146.28,80      19.77,78      23.02,81      85.9%,55      11.85,89      13.88,83      85.4%,89      2.57,76      4.13,60      62.3%,79      0.12,39      1.69,70      4.81,96      1.08,49      0.20,47      41.65,78      2.37,65      0.47,60      0.20,51      0.14,47      1.22,15      0.20,34      0.41,51      0.20,52      0.20,71      0.00,42      0.34,12      0.61,94      4.20,81      3.18,85      0.27,66      0.20,42      0.41,89      0.14,34      0.00,25      0.54,79      0.41,81      0.00,37      0.07,81      0.07,75      0.00,31      0.00,46      1.15,42      0.81,66      0.27,19      0.74,76      0.14,21      0.41,51      1.42,52      28.6%,39      1.02,46      0.74,34      0.07,56      0.68,33      0.47,44      1.63,42      0.27,22      0.00,60      55.19,76      0.47,22      3.86,17      29.86,94      22.35,48      3.18,31      55.19,76      2.91,44      1.42,40      48.8%,42      1.49,47      51.2%,42      38.47,88      207.63,76      108.01,78      2.44,80      0.61,26      2.37,61      1.35,60      42.80,80      0.00,52      0.54,88      1.35,51      0.27,52      0.00,37      0.00,53      0.00,51      3.59,13      0.34,22      1.15,53      22.7%,17       https://fbref.com/req/202302030/images/headshots/0ef89a37_2022.jpg
Lucas Digne
FB      0.00,24      0.15,80      0.15,60      0.00,24      0.00,50      0.00,50      0.22,27      0.00,55      0.03,51      0.03,51      0.13,79      0.17,71      2.18,55      3.58,50      6.20,79      0.66,59      0.11,42      16.7%,29      0.00,24      0.00,24      20.40,41      0.15,93      0.05,35      -0.03,19      -0.03,19      41.55,59      56.83,66      73.1%,36      622.99,54      282.47,76      24.35,66      27.60,68      88.2%,49      13.28,47      17.93,49      74.1%,33      2.77,58      7.42,68      37.3%,24      0.11,68      1.92,93      2.73,51      1.22,79      0.66,90      43.69,54      13.03,94      1.37,85      0.04,40      0.26,55      6.35,93      9.45,82      2.21,89      0.70,85      0.89,88      0.04,95      0.11,73      1.59,24      3.25,88      2.21,84      0.85,90      0.11,71      0.00,16      0.07,49      0.00,29      0.30,77      0.18,73      0.07,86      0.00,41      0.00,41      0.04,81      0.00,47      1.70,28      1.07,32      1.25,55      0.26,3      0.18,46      1.11,58      1.73,44      63.8%,80      0.63,71      1.14,49      0.48,76      0.66,33      1.37,66      3.06,34      2.58,59      0.00,72      66.68,59      3.95,62      20.74,63      23.51,29      23.14,82      1.33,53      66.68,59      1.11,46      0.41,21      36.7%,7      0.70,40      63.3%,7      31.40,50      157.12,45      76.90,38      1.62,67      0.15,36      0.81,81      0.70,34      34.43,47      0.00,53      1.22,23      0.92,66      0.11,23      0.00,46      0.00,68      0.04,7      5.90,66      1.73,88      1.33,34      56.6%,69       https://fbref.com/req/202302030/images/headshots/1b84dbe1_2022.jpg
Ashley Young
FB      0.00,24      0.14,79      0.14,58      0.00,24      0.00,50      0.00,50      0.14,55      0.00,55      0.03,42      0.03,42      0.07,41      0.10,37      1.94,45      3.24,41      4.10,50      0.72,66      0.22,73      30.0%,68      0.00,24      0.00,24      21.20,27      0.07,89      0.04,23      -0.03,24      -0.03,24      35.42,41      46.44,34      76.3%,53      553.61,37      195.26,32      20.30,45      22.61,44      89.8%,71      11.16,21      14.69,20      76.0%,45      2.74,56      5.62,44      48.7%,72      0.03,6      0.94,60      3.46,69      0.72,33      0.22,28      38.52,36      7.63,25      1.15,79      0.00,19      0.50,81      3.17,58      5.62,18      0.36,72      0.14,69      0.14,72      0.00,47      0.29,18      1.15,60      2.23,64      1.44,49      0.43,80      0.14,77      0.07,56      0.14,79      0.00,29      0.29,76      0.14,55      0.07,85      0.07,95      0.00,41      0.00,40      0.00,47      1.30,11      0.43,2      0.65,16      0.43,16      0.22,54      0.79,27      1.15,14      68.8%,92      0.36,95      0.72,10      0.29,46      0.43,8      0.94,25      2.23,10      1.80,19      0.07,15      54.43,21      2.66,18      14.90,15      25.13,40      15.41,42      1.01,38      54.43,21      1.15,47      0.65,47      56.3%,60      0.50,59      43.8%,60      30.82,46      151.56,38      77.76,42      1.15,34      0.50,71      0.79,82      0.22,93      33.91,45      0.00,53      1.15,29      2.30,97      0.07,38      0.00,46      0.00,68      0.07,1      4.75,20      0.43,6      1.08,54      28.6%,5       https://fbref.com/req/202302030/images/headshots/be927d03_2022.jpg
Calum Chambers
CB      0.09,77      0.00,33      0.09,60      0.09,77      0.00,50      0.00,50      0.09,83      0.00,59      0.02,13      0.02,13      0.02,50      0.04,18      0.27,25      3.42,66      0.54,82      0.45,44      0.09,27      20.0%,28      0.20,84      1.00,87      16.90,14      0.00,47      0.05,12      +0.07,93      +0.07,93      42.80,46      52.15,43      82.1%,46      807.75,49      305.51,51      16.54,55      18.34,54      90.2%,54      21.67,45      24.10,38      89.9%,45      4.32,51      8.18,54      52.7%,43      0.05,85      0.27,59      3.24,64      0.54,90      0.09,87      50.08,50      1.89,55      0.72,23      0.09,76      0.00,5      0.45,86      1.17,80      0.00,49      0.00,49      0.00,50      0.00,50      0.18,23      0.81,10      1.08,77      0.99,83      0.00,34      0.00,38      0.09,65      0.00,38      0.00,31      0.09,60      0.09,73      0.00,47      0.00,48      0.00,35      0.00,46      0.00,48      1.89,80      0.99,71      1.17,73      0.63,81      0.09,65      0.63,49      0.90,36      70.0%,81      0.27,77      1.80,88      0.99,69      0.81,90      0.45,3      2.34,41      4.68,77      0.00,81      62.58,45      10.52,85      34.08,67      25.17,41      3.78,69      0.81,40      62.58,45      0.09,14      0.00,7      0.0%,7      0.09,40      100.0%,7      36.32,55      151.86,41      89.10,45      0.18,27      0.00,30      0.36,54      0.18,38      38.03,46      0.00,54      1.26,6      0.27,28      0.00,75      0.00,47      0.00,67      0.00,57      5.66,64      2.52,56      2.34,7      51.9%,14       https://fbref.com/req/202302030/images/headshots/dc6f5bdd_2022.jpg
Leon Bailey
AM      0.12,20      0.24,78      0.35,47      0.12,22      0.00,40      0.00,38      0.35,4      0.00,53      0.18,33      0.18,37      0.09,15      0.27,19      4.02,80      2.84,47      7.21,54      2.48,67      0.95,72      38.1%,61      0.05,17      0.13,8      19.40,25      0.47,98      0.07,14      -0.06,21      -0.06,21      17.74,13      26.73,15      66.4%,16      278.40,17      61.26,19      8.99,7      11.24,7      80.0%,19      5.56,21      7.81,19      71.2%,22      1.77,53      4.26,65      41.7%,19      0.13,52      0.83,8      0.71,6      1.06,48      0.12,25      24.72,15      1.89,54      0.12,26      0.12,29      0.35,78      3.90,72      0.47,74      1.30,69      1.18,81      0.12,61      0.00,42      0.12,62      0.95,72      2.37,13      1.77,21      0.00,18      0.12,17      0.24,46      0.24,61      0.00,25      0.12,7      0.12,20      0.00,37      0.00,30      0.00,23      0.00,31      0.00,46      2.01,88      1.30,88      0.71,78      0.95,94      0.35,70      0.71,76      1.54,56      46.2%,90      0.83,61      1.18,74      0.12,76      1.06,72      0.12,3      2.13,67      0.24,16      0.00,60      41.16,24      0.35,13      3.43,13      14.07,13      24.36,67      4.14,54      41.16,24      3.43,66      1.54,54      44.8%,26      1.89,24      55.2%,26      27.44,38      198.57,70      81.96,39      1.66,33      1.18,49      3.90,4      2.84,7      28.86,25      0.00,52      1.42,19      1.30,44      0.47,24      0.00,37      0.00,53      0.00,51      4.49,51      1.18,79      1.89,28      38.5%,74       https://fbref.com/req/202302030/images/headshots/3a233281_2022.jpg