
Nick Pope
GK      1.31,63      4.58,60      3.31,63      74.5%,83      0.19,25      0.39,83      0.42,60      0.25,52      25.0%,52      0.14,52      0.14,37      0.00,37      0.00,37      0.0%,37      0.03,37      0.17,48      0.03,58      1.23,56      0.25,23      -0.05,48      8.86,90      22.42,94      39.5%,67      22.03,13      4.08,29      69.2%,98      46.2,94      7.86,75      91.2%,94      61.2,98      16.81,90      1.28,87      7.6%,83      2.22,94      17.4,90       https://fbref.com/req/202302030/images/headshots/4b40d9ca_2022.jpg
Dwight McNeil
MF      0.00,16      0.03,22      0.03,12      0.00,17      0.00,46      0.00,45      0.03,92      0.00,54      0.07,43      0.07,45      0.13,73      0.20,61      2.69,80      3.01,23      3.24,62      1.51,68      0.43,62      28.8%,48      0.00,17      0.00,17      22.80,29      0.12,79      0.04,17      -0.07,12      -0.07,13      22.65,15      33.43,20      67.8%,10      406.17,24      116.16,25      10.92,10      12.57,8      86.9%,47      7.68,16      10.37,19      74.0%,15      3.24,58      7.10,75      45.7%,22      0.15,84      1.36,75      1.94,21      1.25,77      0.61,96      30.18,16      3.07,71      1.33,74      0.26,67      0.43,71      5.76,96      0.29,58      1.39,76      1.10,84      0.14,71      0.00,43      0.17,38      1.48,8      3.24,75      1.80,49      0.64,87      0.32,89      0.20,76      0.20,77      0.09,82      0.17,33      0.12,35      0.06,87      0.00,40      0.00,35      0.00,41      0.00,46      2.26,63      1.42,75      0.78,40      1.10,71      0.38,84      0.96,59      2.11,52      45.2%,71      1.16,58      1.85,92      0.32,63      1.54,89      1.01,54      3.27,58      0.90,33      0.03,39      46.93,21      1.33,24      8.11,21      21.17,18      19.35,69      1.65,55      46.93,21      4.35,97      2.61,97      60.0%,44      1.74,9      40.0%,44      27.03,35      196.60,74      75.26,50      2.35,88      0.46,73      2.29,21      1.48,20      27.29,21      0.00,52      0.46,97      1.04,50      0.03,54      0.00,42      0.00,59      0.00,51      6.46,60      0.38,8      0.46,95      44.8%,49       https://fbref.com/req/202302030/images/headshots/fc15fb84_2022.jpg
James Tarkowski
CB      0.03,38      0.06,81      0.09,56      0.03,38      0.00,50      0.00,50      0.32,14      0.00,59      0.07,79      0.07,79      0.01,40      0.09,59      0.09,8      2.81,48      0.32,70      0.64,66      0.17,63      27.3%,48      0.05,40      0.17,36      11.30,49      0.00,47      0.12,70      -0.04,13      -0.04,13      23.64,2      34.48,3      68.6%,3      524.35,8      247.14,24      7.50,4      10.32,6      72.8%,3      10.69,1      13.88,1      77.0%,5      4.98,66      9.10,70      54.8%,51      0.03,56      0.29,67      2.17,30      0.35,80      0.00,32      33.61,6      0.72,9      0.61,18      0.03,51      0.99,93      0.03,25      0.12,19      0.00,49      0.00,49      0.00,50      0.00,50      0.14,38      0.20,73      0.81,56      0.70,66      0.03,69      0.00,38      0.06,49      0.00,38      0.03,65      0.06,49      0.06,61      0.00,47      0.00,48      0.00,35      0.00,46      0.00,48      1.88,78      1.30,85      1.36,85      0.49,70      0.03,36      0.96,78      1.36,67      70.2%,85      0.41,52      2.17,97      1.77,98      0.41,51      1.39,67      3.27,76      5.39,94      0.12,12      47.03,10      8.00,54      23.73,12      20.34,20      3.33,62      1.94,91      47.03,10      0.20,43      0.14,43      71.4%,49      0.06,57      28.6%,49      17.27,1      73.89,3      35.52,4      0.17,25      0.00,30      0.38,50      0.14,50      20.34,2      0.00,54      0.87,45      0.55,67      0.06,30      0.00,47      0.00,67      0.03,14      4.95,44      4.43,98      1.80,27      71.2%,85       https://fbref.com/req/202302030/images/headshots/15ea812b_2022.jpg
Josh Brownhill
MF      0.06,49      0.09,57      0.15,50      0.06,50      0.00,46      0.00,45      0.30,16      0.00,54      0.04,25      0.04,26      0.08,44      0.12,28      0.55,13      3.23,29      1.13,25      0.88,33      0.27,42      31.0%,53      0.07,56      0.22,52      23.80,22      0.12,81      0.05,29      +0.02,67      +0.02,67      27.14,28      36.43,26      74.5%,26      420.09,26      127.83,29      14.10,32      16.66,33      84.6%,32      8.86,25      11.85,25      74.8%,17      2.35,41      4.48,46      52.4%,34      0.10,64      1.22,65      2.95,41      0.67,42      0.09,39      33.93,25      2.13,55      0.67,46      0.03,15      0.30,57      1.61,58      0.18,45      0.67,68      0.61,74      0.06,61      0.00,43      0.37,5      0.67,73      2.28,45      1.52,38      0.55,79      0.06,37      0.06,24      0.06,37      0.03,44      0.09,12      0.03,8      0.06,88      0.00,40      0.00,35      0.00,41      0.00,46      2.22,60      1.13,47      0.76,34      1.28,84      0.18,41      0.64,30      1.61,24      39.6%,50      0.97,71      1.13,43      0.37,70      0.76,28      2.07,97      4.29,88      1.28,63      0.03,37      46.54,21      2.35,58      9.78,33      25.22,34      12.21,33      0.97,33      46.54,21      0.91,21      0.46,17      50.0%,18      0.46,63      50.0%,18      18.70,4      77.88,3      30.21,4      0.88,25      0.18,46      1.22,71      0.55,87      22.81,8      0.00,52      1.19,46      0.61,21      0.00,77      0.00,42      0.00,59      0.00,51      6.03,49      1.43,77      0.97,58      59.5%,88       https://fbref.com/req/202302030/images/headshots/47369df8_2022.jpg
Charlie Taylor
FB      0.00,24      0.10,59      0.10,44      0.00,24      0.00,50      0.00,50      0.10,67      0.00,55      0.01,6      0.01,6      0.13,77      0.13,59      1.91,44      3.00,27      2.54,29      0.23,8      0.00,5      0.0%,5      0.00,24      22.40,16      0.00,41      0.02,4      -0.01,56      -0.01,56      31.90,28      45.31,29      70.4%,20      545.60,31      231.51,54      16.38,28      18.55,21      88.3%,53      11.34,24      14.99,21      75.6%,42      3.33,72      8.63,80      38.5%,32      0.08,51      0.69,37      2.37,42      0.82,38      0.63,86      35.26,25      9.69,58      0.46,32      0.00,19      0.23,53      3.43,66      9.23,75      0.00,24      0.00,30      0.00,31      0.00,47      0.36,6      1.29,47      1.71,38      1.29,38      0.13,49      0.07,51      0.00,16      0.23,95      0.00,29      0.26,69      0.16,63      0.03,68      0.03,86      0.00,41      0.03,80      0.00,47      1.48,19      0.86,19      1.02,45      0.36,10      0.10,25      0.86,31      1.45,25      59.1%,62      0.59,76      1.38,80      0.66,93      0.73,45      1.91,95      3.39,53      3.13,77      0.07,18      57.47,32      5.60,94      19.48,55      24.06,33      14.57,36      0.43,7      57.47,32      1.75,72      0.89,69      50.9%,44      0.86,27      49.1%,44      25.01,20      169.72,54      70.62,32      1.19,38      0.23,47      1.02,60      0.49,60      26.89,21      0.00,53      0.56,84      1.42,82      0.00,84      0.00,46      0.00,68      0.00,56      6.03,71      1.91,90      0.99,64      65.9%,94       https://fbref.com/req/202302030/images/headshots/cc2d7ad5_2022.jpg
Ashley Westwood
MF      0.00,16      0.12,72      0.12,38      0.00,17      0.00,46      0.00,45      0.28,21      0.00,54      0.02,11      0.02,12      0.16,84      0.19,56      0.47,8      5.12,65      1.06,22      0.55,13      0.04,5      7.1%,5      0.00,17      0.00,17      21.00,47      0.00,32      0.04,17      -0.02,38      -0.02,37      34.28,47      49.35,56      69.5%,15      634.01,56      232.77,77      13.66,27      16.45,29      83.0%,23      14.21,55      18.42,62      77.1%,21      4.68,76      10.86,92      43.1%,18      0.18,92      1.30,72      4.64,72      1.26,78      0.20,66      41.56,49      7.20,93      1.93,87      0.28,70      0.39,67      4.80,91      0.16,39      2.87,94      2.52,99      0.12,69      0.04,90      0.59,1      0.87,55      2.52,54      1.61,41      0.71,91      0.00,13      0.12,53      0.04,28      0.04,52      0.31,69      0.24,72      0.08,92      0.00,40      0.00,35      0.00,41      0.00,46      0.83,4      0.47,7      0.31,7      0.47,13      0.04,4      0.39,9      1.22,10      32.3%,25      0.83,85      0.83,16      0.35,68      0.47,5      1.18,71      2.01,14      0.63,14      0.04,31      55.68,48      1.77,37      8.78,24      32.51,62      14.91,51      0.63,21      55.68,48      0.71,16      0.39,12      55.6%,33      0.31,78      44.4%,33      24.71,24      94.21,8      37.31,6      0.47,6      0.12,36      1.14,77      0.55,86      31.64,40      0.00,52      1.14,52      0.87,35      0.00,77      0.00,42      0.04,13      0.00,51      6.85,69      0.35,8      0.51,92      40.9%,37       https://fbref.com/req/202302030/images/headshots/495945ef_2022.jpg
Ben Mee
CB      0.15,93      0.00,33      0.15,86      0.15,93      0.00,50      0.00,50      0.15,65      0.00,59      0.11,97      0.11,97      0.05,82      0.17,96      0.15,13      1.86,20      0.10,23      0.93,92      0.20,72      21.1%,32      0.16,78      0.75,79      8.70,85      0.00,47      0.12,70      +0.03,83      +0.03,83      26.18,7      37.34,14      70.1%,7      577.93,14      233.05,22      8.56,9      10.52,9      81.4%,9      11.99,3      14.73,2      81.4%,13      5.43,70      10.67,85      50.9%,39      0.00,7      0.24,50      2.50,38      0.10,43      0.05,72      35.92,15      1.27,28      1.03,36      0.00,24      0.83,87      0.20,70      0.24,41      0.00,49      0.00,49      0.00,50      0.00,50      0.15,36      0.59,19      0.64,43      0.39,24      0.00,34      0.00,38      0.20,93      0.05,88      0.00,31      0.00,17      0.00,20      0.00,47      0.00,48      0.00,35      0.00,46      0.00,48      1.27,44      0.59,35      0.78,45      0.34,43      0.15,87      0.59,45      0.93,41      63.2%,56      0.34,65      1.37,62      1.08,80      0.29,30      1.17,57      2.45,49      4.60,75      0.05,49      47.96,14      6.70,27      23.34,10      22.66,31      2.30,35      1.52,85      47.96,14      0.24,50      0.20,52      80.0%,62      0.05,62      20.0%,62      21.39,9      96.26,9      46.84,10      0.05,10      0.00,30      0.20,87      0.00,93      21.83,6      0.00,54      0.44,83      0.34,40      0.10,12      0.00,47      0.00,67      0.05,3      6.46,85      3.33,85      2.01,13      62.4%,54       https://fbref.com/req/202302030/images/headshots/8df7a2fb_2022.jpg
Maxwel Cornet
FW,MF      0.46,86,98      0.05,14,36      0.51,61,92      0.46,89,98      0.00,32,46      0.05,76,92      0.10,66,75      0.00,55,54      0.34,53,99      0.30,52,99      0.09,20,50      0.39,40,92      1.43,37,46      1.53,34,4      6.37,53,90      2.34,53,92      1.12,80,98      47.8%,89,94      0.20,96,96      0.41,82,80      16.90,21,85      0.20,94,88      0.13,48,90      +0.12,94,93      +0.16,94,96      14.32,42,2      22.27,48,4      64.3%,21,6      187.49,43,2      43.83,52,2      8.56,37,3      11.31,32,4      75.7%,32,2      3.47,39,1      5.05,32,1      68.7%,42,8      0.76,63,5      2.45,84,12      31.3%,4,4      0.09,52,55      0.76,22,28      0.76,35,2      0.71,50,48      0.20,83,67      20.03,35,2      2.24,86,58      0.15,81,16      0.15,53,46      0.15,71,33      2.80,94,71      0.25,61,54      1.73,98,81      1.33,98,91      0.20,94,75      0.00,48,43      0.00,92,93      1.22,17,22      1.73,12,17      1.12,11,12      0.15,94,67      0.05,12,33      0.15,20,64      0.25,66,84      0.00,28,20      0.36,63,79      0.10,20,29      0.05,96,83      0.05,71,94      0.05,55,88      0.10,94,99      0.00,44,46      0.82,47,3      0.46,48,5      0.36,73,12      0.25,30,2      0.20,37,45      0.36,80,5      0.76,40,1      46.7%,96,74      0.41,75,98      0.66,39,8      0.20,84,46      0.46,22,22      0.51,88,11      1.33,61,3      0.71,53,21      0.00,54,71      33.84,48,2      0.87,52,9      4.84,86,4      10.80,12,1      18.55,61,65      4.13,27,96      33.79,48,2      1.94,45,63      0.66,22,26      34.2%,11,4      1.27,35,16      65.8%,11,4      18.09,45,3      90.25,40,7      40.26,43,8      0.66,24,15      0.56,34,77      3.11,35,4      1.68,39,13      21.61,22,4      0.00,53,52      1.02,58,63      1.02,35,48      1.33,2,1      0.10,94,99      0.00,52,59      0.00,51,51      4.13,84,5      1.22,40,65      2.29,63,6      34.8%,47,22       https://fbref.com/req/202302030/images/headshots/beb391dd_2022.jpg
Matthew Lowton
FB      0.05,67      0.10,62      0.15,63      0.05,67      0.00,50      0.00,50      0.15,54      0.05,3      0.04,53      0.04,53      0.11,66      0.14,64      1.07,19      3.76,54      1.98,14      0.51,41      0.10,38      20.0%,40      0.10,73      0.50,78      21.60,25      0.00,41      0.07,65      +0.02,73      +0.02,73      30.42,21      45.05,27      67.5%,8      550.87,34      256.49,64      15.34,18      17.47,16      87.8%,42      10.01,14      14.53,16      68.9%,10      4.57,92      10.56,95      43.3%,52      0.08,56      0.91,59      3.30,67      1.07,68      0.46,69      34.64,21      10.16,67      0.91,67      0.20,90      0.56,86      2.59,47      9.24,76      0.00,24      0.00,30      0.00,31      0.00,47      0.25,25      1.27,50      1.73,41      1.27,36      0.20,60      0.00,16      0.05,41      0.10,63      0.10,95      0.10,21      0.05,20      0.00,31      0.00,41      0.05,89      0.00,40      0.00,47      1.93,40      1.22,47      1.02,41      0.51,25      0.41,93      1.02,45      1.88,54      54.1%,42      0.86,42      1.27,72      0.56,84      0.71,42      1.32,60      3.25,42      3.45,88      0.00,72      55.36,24      4.77,82      15.95,20      25.75,46      14.17,32      0.25,3      55.36,24      1.07,41      0.51,37      47.6%,24      0.56,49      52.4%,24      21.28,8      80.50,3      46.47,7      0.71,7      0.00,5      0.56,94      0.30,82      24.43,12      0.00,53      0.66,76      0.30,10      0.00,84      0.00,46      0.00,68      0.00,56      5.99,69      1.27,60      0.81,86      61.0%,82       https://fbref.com/req/202302030/images/headshots/9a9c05db_2022.jpg
Jack Cork
MF      0.05,44      0.00,10      0.05,17      0.05,46      0.00,46      0.00,45      0.22,40      0.00,54      0.04,19      0.04,20      0.02,4      0.05,5      0.65,15      2.48,13      0.65,9      0.38,8      0.05,6      14.3%,9      0.14,85      1.00,96      18.00,76      0.00,32      0.10,82      +0.02,65      +0.02,65      22.80,17      31.10,16      73.3%,22      368.95,18      103.37,20      11.69,17      14.71,18      79.5%,8      7.71,17      10.29,18      74.9%,18      2.32,40      3.83,35      60.6%,55      0.02,4      0.32,5      2.43,29      0.27,11      0.05,25      30.56,17      0.38,6      0.16,18      0.00,7      0.27,51      0.43,25      0.05,13      0.00,22      0.00,28      0.00,28      0.00,43      0.16,42      0.54,84      0.59,2      0.54,2      0.00,23      0.00,13      0.00,8      0.05,32      0.00,20      0.00,2      0.00,4      0.00,37      0.00,40      0.00,35      0.00,41      0.00,46      1.08,8      0.32,1      0.32,8      0.59,22      0.16,33      0.38,7      1.08,6      35.0%,33      0.70,91      0.92,23      0.22,47      0.70,23      0.92,45      1.99,13      1.56,76      0.05,22      39.88,10      2.10,53      7.01,15      26.52,40      6.52,4      0.54,17      39.88,10      0.70,15      0.38,11      53.8%,28      0.32,77      46.2%,28      16.65,1      64.89,1      23.17,1      0.38,3      0.00,5      0.97,86      1.08,42      20.96,4      0.00,52      1.67,14      0.54,14      0.05,49      0.00,42      0.00,59      0.00,51      5.17,24      1.40,76      1.13,43      55.3%,78       https://fbref.com/req/202302030/images/headshots/74e12f1e_2022.jpg
Connor Roberts
FB      0.05,68      0.05,33      0.11,50      0.05,68      0.00,50      0.00,50      0.11,63      0.00,55      0.02,24      0.02,24      0.06,33      0.09,28      1.22,21      3.24,42      2.34,24      0.32,18      0.21,72      66.7%,99      0.17,88      0.25,57      21.70,23      0.00,41      0.06,49      +0.03,82      +0.03,82      30.80,23      45.90,33      67.1%,7      523.46,27      229.84,51      14.41,12      16.70,11      86.3%,25      12.34,34      18.88,58      65.4%,6      2.93,63      7.34,67      39.9%,38      0.08,53      0.69,36      2.45,44      0.90,53      0.27,33      35.32,28      10.48,73      0.48,33      0.05,49      0.21,50      1.54,23      9.89,89      0.11,58      0.00,30      0.00,31      0.00,47      0.11,75      0.80,88      1.54,29      1.28,37      0.05,25      0.00,16      0.05,42      0.11,66      0.05,75      0.05,8      0.05,21      0.00,31      0.00,41      0.00,41      0.00,40      0.00,47      1.06,6      0.69,11      0.53,7      0.37,11      0.16,40      0.53,10      0.80,2      66.7%,86      0.27,98      1.33,75      0.27,44      1.06,81      1.17,44      2.23,11      3.30,84      0.05,23      55.59,25      4.04,67      15.80,18      25.64,45      14.57,37      0.96,36      55.59,25      0.64,10      0.32,12      50.0%,35      0.32,82      50.0%,35      23.56,14      124.84,18      70.43,31      1.06,25      0.21,45      0.53,95      0.32,77      26.70,20      0.00,53      0.37,95      1.54,88      0.05,51      0.00,46      0.00,68      0.00,56      4.36,11      0.69,18      0.90,75      43.3%,27       https://fbref.com/req/202302030/images/headshots/24fae784_2022.jpg
Nathan Collins
CB      0.11,86      0.00,33      0.11,70      0.11,86      0.00,50      0.00,50      0.11,75      0.05,4      0.08,85      0.08,85      0.08,97      0.16,94      0.38,40      2.37,33      0.43,73      0.81,86      0.27,86      33.3%,62      0.13,70      0.40,58      9.30,78      0.00,47      0.10,56      +0.03,76      +0.03,76      24.14,3      35.14,4      68.7%,4      466.06,6      207.32,13      8.52,8      10.83,12      78.6%,6      12.50,6      16.01,7      78.1%,7      2.69,13      6.84,35      39.4%,3      0.04,82      0.32,72      2.48,36      0.27,67      0.05,73      33.74,8      1.24,25      0.38,6      0.05,67      0.22,34      0.16,64      0.86,73      0.00,49      0.00,49      0.00,50      0.00,50      0.16,31      0.16,87      0.97,66      0.65,61      0.05,82      0.05,90      0.16,85      0.05,91      0.00,31      0.05,46      0.05,59      0.00,47      0.00,48      0.00,35      0.00,46      0.00,48      1.99,81      0.81,55      1.46,90      0.43,57      0.11,72      0.92,75      1.46,73      63.0%,55      0.54,25      2.05,96      1.35,93      0.70,83      1.29,61      3.29,77      4.47,70      0.11,14      47.53,12      8.03,55      23.34,9      20.26,19      4.37,72      2.05,97      47.53,12      0.43,75      0.27,67      62.5%,33      0.16,20      37.5%,33      20.59,7      107.95,15      50.87,12      0.32,45      0.11,94      0.54,23      0.22,31      20.21,1      0.00,54      1.08,18      0.65,73      0.22,1      0.00,47      0.11,7      0.00,57      6.90,88      3.07,75      1.67,35      64.8%,64       https://fbref.com/req/202302030/images/headshots/a8c19eb8_2022.jpg
Aaron Lennon
MF      0.12,67      0.00,10      0.12,38      0.12,67      0.00,46      0.00,45      0.12,67      0.00,54      0.06,42      0.06,43      0.03,8      0.09,18      2.21,67      1.10,1      4.47,72      0.70,20      0.23,33      33.3%,65      0.17,91      0.50,91      20.10,58      0.00,32      0.09,74      +0.05,83      +0.05,83      14.62,4      22.17,3      66.0%,8      190.33,3      45.44,3      9.05,5      11.43,5      79.2%,6      3.77,4      5.92,4      63.7%,4      0.58,2      1.62,3      35.7%,8      0.03,9      0.52,14      0.81,3      0.23,7      0.12,47      21.47,5      0.52,13      0.06,8      0.00,7      0.06,13      2.32,66      0.17,42      0.12,54      0.12,63      0.00,28      0.00,43      0.17,36      1.10,30      1.91,23      1.22,17      0.00,23      0.29,86      0.12,50      0.29,90      0.00,20      0.23,56      0.06,17      0.00,37      0.12,99      0.00,35      0.06,89      0.00,46      1.91,42      0.99,38      0.58,21      0.75,40      0.58,93      0.58,23      1.97,42      29.4%,21      1.39,41      1.51,72      0.23,51      1.28,78      0.52,12      2.44,30      0.81,26      0.00,71      31.45,1      1.22,21      4.93,5      12.88,4      14.10,45      2.44,75      31.45,1      1.74,52      0.75,33      43.3%,9      0.99,25      56.7%,9      16.60,1      95.22,8      42.82,9      0.58,12      1.16,93      1.45,51      0.75,69      19.38,1      0.00,52      1.10,57      1.16,60      0.23,13      0.00,42      0.06,7      0.00,51      4.24,7      0.41,12      1.22,35      25.0%,4       https://fbref.com/req/202302030/images/headshots/2ff964a0_2022.jpg
Wout Weghorst
FW      0.12,12      0.19,75      0.31,25      0.12,14      0.00,32      0.00,30      0.19,43      0.00,55      0.30,37      0.30,47      0.09,25      0.38,39      0.43,6      1.61,37      5.03,16      1.86,12      0.43,2      23.3%,2      0.07,20      0.29,43      14.00,64      0.00,39      0.16,83      -0.17,9      -0.17,9      17.13,58      26.94,70      63.6%,17      183.48,40      45.93,57      11.42,65      16.14,75      70.8%,14      2.79,19      4.41,22      63.4%,22      0.43,25      0.68,24      63.6%,69      0.08,45      0.87,34      1.06,55      0.43,22      0.06,43      26.69,71      0.06,2      0.00,22      0.00,8      0.06,42      0.25,14      0.06,25      0.00,37      0.00,40      0.00,42      0.00,48      0.19,24      1.37,9      2.54,55      1.61,43      0.00,34      0.25,61      0.37,86      0.25,63      0.06,78      0.31,53      0.25,68      0.00,44      0.06,78      0.00,21      0.00,27      0.00,44      1.06,70      0.56,61      0.19,50      0.56,83      0.31,71      0.37,84      1.18,71      31.6%,66      0.81,32      0.99,71      0.31,96      0.68,52      0.37,70      1.43,68      0.81,60      0.00,54      38.86,70      1.24,80      4.16,70      18.93,86      15.95,34      3.60,19      38.86,70      1.43,27      0.81,39      56.5%,68      0.62,84      43.5%,68      18.06,43      67.59,16      19.24,9      0.56,14      0.19,7      2.48,66      1.80,32      25.70,57      0.00,53      1.86,11      1.12,45      0.56,47      0.00,30      0.00,52      0.00,51      4.03,78      3.41,84      4.90,14      41.0%,70       https://fbref.com/req/202302030/images/headshots/c4e87b8b_2022.jpg
Chris Wood
FW      0.17,25      0.00,5      0.17,4      0.13,19      0.03,70      0.03,66      0.03,86      0.00,55      0.24,24      0.22,22      0.05,9      0.27,6      0.33,4      1.37,22      4.31,12      1.67,7      0.57,11      34.0%,38      0.08,27      0.24,22      12.40,93      0.00,39      0.13,48      -0.08,34      -0.08,30      11.59,9      21.28,37      54.5%,1      138.57,11      33.14,22      8.35,32      13.70,61      61.0%,1      2.10,4      4.28,19      49.2%,1      0.33,19      0.53,11      62.5%,64      0.03,4      0.63,11      1.50,70      0.20,9      0.00,16      21.01,45      0.13,12      0.00,22      0.03,17      0.10,61      0.23,11      0.00,8      0.03,75      0.03,83      0.00,42      0.00,48      0.13,48      0.77,63      1.54,6      1.17,16      0.00,34      0.07,20      0.13,12      0.17,35      0.00,28      0.13,9      0.10,19      0.00,44      0.00,29      0.00,21      0.03,65      0.00,44      0.30,9      0.17,11      0.03,11      0.13,7      0.13,22      0.13,24      0.40,9      33.3%,75      0.27,93      0.60,30      0.20,83      0.40,14      0.07,12      0.37,6      0.40,32      0.00,54      29.80,20      0.70,35      2.00,14      14.67,52      13.20,9      3.17,7      29.77,20      0.60,2      0.20,4      33.3%,9      0.40,94      66.7%,9      12.19,4      35.01,1      10.29,1      0.30,2      0.10,1      2.81,57      0.67,91      23.32,35      0.00,53      1.10,55      0.57,9      0.87,16      0.03,71      0.00,52      0.00,51      1.54,2      6.82,99      6.38,7      51.6%,94       https://fbref.com/req/202302030/images/headshots/4e9a0555_2022.jpg
Jay Rodriguez
FW      0.13,16      0.13,50      0.26,12      0.13,17      0.00,32      0.00,30      0.20,37      0.00,55      0.31,40      0.31,57      0.14,55      0.45,58      1.17,24      1.24,16      3.91,9      2.67,71      0.72,30      26.8%,11      0.05,11      0.18,14      15.10,49      0.00,39      0.12,34      -0.18,7      -0.18,7      12.05,16      20.38,29      59.1%,4      158.84,22      43.76,50      8.27,27      12.05,43      68.6%,9      2.54,12      5.08,34      50.0%,2      0.59,48      1.24,50      47.4%,24      0.03,2      0.78,25      1.04,53      0.20,7      0.07,47      19.99,34      0.20,16      0.00,22      0.07,25      0.07,47      0.46,39      0.07,27      0.00,37      0.00,40      0.00,42      0.00,48      0.20,19      0.65,75      1.89,19      1.17,17      0.07,84      0.07,19      0.39,89      0.20,52      0.00,28      0.26,37      0.13,35      0.07,98      0.00,29      0.07,66      0.00,27      0.00,44      1.30,84      0.78,86      0.52,91      0.52,76      0.26,58      0.26,65      0.91,48      28.6%,55      0.65,48      1.24,84      0.07,47      1.17,88      0.26,47      1.56,78      0.78,55      0.00,54      32.04,34      1.04,61      4.82,84      13.15,32      14.33,17      3.52,12      32.04,34      0.98,9      0.52,14      53.3%,60      0.46,89      46.7%,60      14.98,16      73.72,22      28.98,19      1.17,50      0.20,9      1.89,88      0.85,84      21.88,25      0.00,53      2.02,7      1.04,39      1.11,6      0.00,30      0.00,52      0.00,51      2.41,30      3.58,86      4.36,17      45.1%,78       https://fbref.com/req/202302030/images/headshots/4ab53cdb_2022.jpg
Jóhann Berg Guðmundsson
MF      0.00,16      0.08,48      0.08,24      0.00,17      0.00,46      0.00,45      0.16,57      0.00,54      0.13,67      0.13,71      0.04,15      0.16,50      2.21,68      1.31,2      6.13,86      1.55,70      0.41,60      26.3%,38      0.00,17      0.00,17      19.90,61      0.16,85      0.08,65      -0.13,2      -0.13,2      17.07,8      27.85,9      61.3%,2      241.33,6      56.11,4      10.78,9      13.56,13      79.5%,8      4.08,5      6.94,5      58.8%,3      1.23,11      3.68,32      33.3%,4      0.07,36      0.49,11      0.57,1      0.90,58      0.74,99      27.44,12      0.16,2      0.00,2      0.16,48      0.16,37      3.59,82      0.08,19      0.08,52      0.08,61      0.00,28      0.00,43      0.25,16      1.39,12      1.88,21      1.31,21      0.00,23      0.08,45      0.33,94      0.16,69      0.00,20      0.16,29      0.16,54      0.00,37      0.00,40      0.00,35      0.00,41      0.00,46      1.31,18      0.49,8      0.57,21      0.57,20      0.16,34      0.41,11      1.63,25      25.0%,8      1.23,54      0.90,21      0.16,38      0.74,26      0.98,50      2.29,24      1.80,87      0.00,71      38.71,9      1.63,30      6.29,9      14.37,6      18.70,66      1.80,59      38.71,9      1.80,56      1.14,58      63.6%,58      0.65,50      36.4%,58      22.05,15      119.73,21      53.33,20      1.63,64      0.25,53      1.23,71      1.55,17      24.09,10      0.00,52      1.31,37      1.14,58      0.25,12      0.00,42      0.00,59      0.00,51      5.80,40      1.23,66      1.63,21      42.9%,45       https://fbref.com/req/202302030/images/headshots/f72293fc_2022.jpg
Ashley Barnes
FW      0.11,4      0.00,5      0.11,2      0.00,2      0.11,92      0.11,89      0.45,2      0.00,55      0.23,22      0.16,9      0.10,29      0.25,2      0.56,7      1.89,47      5.24,27      1.67,9      0.56,9      33.3%,33      0.00,2      0.00,2      17.30,15      0.00,39      0.09,15      -0.12,20      -0.16,19      13.59,35      22.05,47      61.6%,12      175.66,32      50.35,61      9.02,43      12.03,42      75.0%,30      3.34,32      5.79,45      57.7%,11      0.56,43      1.11,43      50.0%,35      0.11,70      0.89,35      2.34,93      0.56,32      0.11,68      21.27,47      0.11,7      0.00,22      0.11,39      0.11,66      0.22,9      0.00,8      0.00,37      0.00,40      0.00,42      0.00,48      0.67,1      0.67,71      2.01,27      1.34,24      0.00,34      0.00,6      0.33,73      0.33,84      0.00,28      0.11,6      0.11,24      0.00,44      0.00,29      0.00,21      0.00,27      0.00,44      1.23,81      0.22,14      0.22,60      0.78,99      0.22,42      0.22,52      1.00,58      22.2%,35      0.78,42      0.89,65      0.11,63      0.78,66      0.22,39      1.45,71      0.56,43      0.00,54      33.64,47      0.67,32      2.45,25      18.16,81      13.37,12      2.78,2      33.53,47      0.89,7      0.56,16      62.5%,89      0.33,96      37.5%,89      15.48,22      59.03,7      23.95,14      0.56,12      0.11,2      4.12,1      2.45,6      24.95,50      0.00,53      2.34,1      1.34,65      1.00,12      0.00,30      0.11,1      0.00,51      3.79,71      5.46,94      7.24,2      43.0%,76       https://fbref.com/req/202302030/images/headshots/2691c772_2022.jpg
Erik Pieters
FB      0.00,24      0.12,69      0.12,54      0.00,24      0.00,50      0.00,50      0.12,60      0.00,55      0.02,29      0.02,29      0.12,76      0.15,68      0.86,8      1.85,3      1.36,7      0.86,73      0.00,5      0.0%,5      0.00,24      24.90,6      0.00,41      0.02,4      -0.02,36      -0.02,36      29.84,19      42.90,19      69.5%,17      459.49,15      187.03,27      16.15,23      19.73,31      81.9%,7      10.48,15      13.81,14      75.9%,44      1.85,24      5.30,40      34.9%,15      0.04,10      0.25,2      1.97,29      0.12,2      0.12,10      32.79,12      9.74,59      0.25,11      0.12,77      0.37,73      1.73,32      9.49,85      0.00,24      0.00,30      0.00,31      0.00,47      0.37,5      1.73,15      1.48,24      0.99,18      0.25,67      0.00,16      0.12,80      0.12,71      0.00,29      0.12,25      0.12,46      0.00,31      0.00,41      0.00,41      0.00,40      0.00,47      3.45,98      1.85,93      1.85,89      1.36,97      0.25,62      2.10,99      3.45,97      60.7%,67      1.36,12      2.22,99      0.86,97      1.36,98      1.23,53      4.68,95      4.68,99      0.00,72      58.56,37      6.53,97      20.10,59      27.86,63      11.22,14      0.62,18      58.56,37      0.62,8      0.37,18      60.0%,71      0.25,86      40.0%,71      20.96,7      83.59,5      50.92,10      0.74,8      0.12,31      1.73,19      0.25,90      21.95,5      0.00,53      1.73,7      0.62,41      0.00,84      0.00,46      0.00,68      0.00,56      6.53,82      1.48,72      0.86,76      63.2%,90       https://fbref.com/req/202302030/images/headshots/1ef37668_2022.jpg
Matěj Vydra
FW      0.27,40      0.40,99      0.66,89      0.27,47      0.00,32      0.00,30      0.13,58      0.00,55      0.38,66      0.38,73      0.09,24      0.49,70      0.27,2      0.93,6      5.70,39      2.52,65      0.93,65      36.8%,58      0.11,49      0.29,43      15.10,49      0.00,39      0.15,74      -0.12,24      -0.12,22      9.94,4      14.18,4      70.1%,48      104.58,2      25.18,12      6.89,6      9.28,9      74.3%,24      1.33,1      2.12,1      62.5%,19      0.13,2      0.27,1      50.0%,35      0.08,40      0.80,27      0.13,1      0.27,14      0.00,16      13.92,6      0.13,11      0.00,22      0.00,8      0.00,14      0.27,16      0.13,42      0.00,37      0.00,40      0.00,42      0.00,48      0.13,50      0.13,99      1.86,17      1.72,52      0.00,34      0.00,6      0.00,1      0.13,25      0.00,28      0.40,71      0.40,91      0.00,44      0.00,29      0.00,21      0.00,27      0.00,44      1.59,94      0.93,96      0.40,78      0.53,78      0.66,98      0.40,86      0.93,50      42.9%,91      0.53,60      0.66,40      0.13,71      0.53,32      0.00,5      1.59,83      1.19,89      0.00,54      27.57,7      1.19,75      2.92,37      8.48,4      16.44,43      4.77,53      27.57,9      1.72,40      0.80,37      46.2%,34      0.93,53      53.8%,34      15.77,25      59.91,11      17.50,7      0.53,11      0.27,14      3.98,6      1.19,70      18.56,7      0.00,53      1.19,48      1.06,40      0.66,34      0.00,30      0.00,52      0.00,51      1.86,7      2.39,73      6.63,4      26.5%,17       https://fbref.com/req/202302030/images/headshots/0d4ceb32_2022.jpg