
Edouard Mendy
GK      0.91,90      3.00,10      2.12,13      75.5%,87      0.56,83      0.29,75      0.15,10      0.41,87      41.2%,87      0.18,73      0.18,25      0.00,37      0.00,37      0.0%,37      0.00,77      0.03,90      0.03,50      0.84,90      0.22,8      -0.05,52      2.44,6      5.68,6      43.0%,87      22.91,25      4.53,52      18.9%,10      25.3,2      5.21,10      26.0%,6      24.9,2      11.03,10      0.82,60      7.5%,79      1.35,67      14.9,54       https://fbref.com/req/202302030/images/headshots/33887998_2022.jpg
Antonio Rüdiger
CB      0.09,76      0.00,33      0.09,59      0.09,76      0.00,50      0.00,50      0.27,25      0.00,59      0.07,72      0.07,72      0.02,55      0.09,63      1.60,91      5.58,94      0.62,86      1.42,99      0.39,96      27.1%,46      0.06,46      0.23,42      19.90,5      0.00,47      0.05,12      +0.02,72      +0.02,72      65.74,87      75.14,86      87.5%,73      1238.50,86      395.08,78      25.65,88      27.46,88      93.4%,90      32.00,76      34.61,78      92.5%,69      7.32,92      10.94,88      66.9%,83      0.04,83      0.36,76      6.49,92      0.71,97      0.09,86      73.01,87      1.87,52      1.48,72      0.21,99      1.01,98      0.44,85      0.39,54      0.00,49      0.00,49      0.00,50      0.00,50      0.27,7      0.53,25      1.33,88      1.13,94      0.00,34      0.00,38      0.12,73      0.06,96      0.03,70      0.27,94      0.18,94      0.00,47      0.00,48      0.03,73      0.06,99      0.00,48      1.42,60      0.83,57      0.86,50      0.44,64      0.12,80      1.07,87      1.42,71      75.0%,90      0.36,61      0.59,4      0.33,6      0.27,27      0.83,18      2.25,36      2.70,19      0.03,61      83.62,86      6.26,17      30.07,41      45.10,90      8.84,90      1.42,78      83.62,86      0.36,66      0.18,48      50.0%,21      0.18,14      50.0%,21      52.84,92      263.51,90      154.56,87      2.14,98      0.09,90      0.59,20      0.24,24      64.79,92      0.00,54      1.04,19      0.36,46      0.00,75      0.06,99      0.00,67      0.00,57      5.43,57      1.66,15      0.59,98      73.7%,90       https://fbref.com/req/202302030/images/headshots/18b896d6_2022.jpg
Thiago Silva
CB      0.10,82      0.00,33      0.10,66      0.10,82      0.00,50      0.00,50      0.07,86      0.00,59      0.03,29      0.03,29      0.01,24      0.04,19      0.48,49      4.92,86      0.07,13      0.61,62      0.17,59      27.8%,49      0.17,81      0.60,74      12.20,40      0.00,47      0.05,12      +0.07,92      +0.07,92      82.73,98      89.46,98      92.5%,97      1543.79,98      692.90,99      30.94,94      32.37,93      95.6%,97      42.22,97      43.88,97      96.2%,98      8.05,97      10.83,87      74.3%,93      0.03,64      0.24,49      6.69,97      0.61,93      0.03,66      87.11,98      2.11,65      1.87,91      0.03,56      0.14,22      0.07,46      0.10,17      0.00,49      0.00,49      0.00,50      0.00,50      0.24,10      0.24,71      1.12,80      0.88,78      0.00,34      0.03,85      0.14,82      0.03,82      0.03,80      0.03,36      0.00,20      0.00,47      0.00,48      0.00,35      0.03,97      0.00,48      1.09,34      0.71,41      0.65,29      0.41,54      0.03,44      0.37,19      0.75,22      50.0%,19      0.37,57      1.83,92      1.05,75      0.78,87      1.49,78      2.58,56      3.40,36      0.00,81      98.56,98      12.33,94      42.62,94      53.35,97      2.85,51      0.82,41      98.56,98      0.24,48      0.20,54      85.7%,72      0.03,70      14.3%,72      62.69,96      336.70,94      217.66,94      0.82,77      0.00,30      0.24,78      0.10,64      73.63,97      0.00,54      0.41,87      0.41,50      0.03,41      0.03,98      0.00,67      0.00,57      7.27,96      1.90,33      1.05,81      64.4%,62       https://fbref.com/req/202302030/images/headshots/86e7deaf_2022.jpg
Mason Mount
AM      0.42,84      0.38,92      0.80,93      0.38,83      0.04,83      0.04,80      0.15,38      0.00,53      0.30,74      0.27,74      0.26,89      0.53,83      3.50,66      6.25,93      10.51,88      2.86,81      1.03,79      36.0%,51      0.13,62      0.37,69      17.90,47      0.23,84      0.10,50      +0.11,87      +0.11,87      38.01,88      48.68,88      78.1%,73      524.35,79      159.85,83      23.20,92      25.63,88      90.5%,89      10.13,76      13.18,80      76.9%,51      2.13,66      4.88,72      43.8%,27      0.26,97      2.21,90      2.67,76      2.32,97      0.38,83      44.14,87      4.30,81      0.61,72      0.38,81      0.30,69      5.83,93      0.15,19      3.43,94      1.49,87      1.64,98      0.00,42      0.23,25      1.33,22      4.53,87      3.05,83      0.84,96      0.08,11      0.38,85      0.19,49      0.00,25      0.72,94      0.46,88      0.19,99      0.00,30      0.04,53      0.04,72      0.00,46      1.56,69      0.61,33      0.38,38      0.65,65      0.53,96      0.38,40      1.30,46      29.4%,43      0.91,56      0.69,25      0.04,34      0.65,28      0.50,48      2.06,62      0.46,44      0.00,60      59.57,87      0.65,38      4.76,34      19.96,62      35.34,93      5.22,78      59.53,87      1.60,8      0.69,4      42.9%,19      0.91,78      57.1%,19      35.04,79      179.24,40      96.17,66      3.01,92      0.99,39      2.67,44      1.30,62      44.75,88      0.00,52      1.14,35      0.88,17      0.19,62      0.00,37      0.00,53      0.00,51      4.08,35      0.23,12      1.18,51      16.2%,6       https://fbref.com/req/202302030/images/headshots/9674002f_2022.jpg
Jorginho
MF      0.24,87      0.08,46      0.32,79      0.00,17      0.24,99      0.28,99      0.20,43      0.00,54      0.23,88      0.01,7      0.11,65      0.12,28      0.71,17      7.05,88      0.75,14      0.36,7      0.08,10      22.2%,26      0.00,17      0.00,17      32.60,1      0.00,32      0.04,17      +0.01,62      -0.01,46      66.56,96      74.72,96      89.1%,93      1036.64,94      286.15,92      34.13,99      36.74,99      92.9%,92      26.49,95      28.90,95      91.6%,90      3.60,63      5.54,59      65.0%,65      0.08,45      1.07,54      7.36,94      1.43,84      0.00,9      73.01,96      1.66,47      1.66,81      0.32,73      0.16,35      0.12,5      0.00,5      0.00,22      0.00,28      0.00,28      0.00,43      0.04,84      0.51,87      2.77,62      2.42,75      0.08,55      0.04,29      0.08,33      0.12,60      0.04,53      0.32,71      0.32,83      0.00,37      0.00,40      0.00,35      0.00,41      0.00,46      2.53,79      1.31,67      1.07,71      1.23,80      0.24,51      1.15,80      3.29,92      34.9%,31      2.14,8      1.07,40      0.16,37      0.91,45      1.43,83      3.96,79      0.83,29      0.04,29      83.39,96      2.02,47      16.71,81      51.43,96      15.80,56      0.51,15      83.11,96      0.83,19      0.63,23      76.2%,91      0.20,88      23.8%,91      46.52,88      194.53,73      95.58,74      1.07,35      0.04,13      0.87,92      0.75,71      62.60,96      0.00,52      1.19,46      1.50,82      0.00,77      0.00,42      0.00,59      0.00,51      8.24,94      0.51,22      1.03,55      33.3%,19       https://fbref.com/req/202302030/images/headshots/45db685d_2022.jpg
Marcos Alonso
FB      0.17,94      0.17,83      0.33,90      0.17,94      0.00,50      0.00,50      0.33,10      0.00,55      0.12,90      0.12,90      0.19,89      0.30,94      2.12,53      3.86,56      7.97,93      1.79,95      0.42,88      23.3%,47      0.09,69      0.40,71      18.70,54      0.37,99      0.07,65      +0.05,90      +0.05,90      47.43,77      61.72,80      76.9%,57      738.48,76      239.35,58      25.92,75      29.45,76      88.0%,44      16.07,69      19.85,68      81.0%,71      3.49,75      8.06,75      43.3%,52      0.14,82      1.79,89      2.78,54      1.41,85      0.62,85      49.42,73      12.17,88      1.12,76      0.08,60      0.33,64      6.19,92      8.26,59      2.78,92      1.58,97      0.96,90      0.00,47      0.12,71      1.62,21      3.86,92      2.74,94      0.66,88      0.12,75      0.25,94      0.08,51      0.00,29      0.42,92      0.29,89      0.08,88      0.00,41      0.04,84      0.00,40      0.00,47      1.70,29      1.20,44      0.83,27      0.50,23      0.37,89      0.71,23      1.50,28      47.2%,23      0.79,47      1.20,60      0.21,32      1.00,73      1.79,90      3.49,55      2.20,42      0.00,72      74.38,82      2.99,28      18.73,45      26.00,47      30.32,90      2.87,88      74.38,82      1.45,58      0.62,46      42.9%,14      0.83,29      57.1%,14      36.63,73      179.63,66      90.21,63      1.33,44      0.42,67      1.79,15      1.04,16      43.07,79      0.00,53      1.04,38      1.16,77      0.12,20      0.00,46      0.04,24      0.00,56      5.77,60      1.66,84      1.16,46      58.8%,78       https://fbref.com/req/202302030/images/headshots/f4290206_2022.jpg
César Azpilicueta
FB,CB      0.04,62,52      0.09,54,92      0.13,55,81      0.04,62,52      0.00,50,50      0.00,50,50      0.13,59,66      0.00,55,59      0.04,59,43      0.04,59,43      0.08,46,94      0.11,45,81      2.13,54,96      6.00,90,96      5.74,72,98      0.48,37,45      0.17,66,63      36.4%,81,68      0.09,69,56      0.25,57,46      14.70,86,20      0.00,41,47      0.08,78,43      0.00,66,62      0.00,66,62      64.61,93,86      77.70,92,90      83.2%,93,51      964.57,92,66      364.22,94,73      35.17,95,98      39.30,95,99      89.5%,64,49      24.57,92,57      27.96,89,57      87.9%,97,35      2.83,59,17      6.04,51,22      46.8%,66,19      0.10,66,98      0.74,44,96      4.52,89,80      0.83,40,98      0.09,7,83      70.74,95,85      6.65,16,90      1.09,75,46      0.04,44,62      0.00,6,5      2.04,38,98      5.57,14,91      0.00,24,49      0.00,30,49      0.00,31,50      0.00,47,50      0.30,14,3      1.35,41,3      2.09,60,97      1.87,73,98      0.00,9,34      0.09,58,94      0.13,81,81      0.00,14,38      0.00,29,31      0.35,88,99      0.26,84,98      0.00,31,47      0.04,90,97      0.04,86,82      0.00,40,46      0.00,47,48      2.22,60,87      1.22,46,83      0.78,24,44      1.17,93,99      0.26,68,97      0.70,20,61      1.52,31,78      45.7%,19,15      0.83,45,8      1.39,82,65      0.39,63,12      1.00,76,3      1.00,32,35      3.22,41,73      2.83,69,22      0.04,28,52      87.70,92,92      4.87,84,6      26.78,94,20      40.52,93,85      20.87,76,98      2.30,79,99      87.70,92,92      0.83,27,93      0.65,50,94      78.9%,98,59      0.17,93,15      21.1%,98,59      47.74,93,78      200.30,77,66      121.26,86,69      1.43,51,91      0.30,56,99      0.91,67,7      0.43,64,5      61.74,94,88      0.00,53,54      1.09,36,17      0.22,3,14      0.09,29,19      0.00,46,47      0.04,21,20      0.00,56,57      4.78,24,35      2.00,92,37      1.26,41,73      61.3%,86,48       https://fbref.com/req/202302030/images/headshots/53cad200_2022.jpg
Reece James
FB      0.24,98      0.43,99      0.68,99      0.24,98      0.00,50      0.00,50      0.19,36      0.05,5      0.15,98      0.15,98      0.28,98      0.44,97      2.51,68      7.19,94      9.80,98      1.79,97      0.48,93      27.0%,63      0.14,85      0.50,78      20.50,38      0.29,98      0.08,78      +0.09,97      +0.09,97      70.01,95      81.45,93      86.0%,97      1071.12,93      265.51,67      38.77,97      41.33,97      93.8%,97      24.58,93      28.63,92      85.8%,93      4.49,90      6.42,56      69.9%,95      0.23,98      2.32,97      3.24,66      2.46,97      0.72,93      69.48,92      11.78,85      1.59,92      0.10,68      0.39,75      5.21,85      9.46,84      0.72,76      0.34,77      0.24,77      0.00,47      0.19,40      1.55,28      4.25,97      3.33,99      0.34,72      0.19,88      0.24,93      0.14,80      0.00,29      0.53,94      0.43,97      0.05,73      0.05,93      0.00,41      0.00,40      0.00,47      1.59,24      1.21,45      0.68,19      0.87,73      0.05,6      0.43,7      1.06,10      40.9%,8      0.63,69      0.97,23      0.10,7      0.87,58      0.82,12      2.41,16      1.06,5      0.00,72      90.82,95      1.69,2      15.74,16      38.63,92      37.32,99      3.33,95      90.82,95      2.27,86      1.74,94      76.6%,95      0.53,55      23.4%,95      54.17,95      248.66,94      114.96,82      2.46,92      0.92,90      1.26,41      1.06,15      64.84,95      0.00,53      0.97,49      1.50,86      0.19,7      0.00,46      0.05,19      0.05,3      4.78,23      0.82,21      1.01,62      44.7%,31       https://fbref.com/req/202302030/images/headshots/1265a93a_2022.jpg
Kai Havertz
FW      0.40,80      0.15,63      0.55,71      0.40,86      0.00,32      0.00,30      0.15,50      0.00,55      0.43,80      0.43,86      0.11,43      0.54,78      3.18,84      3.08,78      10.10,93      2.79,78      1.14,83      41.1%,76      0.14,71      0.35,68      13.00,84      0.00,39      0.16,83      -0.03,45      -0.03,43      26.72,86      33.28,83      80.3%,92      314.53,78      59.40,73      17.91,91      20.30,91      88.2%,92      5.52,70      7.11,68      77.6%,77      0.60,50      0.80,34      75.0%,97      0.08,48      1.04,53      1.69,78      0.95,68      0.05,39      31.59,81      1.49,70      0.05,54      0.15,52      0.10,60      0.40,32      0.15,45      0.00,37      0.00,40      0.00,42      0.00,48      0.20,17      1.14,25      3.03,71      2.29,75      0.00,34      0.15,43      0.35,81      0.25,65      0.00,28      0.30,47      0.20,53      0.00,44      0.00,29      0.05,51      0.05,74      0.00,44      0.85,50      0.40,40      0.25,63      0.35,48      0.25,55      0.20,43      0.70,34      28.6%,55      0.50,63      1.39,93      0.05,34      1.34,91      0.20,35      1.04,45      1.59,98      0.05,4      46.92,83      1.69,96      4.48,78      17.51,76      25.17,88      6.37,89      46.92,84      2.09,50      0.90,45      42.9%,25      1.19,43      57.1%,25      26.72,81      154.58,73      70.60,71      1.14,48      1.69,93      3.28,30      1.59,43      36.77,84      0.00,53      1.99,9      1.24,57      0.60,40      0.05,81      0.00,52      0.00,51      3.08,50      1.89,58      2.59,52      42.2%,73       https://fbref.com/req/202302030/images/headshots/fed7cb61_2022.jpg
N'Golo Kanté
MF      0.10,64      0.20,89      0.30,76      0.10,65      0.00,46      0.00,45      0.10,75      0.00,54      0.08,48      0.08,50      0.11,64      0.18,54      3.65,93      8.07,96      3.15,59      0.86,30      0.46,65      52.9%,96      0.12,81      0.22,52      19.60,66      0.00,32      0.09,74      +0.03,75      +0.03,74      56.90,88      66.40,90      85.7%,81      821.73,78      230.36,76      31.98,95      35.28,96      90.6%,80      20.15,81      22.84,81      88.2%,68      2.18,36      3.10,25      70.5%,77      0.12,74      1.22,65      5.33,81      1.47,85      0.00,9      66.04,92      0.10,1      0.10,14      0.41,87      0.20,42      0.56,29      0.00,5      0.00,22      0.00,28      0.00,28      0.00,43      0.25,14      1.27,17      3.50,83      2.99,91      0.00,23      0.15,62      0.15,63      0.00,11      0.20,97      0.81,99      0.71,99      0.00,37      0.05,93      0.05,87      0.00,41      0.00,46      2.99,89      1.57,81      1.02,63      1.37,87      0.61,96      1.27,90      2.03,46      62.5%,98      0.76,88      1.88,92      0.10,25      1.78,96      1.57,88      4.57,92      0.41,3      0.00,71      78.43,92      1.17,17      13.96,62      39.19,78      26.14,92      1.47,47      78.43,92      2.44,75      1.78,88      72.9%,83      0.66,48      27.1%,83      46.50,88      257.01,91      139.24,92      3.30,97      0.51,75      1.78,37      1.42,23      58.68,92      0.00,52      1.12,55      0.56,16      0.00,77      0.00,42      0.00,59      0.00,51      7.77,84      0.71,46      0.71,75      50.0%,65       https://fbref.com/req/202302030/images/headshots/b9fbae28_2022.jpg
Andreas Christensen
CB      0.00,18      0.00,33      0.00,14      0.00,18      0.00,50      0.00,50      0.12,71      0.00,59      0.04,37      0.04,37      0.01,35      0.05,30      0.84,70      4.87,85      0.30,69      0.30,23      0.00,6      0.0%,6      0.00,18      19.70,6      0.00,47      0.12,70      -0.04,14      -0.04,14      72.25,93      80.37,93      89.9%,91      1273.24,91      446.63,90      29.78,93      32.19,92      92.5%,83      35.25,90      37.96,91      92.9%,76      6.02,73      8.12,51      74.1%,92      0.03,62      0.36,78      5.29,88      0.36,81      0.06,76      77.55,94      2.77,75      1.99,92      0.06,70      0.24,39      0.06,43      0.78,71      0.00,49      0.00,49      0.00,50      0.00,50      0.06,76      0.30,61      0.54,35      0.48,43      0.00,34      0.06,91      0.00,14      0.00,38      0.00,31      0.00,17      0.00,20      0.00,47      0.00,48      0.00,35      0.00,46      0.00,48      0.84,18      0.48,19      0.54,24      0.24,25      0.06,54      0.24,7      0.42,6      57.1%,36      0.18,88      0.84,13      0.36,7      0.48,62      1.74,91      2.59,57      3.43,38      0.06,45      88.86,93      8.84,65      38.80,82      46.44,91      4.09,71      0.30,2      88.86,93      0.24,49      0.24,62      100.0%,88      0.00,88      0.0%,88      49.51,85      230.72,77      133.26,78      0.90,78      0.00,30      0.18,91      0.06,78      63.65,91      0.00,54      0.66,61      0.42,51      0.00,75      0.00,47      0.00,67      0.00,57      6.62,87      2.89,69      2.29,8      55.8%,27       https://fbref.com/req/202302030/images/headshots/1cb49278_2022.jpg
Trevoh Chalobah
CB      0.19,98      0.06,82      0.25,99      0.19,98      0.00,50      0.00,50      0.12,69      0.00,59      0.07,74      0.07,74      0.02,51      0.09,60      1.49,90      5.47,91      0.87,90      0.56,56      0.43,99      77.8%,98      0.33,94      0.43,62      18.80,9      0.00,47      0.13,80      +0.12,97      +0.12,97      71.93,92      79.69,92      90.3%,92      1152.73,82      329.44,57      35.03,97      37.70,97      92.9%,85      32.11,77      34.04,76      94.3%,89      3.73,40      5.84,17      63.8%,76      0.03,69      0.25,51      6.58,94      0.37,82      0.00,32      77.39,92      2.24,67      1.68,85      0.19,94      0.19,29      0.25,76      0.56,65      0.00,49      0.00,49      0.00,50      0.00,50      0.06,73      0.43,39      0.87,60      0.75,70      0.00,34      0.00,38      0.06,52      0.06,97      0.00,31      0.12,75      0.12,90      0.00,47      0.00,48      0.00,35      0.00,46      0.00,48      2.48,93      1.68,94      1.37,86      1.12,98      0.00,17      1.49,98      1.93,92      77.4%,94      0.43,48      0.99,23      0.37,9      0.62,76      1.18,59      3.66,88      2.67,17      0.12,8      89.57,94      4.22,3      29.69,40      51.74,96      8.57,88      0.62,22      89.57,94      0.75,90      0.62,90      83.3%,68      0.12,28      16.7%,68      50.68,88      197.27,65      105.78,59      2.11,97      0.00,30      0.62,18      0.43,5      66.46,93      0.00,54      1.18,9      0.87,88      0.00,75      0.00,47      0.06,17      0.00,57      4.60,29      1.99,35      1.74,29      53.3%,20       https://fbref.com/req/202302030/images/headshots/5515376c_2022.jpg
Romelu Lukaku
FW      0.45,81      0.00,5      0.45,52      0.40,84      0.06,81      0.06,78      0.06,80      0.00,55      0.37,65      0.33,65      0.17,76      0.50,75      1.64,43      1.08,12      7.08,73      2.38,57      0.79,40      33.3%,33      0.17,85      0.50,93      13.80,70      0.06,84      0.14,62      +0.08,88      +0.07,88      13.08,27      18.52,17      70.6%,52      148.79,17      23.51,7      8.89,42      10.99,25      80.9%,60      2.44,11      3.68,11      66.2%,32      0.34,20      0.68,22      50.0%,35      0.10,60      1.36,71      0.57,16      0.51,27      0.00,16      16.77,14      1.59,73      0.00,22      0.11,40      0.00,14      0.40,30      0.00,8      0.00,37      0.00,40      0.00,42      0.00,48      0.17,32      0.79,60      2.83,61      1.98,66      0.00,34      0.28,66      0.17,24      0.34,86      0.06,71      0.28,45      0.00,3      0.00,44      0.17,98      0.00,21      0.11,96      0.00,44      0.11,1      0.06,2      0.00,4      0.06,2      0.06,4      0.06,7      0.28,4      20.0%,27      0.23,94      0.62,34      0.06,37      0.57,40      0.00,5      0.11,1      1.13,86      0.00,54      27.36,6      1.19,73      1.64,6      11.21,14      14.67,19      5.10,68      27.30,6      1.42,25      0.74,29      52.0%,55      0.68,76      48.0%,55      13.42,9      67.06,14      32.28,32      0.85,40      0.96,55      2.10,81      1.42,55      20.39,17      0.00,53      0.45,99      0.68,17      0.79,20      0.17,96      0.00,52      0.00,51      1.87,9      2.89,80      2.66,48      52.0%,96       https://fbref.com/req/202302030/images/headshots/5eae500a_2022.jpg
Mateo Kovačić
MF      0.12,66      0.29,96      0.40,88      0.12,67      0.00,46      0.00,45      0.23,31      0.00,54      0.09,54      0.09,56      0.18,88      0.27,76      2.43,74      7.80,93      2.14,46      1.27,54      0.35,50      27.3%,43      0.09,68      0.33,72      20.30,56      0.06,72      0.07,56      +0.02,72      +0.02,71      61.29,94      69.49,94      88.2%,89      983.30,91      235.22,79      31.02,92      33.50,92      92.6%,90      23.40,89      26.17,89      89.4%,80      4.45,75      6.12,65      72.6%,83      0.17,89      1.56,83      7.34,93      1.33,81      0.06,27      68.34,94      0.98,25      0.87,54      0.69,98      0.46,75      0.35,17      0.06,15      0.00,22      0.00,28      0.00,28      0.00,43      0.17,38      0.69,69      3.99,91      3.35,97      0.00,23      0.23,79      0.17,71      0.17,72      0.06,63      0.46,90      0.40,92      0.00,37      0.00,40      0.00,35      0.00,41      0.06,98      2.95,88      1.79,92      0.81,44      1.50,93      0.64,99      0.98,63      2.02,45      48.6%,80      1.04,66      1.10,41      0.23,49      0.87,40      0.40,6      3.35,63      0.52,11      0.06,19      79.02,93      1.27,22      12.54,54      47.72,92      19.81,74      0.87,29      79.02,93      2.95,83      2.20,95      74.5%,86      0.75,35      25.5%,86      50.55,96      292.82,97      145.74,96      3.64,99      0.17,45      1.04,83      1.27,28      62.16,95      0.00,52      1.39,31      1.16,59      0.00,77      0.00,42      0.00,59      0.00,51      6.41,57      0.29,4      0.29,99      50.0%,65       https://fbref.com/req/202302030/images/headshots/79c0821a_2022.jpg
Timo Werner
FW,AM      0.28,43,58      0.07,23,18      0.35,34,44      0.28,52,63      0.00,32,40      0.00,30,38      0.07,73,67      0.00,55,53      0.48,88,93      0.48,91,94      0.02,1,1      0.50,73,79      3.23,86,54      1.26,17,2      10.10,94,84      3.16,93,90      1.12,81,87      35.6%,48,47      0.09,34,38      0.25,27,30      13.30,80,96      0.00,39,27      0.15,74,87      -0.20,4,2      -0.20,4,2      20.83,73,22      28.20,73,20      73.9%,67,46      250.92,63,12      33.53,24,1      13.82,78,34      16.13,73,33      85.7%,84,53      4.84,61,12      6.45,57,10      75.0%,66,42      0.56,45,11      1.12,45,6      50.0%,35,49      0.06,14,2      0.56,6,1      0.63,24,3      0.63,39,10      0.07,51,14      27.08,73,22      0.98,45,26      0.07,63,21      0.21,70,54      0.07,48,22      1.61,81,37      0.35,80,54      0.07,78,31      0.00,40,19      0.00,42,23      0.00,48,42      0.14,45,56      1.54,4,10      2.10,34,10      1.61,42,16      0.00,34,18      0.14,38,24      0.35,83,80      0.00,4,3      0.00,28,25      0.35,60,48      0.28,75,67      0.00,44,37      0.00,29,30      0.07,72,81      0.00,27,31      0.00,44,46      0.56,24,7      0.28,24,8      0.21,57,16      0.21,19,15      0.14,25,24      0.14,25,4      1.40,83,49      10.0%,7,3      1.26,6,31      0.63,35,17      0.00,11,13      0.63,45,10      0.14,24,4      0.70,19,2      0.28,16,24      0.00,54,60      38.58,65,16      0.14,2,3      2.17,19,3      11.93,19,3      25.04,86,69      7.72,98,96      38.58,66,16      2.31,53,29      0.70,24,7      30.3%,6,3      1.61,20,42      69.7%,6,3      22.66,70,13      157.55,75,26      70.78,73,25      1.19,52,13      2.03,98,85      2.39,70,57      1.33,65,61      31.01,75,29      0.00,53,52      0.77,78,72      0.84,32,13      0.77,29,3      0.00,30,37      0.00,52,53      0.00,51,51      2.60,35,1      0.42,11,30      1.12,93,60      27.3%,21,30       https://fbref.com/req/202302030/images/headshots/49fe9070_2022.jpg
Hakim Ziyech
AM      0.27,57      0.20,69      0.48,61      0.27,62      0.00,40      0.00,38      0.20,21      0.00,53      0.23,52      0.23,57      0.20,69      0.43,61      3.41,62      6.00,90      9.69,80      3.55,97      1.30,96      36.5%,53      0.08,31      0.21,26      21.20,12      0.20,83      0.07,14      +0.04,67      +0.04,67      37.12,84      51.52,89      72.1%,37      541.43,83      170.45,90      22.93,89      25.93,89      88.4%,84      9.62,70      13.92,84      69.1%,21      2.73,80      6.69,89      40.8%,15      0.21,90      1.98,83      3.28,87      1.91,83      0.55,96      47.08,90      3.96,79      0.82,79      0.27,63      0.34,74      6.89,97      1.02,89      2.12,84      0.61,65      1.36,96      0.00,42      0.48,3      1.84,4      4.57,88      3.28,88      0.34,72      0.41,74      0.27,54      0.27,70      0.00,25      0.41,61      0.41,84      0.00,37      0.00,30      0.00,23      0.00,31      0.00,46      1.30,49      0.68,49      0.34,33      0.82,84      0.14,22      0.68,72      2.46,88      27.8%,35      1.77,8      0.75,37      0.07,57      0.68,35      0.68,70      1.98,58      0.68,67      0.00,60      66.05,93      0.61,34      5.46,52      23.54,80      37.73,96      3.55,47      66.05,93      4.44,84      1.91,74      43.1%,20      2.52,8      56.9%,20      44.08,94      220.94,83      99.83,69      2.12,67      1.36,63      3.07,22      1.64,39      48.24,93      0.00,52      1.64,8      1.98,80      0.34,42      0.00,37      0.00,53      0.00,51      5.94,90      0.82,63      0.96,74      46.2%,89       https://fbref.com/req/202302030/images/headshots/6622454d_2022.jpg
Ruben Loftus-Cheek
MF      0.00,16      0.13,75      0.13,44      0.00,17      0.00,46      0.00,45      0.06,84      0.00,54      0.08,50      0.08,51      0.15,83      0.23,67      4.45,98      6.97,87      3.42,64      1.23,51      0.39,54      31.6%,57      0.00,17      0.00,17      18.60,71      0.00,32      0.06,44      -0.08,8      -0.08,8      56.56,87      63.34,86      89.3%,94      840.93,80      196.66,63      32.73,97      35.32,97      92.7%,91      20.34,83      22.92,83      88.7%,76      2.13,34      2.71,19      78.6%,91      0.15,87      1.16,61      4.97,76      1.29,79      0.00,9      61.72,88      1.55,46      0.65,44      0.32,75      0.06,16      0.45,25      0.90,92      0.00,22      0.00,28      0.00,28      0.00,43      0.06,75      0.45,93      3.62,86      2.84,87      0.00,23      0.19,69      0.26,82      0.19,75      0.13,93      0.39,81      0.19,62      0.00,37      0.00,40      0.13,98      0.00,41      0.06,99      1.87,39      0.65,14      1.03,67      0.71,34      0.13,25      0.65,31      1.23,11      52.6%,88      0.58,94      0.97,28      0.39,76      0.58,14      0.71,25      2.58,36      1.10,50      0.00,71      75.67,89      1.29,23      11.75,50      44.03,89      21.11,78      2.58,79      75.67,89      3.87,94      2.71,99      70.0%,78      1.16,18      30.0%,78      46.74,90      284.01,96      171.15,99      3.23,96      0.58,79      1.74,38      2.13,8      57.27,89      0.00,52      1.16,50      2.65,99      0.13,25      0.00,42      0.00,59      0.00,51      7.04,71      2.32,93      1.16,41      66.7%,96       https://fbref.com/req/202302030/images/headshots/e97fd090_2022.jpg
Christian Pulisic
AM      0.42,83      0.14,42      0.56,72      0.42,85      0.00,40      0.00,38      0.14,43      0.00,53      0.34,83      0.34,85      0.09,11      0.43,67      3.07,49      2.65,35      7.53,60      1.95,43      0.77,51      39.3%,67      0.21,93      0.55,95      13.20,98      0.00,27      0.18,94      +0.08,79      +0.08,79      25.26,43      32.37,37      78.0%,71      323.58,33      64.26,21      16.74,60      19.47,61      86.0%,57      6.98,37      8.44,28      82.6%,80      0.49,3      0.91,2      53.8%,62      0.08,13      1.05,22      1.33,37      0.42,3      0.00,4      31.05,40      1.19,39      0.00,6      0.14,35      0.00,6      0.98,8      0.77,84      0.00,12      0.00,19      0.00,23      0.00,42      0.14,58      1.40,17      2.51,16      1.67,19      0.00,18      0.07,10      0.28,60      0.42,93      0.07,81      0.35,47      0.28,66      0.00,37      0.00,30      0.07,79      0.00,31      0.00,46      0.70,17      0.49,22      0.42,46      0.21,12      0.07,7      0.21,17      1.19,37      17.6%,10      0.98,48      0.84,40      0.00,13      0.84,47      0.35,21      1.05,13      0.70,70      0.00,60      46.33,44      0.49,24      5.09,43      18.00,47      24.14,66      4.81,71      46.33,44      3.98,78      1.74,66      43.9%,24      2.23,17      56.1%,24      30.63,58      195.70,65      86.02,47      2.16,69      1.26,54      3.49,13      1.74,34      35.65,57      0.00,52      1.05,39      2.16,88      0.28,49      0.00,37      0.00,53      0.00,51      3.70,20      0.84,65      1.95,24      30.0%,41       https://fbref.com/req/202302030/images/headshots/1bf33a9a_2022.jpg
Callum Hudson-Odoi
AM      0.09,15      0.19,66      0.28,24      0.09,16      0.00,40      0.00,38      0.09,61      0.00,53      0.23,56      0.23,60      0.20,66      0.43,62      6.27,97      3.84,61      9.54,79      1.68,29      0.65,37      38.9%,66      0.06,22      0.14,12      13.30,96      0.00,27      0.14,82      -0.14,6      -0.14,6      29.66,69      37.33,61      79.4%,79      416.60,62      91.78,49      18.99,75      21.70,75      87.5%,78      8.14,57      10.20,53      79.8%,69      1.40,44      3.09,48      45.5%,34      0.18,78      2.34,93      0.84,11      1.68,75      0.37,78      35.55,62      1.68,52      0.09,24      0.00,4      0.19,54      2.99,60      1.12,94      0.47,52      0.28,57      0.09,57      0.00,42      0.09,67      0.56,98      5.15,96      3.84,94      0.00,18      0.56,92      0.28,62      0.47,94      0.00,25      0.56,84      0.19,42      0.00,37      0.19,99      0.00,23      0.19,99      0.00,46      1.31,54      0.94,78      0.47,53      0.56,54      0.28,54      0.75,79      2.15,76      34.8%,66      1.40,26      0.75,35      0.00,13      0.75,39      0.19,10      1.50,34      0.56,57      0.09,3      46.50,46      0.75,49      3.46,15      15.53,30      28.35,81      5.24,79      46.50,46      2.43,31      1.50,46      61.5%,81      0.94,74      38.5%,79      32.18,71      242.59,89      147.54,97      2.90,89      2.81,96      2.06,71      1.87,29      37.42,67      0.00,52      0.94,52      1.59,67      0.37,38      0.09,98      0.00,53      0.00,51      3.65,17      0.37,25      0.75,85      33.3%,49       https://fbref.com/req/202302030/images/headshots/15f3ec41_2022.jpg
Ben Chilwell
FB      0.50,99      0.17,83      0.66,98      0.50,99      0.00,50      0.00,50      0.00,95      0.00,55      0.15,97      0.15,97      0.13,79      0.28,90      2.32,62      2.99,25      7.64,92      2.16,98      1.00,99      46.2%,92      0.23,97      0.50,78      17.70,62      0.00,41      0.07,65      +0.35,99      +0.35,99      44.50,64      57.62,69      77.2%,62      638.47,62      159.24,15      27.23,81      29.72,79      91.6%,93      12.45,37      16.27,36      76.5%,50      2.49,44      6.81,59      36.6%,21      0.12,77      1.66,88      1.16,3      1.00,60      0.17,20      44.17,55      13.28,95      1.83,93      0.00,19      0.00,6      5.31,86      7.31,29      4.15,98      2.82,99      0.33,80      0.00,47      0.17,54      1.49,31      2.99,82      1.66,67      1.16,94      0.00,16      0.17,85      0.00,14      0.00,29      0.17,37      0.00,5      0.17,98      0.00,41      0.00,41      0.00,40      0.00,47      1.33,14      0.50,3      0.33,1      1.00,90      0.00,3      0.33,1      0.83,5      40.0%,6      0.50,85      1.16,53      0.00,1      1.16,90      0.66,3      1.99,6      2.32,50      0.17,2      69.74,71      1.49,1      14.11,10      23.75,31      32.38,94      3.99,99      69.74,71      1.00,34      0.50,34      50.0%,35      0.50,62      50.0%,35      34.37,64      153.60,44      80.54,49      1.16,37      0.66,77      2.16,6      0.50,59      42.84,76      0.00,53      1.66,10      2.49,98      0.33,5      0.00,46      0.17,1      0.00,56      5.31,41      1.16,54      1.66,11      41.2%,21       https://fbref.com/req/202302030/images/headshots/d2424d1b_2022.jpg
Saúl Ñíguez
FB      0.00,24      0.00,10      0.00,6      0.00,24      0.00,50      0.00,50      0.19,39      0.00,55      0.06,73      0.06,73      0.09,58      0.17,73      0.75,4      2.81,23      5.06,69      0.94,79      0.19,68      20.0%,40      0.00,24      0.00,24      23.10,14      0.00,41      0.07,65      -0.06,9      -0.06,9      57.38,91      66.19,84      86.7%,97      895.69,88      192.19,31      31.50,92      34.69,92      90.8%,86      20.25,81      22.88,78      88.5%,97      3.75,82      5.44,42      69.0%,95      0.04,10      0.56,21      2.81,56      0.38,4      0.38,52      61.69,91      4.50,6      1.13,77      0.00,19      0.19,47      1.88,36      3.38,5      0.00,24      0.00,30      0.00,31      0.00,47      0.00,97      0.75,92      1.31,14      1.13,27      0.00,9      0.00,16      0.19,88      0.00,14      0.00,29      0.00,1      0.00,5      0.00,31      0.00,41      0.00,41      0.00,40      0.00,47      3.75,99      1.69,84      2.06,95      1.69,99      0.00,3      1.69,92      3.00,90      56.3%,50      1.31,13      2.63,99      0.56,84      2.06,99      1.31,60      5.06,97      1.88,21      0.19,1      80.63,90      2.06,10      20.63,61      41.06,94      19.13,61      2.44,81      80.63,90      0.56,6      0.38,18      66.7%,84      0.19,92      33.3%,84      37.88,79      166.31,52      65.81,25      0.75,9      0.19,43      1.69,22      2.06,1      55.69,91      0.00,53      1.69,9      0.00,1      0.00,84      0.00,46      0.00,68      0.00,56      3.38,1      1.50,73      2.06,3      42.1%,22       https://fbref.com/req/202302030/images/headshots/c14bc029_2022.jpg
Kurt Zouma
CB      0.04,51      0.00,33      0.04,36      0.04,51      0.00,50      0.00,50      0.04,90      0.00,59      0.05,54      0.05,54      0.00,18      0.05,31      0.48,50      1.43,10      0.09,19      0.26,14      0.09,23      33.3%,62      0.17,81      0.50,67      6.10,96      0.00,47      0.19,96      0.00,54      0.00,54      37.90,33      43.27,30      87.6%,75      718.31,33      238.82,23      12.99,39      13.99,30      92.9%,85      21.74,46      23.43,35      92.8%,74      2.77,15      5.24,13      52.9%,45      0.00,6      0.09,10      1.04,8      0.09,38      0.00,32      41.80,29      1.47,38      1.21,55      0.00,24      0.30,49      0.04,38      0.09,9      0.00,49      0.00,49      0.00,50      0.00,50      0.00,93      0.17,85      0.39,19      0.26,15      0.09,86      0.00,38      0.04,40      0.00,38      0.00,31      0.00,17      0.00,20      0.00,47      0.00,48      0.00,35      0.00,46      0.00,48      0.48,6      0.26,3      0.35,7      0.13,8      0.00,17      0.17,2      0.30,2      57.1%,36      0.13,92      1.34,59      1.13,83      0.22,18      1.47,77      1.95,30      5.72,99      0.00,81      54.01,34      10.61,87      30.40,43      22.52,29      1.47,12      0.65,25      54.01,34      0.13,25      0.04,19      33.3%,13      0.09,43      66.7%,13      30.84,38      141.63,36      76.53,35      0.26,39      0.00,30      0.26,75      0.00,93      33.52,35      0.00,54      0.48,80      0.26,25      0.00,75      0.00,47      0.00,67      0.04,4      3.98,12      2.17,45      1.34,61      61.7%,50       https://fbref.com/req/202302030/images/headshots/ce4246f5_2022.jpg