
Jordan Pickford
GK      1.66,33      4.86,71      3.31,67      66.5%,29      0.29,40      0.17,33      0.54,79      0.20,40      20.0%,40      0.03,13      0.03,83      0.00,37      0.00,37      0.0%,37      0.06,13      0.29,17      0.11,17      1.48,29      0.31,88      -0.07,44      7.77,83      22.34,90      34.8%,48      24.94,52      3.40,10      64.6%,94      46.4,98      7.63,52      81.6%,87      60.5,88      14.80,48      0.66,40      4.4%,25      1.00,38      14.9,54       https://fbref.com/req/202302030/images/headshots/4806ec67_2022.jpg
Michael Keane
CB      0.10,78      0.06,83      0.16,90      0.10,78      0.00,50      0.00,50      0.13,67      0.03,14      0.04,41      0.04,41      0.05,85      0.09,66      0.29,27      2.55,39      0.13,36      0.64,70      0.19,69      30.0%,52      0.15,76      0.50,67      12.70,33      0.00,47      0.06,22      +0.06,86      +0.06,86      29.88,17      39.13,18      76.4%,17      629.71,22      258.56,28      9.64,17      11.73,19      82.1%,12      14.73,13      17.25,13      85.4%,27      4.96,65      8.90,67      55.8%,55      0.02,35      0.26,54      2.68,44      0.16,59      0.00,32      38.04,19      1.03,18      1.03,38      0.03,54      0.48,66      0.03,29      0.00,4      0.00,49      0.00,49      0.00,50      0.00,50      0.06,69      0.29,67      0.61,41      0.42,30      0.03,75      0.00,38      0.13,80      0.00,38      0.03,76      0.03,35      0.03,44      0.00,47      0.00,48      0.00,35      0.00,46      0.00,48      1.48,65      0.81,54      1.03,65      0.42,55      0.03,40      0.90,73      1.45,72      62.2%,53      0.55,24      1.06,30      0.90,57      0.16,12      2.00,93      3.48,81      4.13,62      0.06,40      49.67,20      7.48,40      25.01,14      23.11,33      1.90,28      1.03,54      49.67,20      0.26,54      0.23,60      87.5%,73      0.03,72      12.5%,73      23.40,17      116.59,20      56.44,20      0.19,30      0.03,66      0.23,80      0.06,76      26.50,15      0.03,6      0.52,76      0.23,18      0.03,45      0.00,47      0.00,67      0.06,2      4.80,39      3.09,77      1.90,19      61.9%,52       https://fbref.com/req/202302030/images/headshots/c5b7c315_2022.jpg
Séamus Coleman
FB      0.03,55      0.00,10      0.03,12      0.03,55      0.00,50      0.00,50      0.14,58      0.00,55      0.04,60      0.04,60      0.03,6      0.07,16      1.36,27      3.25,44      2.61,31      0.27,11      0.03,10      12.5%,18      0.13,81      1.00,92      18.30,57      0.00,41      0.15,98      -0.01,54      -0.01,54      30.97,24      42.53,18      72.8%,33      499.44,21      222.90,47      16.84,31      19.28,28      87.3%,40      10.71,18      15.15,23      70.7%,16      2.58,47      5.69,46      45.2%,62      0.05,23      0.44,12      2.91,60      0.88,47      0.44,68      33.24,16      9.12,47      0.37,25      0.00,19      0.17,44      1.39,20      8.74,67      0.00,24      0.00,30      0.00,31      0.00,47      0.17,53      0.78,92      1.59,32      1.25,34      0.10,42      0.07,53      0.07,54      0.10,64      0.00,29      0.17,40      0.10,38      0.00,31      0.00,41      0.00,41      0.07,92      0.00,47      2.07,47      1.22,49      1.19,49      0.54,34      0.34,85      1.12,59      1.73,41      64.7%,82      0.61,73      1.02,33      0.37,58      0.64,29      1.08,36      3.15,36      2.71,66      0.07,16      52.49,16      4.17,73      16.98,29      24.84,38      11.35,16      1.08,42      52.49,16      1.66,67      1.15,80      69.4%,90      0.51,58      30.6%,90      23.62,15      127.85,20      63.43,20      1.02,23      0.14,34      1.02,62      0.68,36      24.16,11      0.00,53      0.47,90      0.58,29      0.07,41      0.03,95      0.00,68      0.03,8      6.37,79      0.85,25      0.78,89      52.1%,56       https://fbref.com/req/202302030/images/headshots/0420d84f_2022.jpg
Abdoulaye Doucouré
MF      0.07,54      0.14,79      0.21,62      0.07,55      0.00,46      0.00,45      0.21,41      0.00,54      0.08,50      0.08,52      0.07,40      0.15,45      1.17,35      4.01,43      1.92,42      1.21,50      0.39,56      32.4%,60      0.06,51      0.18,44      17.90,78      0.00,32      0.06,44      -0.01,54      -0.01,53      30.65,35      38.92,34      78.8%,48      453.05,30      108.48,21      17.38,47      20.61,51      84.3%,27      10.50,33      12.45,30      84.3%,50      1.60,20      2.55,13      62.5%,60      0.05,23      0.67,21      2.87,40      0.67,43      0.00,9      38.24,38      0.60,15      0.39,28      0.11,32      0.11,25      0.39,21      0.04,11      0.00,22      0.00,28      0.00,28      0.00,43      0.07,73      1.14,28      2.02,29      1.77,48      0.00,23      0.11,52      0.11,46      0.00,11      0.04,50      0.25,58      0.18,58      0.00,37      0.04,84      0.04,75      0.00,41      0.00,46      2.66,81      1.53,80      1.06,71      1.31,85      0.28,64      1.14,79      2.52,73      45.1%,70      1.38,42      1.17,46      0.28,58      0.89,42      0.99,50      3.65,71      1.14,55      0.00,71      49.31,33      2.23,55      11.67,49      26.43,38      12.03,31      1.56,51      49.31,33      1.45,40      0.75,32      51.2%,23      0.71,40      48.8%,23      24.62,23      124.16,24      62.79,33      0.99,31      0.21,50      1.53,47      0.78,64      27.10,21      0.00,52      1.38,32      0.57,18      0.04,53      0.00,42      0.00,59      0.00,51      7.56,80      1.24,67      1.31,31      48.6%,61       https://fbref.com/req/202302030/images/headshots/02b29014_2022.jpg
Richarlison
FW,AM      0.36,68,72      0.18,71,62      0.54,68,65      0.25,43,56      0.11,88,93      0.11,84,90      0.32,11,6      0.00,55,53      0.33,48,79      0.24,29,63      0.13,52,37      0.37,32,49      1.57,39,11      1.50,32,4      5.21,25,21      2.46,61,65      0.71,29,44      29.0%,20,21      0.10,41,46      0.35,68,63      16.40,26,64      0.07,88,66      0.10,22,50      +0.03,77,61      +0.01,75,52      12.09,17,1      20.26,27,3      59.7%,7,1      161.91,25,1      34.49,25,2      6.85,4,1      9.92,17,2      69.1%,11,1      3.42,35,2      5.03,30,2      68.1%,40,17      0.54,39,8      1.46,63,17      36.6%,7,11      0.07,29,11      1.03,48,20      0.75,32,8      0.46,25,4      0.04,35,8      19.83,32,3      0.29,22,7      0.04,47,16      0.11,35,26      0.11,63,42      1.36,71,25      0.07,30,7      0.00,37,12      0.00,40,19      0.00,42,23      0.00,48,42      0.14,39,52      1.03,35,57      2.46,48,15      1.61,40,15      0.00,34,18      0.11,30,16      0.32,63,72      0.39,88,92      0.04,60,61      0.32,57,44      0.18,50,38      0.00,44,37      0.00,29,30      0.11,91,94      0.04,68,70      0.00,44,46      1.43,89,61      0.82,91,67      0.64,96,71      0.54,80,52      0.25,57,48      0.54,93,62      1.11,66,29      48.4%,98,93      0.57,57,83      1.50,96,92      0.14,75,85      1.36,94,57      0.43,75,37      1.85,91,49      1.21,91,94      0.00,54,60      35.64,53,4      1.32,83,79      4.89,88,37      12.38,24,7      19.12,65,22      4.82,58,72      35.53,53,4      2.93,75,46      1.43,66,42      48.8%,46,42      1.46,25,49      50.0%,49,48      20.55,57,4      120.36,58,6      45.34,48,4      0.93,42,6      0.57,35,25      3.32,27,19      1.93,24,25      23.47,40,7      0.00,53,52      1.28,37,24      2.43,93,93      0.75,30,6      0.04,75,83      0.00,52,53      0.00,51,51      4.07,81,34      2.35,71,96      5.53,11,1      29.9%,30,39       https://fbref.com/req/202302030/images/headshots/fa031b34_2022.jpg
Demarai Gray
MF,AM      0.19,79,42      0.15,81,52      0.35,84,42      0.19,83,44      0.00,46,40      0.00,45,38      0.12,67,51      0.00,54,53      0.15,79,22      0.15,80,26      0.14,76,40      0.29,80,25      3.58,92,69      2.27,8,22      6.51,92,43      2.50,95,69      0.65,83,35      26.2%,36,19      0.08,62,31      0.29,65,38      20.50,53,17      0.15,84,75      0.06,44,6      +0.04,79,65      +0.04,79,65      21.36,13,29      29.60,13,26      72.2%,19,39      357.61,15,44      79.91,11,38      10.66,8,17      12.13,7,11      87.9%,56,83      7.01,13,40      9.47,13,43      74.0%,15,35      2.50,46,74      4.97,50,74      50.4%,26,51      0.13,82,54      1.58,84,62      0.89,4,12      0.89,58,29      0.27,75,60      25.48,8,16      4.08,81,80      1.19,72,93      0.12,36,28      0.19,40,57      4.97,92,85      0.23,51,39      2.16,90,85      1.12,86,80      0.92,94,92      0.00,43,42      0.04,85,92      1.19,25,39      3.39,80,48      1.92,59,34      0.58,84,85      0.42,96,75      0.27,83,50      0.19,75,52      0.00,20,25      0.19,42,20      0.12,34,19      0.04,78,79      0.00,40,30      0.04,79,54      0.00,41,31      0.00,46,46      1.15,11,43      0.73,21,56      0.50,17,57      0.38,8,31      0.27,60,49      0.38,8,42      0.85,3,16      45.5%,71,89      0.46,96,90      1.15,44,70      0.08,18,63      1.08,60,39      0.58,17,56      1.73,6,47      0.81,25,74      0.04,33,15      42.07,14,29      0.69,3,42      4.50,3,30      14.51,8,20      24.02,89,63      3.35,90,40      42.07,14,29      4.08,96,83      2.12,94,76      51.9%,25,54      1.92,5,22      47.2%,25,57      25.21,26,25      199.59,76,71      92.58,71,61      2.27,84,75      1.46,97,67      2.69,12,43      1.39,24,56      27.60,23,20      0.00,52,52      0.46,98,93      1.23,67,39      0.12,28,81      0.00,42,37      0.00,59,53      0.00,51,51      3.85,4,25      0.15,1,3      1.19,38,49      11.4%,1,2       https://fbref.com/req/202302030/images/headshots/4468ec10_2022.jpg
Anthony Gordon
MF,AM      0.16,73,34      0.08,46,21      0.24,64,19      0.16,77,37      0.00,46,40      0.00,45,38      0.16,58,37      0.00,54,53      0.14,69,16      0.14,73,19      0.15,82,48      0.29,79,22      2.91,83,42      2.01,6,11      5.40,79,25      1.73,77,31      0.71,87,43      40.9%,85,78      0.09,68,38      0.22,52,28      18.80,69,33      0.20,88,81      0.08,65,25      +0.02,69,54      +0.02,69,56      18.98,8,17      29.26,12,22      64.9%,7,12      268.46,9,15      75.98,8,34      10.44,8,15      13.39,10,16      77.9%,5,8      5.95,9,25      8.82,11,34      67.4%,7,15      1.10,8,28      3.62,29,52      30.4%,1,2      0.12,76,46      1.38,76,42      1.06,7,24      0.83,56,26      0.32,83,67      25.56,9,17      3.51,76,76      0.98,63,85      0.08,29,20      0.12,27,43      4.69,88,80      0.24,53,40      1.97,88,83      1.02,81,76      0.71,90,88      0.00,43,42      0.20,28,34      1.10,29,51      3.03,72,39      1.50,35,12      0.55,80,83      0.24,82,46      0.12,54,16      0.55,99,98      0.08,76,85      0.20,46,22      0.04,10,3      0.08,92,88      0.00,40,30      0.00,35,23      0.08,92,89      0.00,46,46      2.13,54,90      1.26,61,85      0.79,42,84      1.18,77,98      0.16,32,29      0.83,48,89      2.32,63,85      35.6%,36,67      1.50,31,19      1.93,94,99      0.12,31,75      1.81,97,51      0.87,38,80      2.99,47,92      0.67,17,63      0.00,71,60      43.96,17,33      0.83,7,56      6.42,12,67      15.20,9,25      23.32,87,57      3.07,87,25      43.96,17,33      3.15,88,54      1.50,79,44      47.5%,13,35      1.65,10,37      52.5%,13,35      23.71,20,19      193.19,72,61      90.24,67,58      2.09,80,65      1.22,95,52      2.91,8,33      1.46,21,49      26.55,18,16      0.00,52,52      0.98,67,47      2.52,98,94      0.32,10,46      0.08,96,96      0.00,59,53      0.00,51,51      4.57,12,56      0.67,38,49      1.50,25,38      30.9%,16,44       https://fbref.com/req/202302030/images/headshots/2bd83368_2022.jpg
Allan
MF      0.00,16      0.08,50      0.08,25      0.00,17      0.00,46      0.00,45      0.29,19      0.04,4      0.01,3      0.01,3      0.03,10      0.05,4      1.07,32      5.36,72      0.74,13      0.29,4      0.12,15      42.9%,88      0.00,17      0.00,17      24.50,19      0.00,32      0.03,8      -0.01,53      -0.01,52      32.08,42      40.49,40      79.2%,49      530.52,43      172.83,54      14.68,35      16.70,33      87.9%,56      13.89,54      16.57,51      83.8%,48      2.35,42      4.21,42      55.9%,41      0.04,19      0.62,19      4.25,64      0.82,54      0.12,50      37.60,38      2.72,67      0.78,50      0.04,18      0.08,18      0.41,24      0.41,71      0.00,22      0.00,28      0.00,28      0.00,43      0.16,41      1.07,31      1.57,13      1.44,27      0.00,23      0.04,31      0.00,8      0.04,29      0.04,54      0.29,64      0.21,66      0.00,37      0.04,88      0.00,35      0.04,86      0.00,46      3.05,91      1.81,93      1.15,78      1.61,97      0.29,65      1.40,93      4.33,99      32.4%,27      2.93,1      1.65,81      0.37,72      1.28,79      0.95,48      4.00,80      1.61,77      0.04,29      51.91,42      3.17,79      13.36,58      31.46,58      7.87,8      0.29,9      51.91,42      1.28,31      0.87,44      67.7%,71      0.41,68      32.3%,71      26.80,34      128.55,26      66.09,37      0.99,30      0.16,43      1.57,45      0.99,46      27.71,24      0.00,52      1.24,42      0.91,38      0.00,77      0.04,91      0.00,59      0.00,51      7.87,85      0.45,16      0.62,84      42.3%,43       https://fbref.com/req/202302030/images/headshots/cc700722_2022.jpg
Mason Holgate
CB      0.08,73      0.04,77      0.13,78      0.08,73      0.00,50      0.00,50      0.30,20      0.04,7      0.05,57      0.05,57      0.00,17      0.06,39      0.17,17      1.69,15      0.08,18      0.30,20      0.08,22      28.6%,51      0.29,90      1.00,87      9.80,70      0.00,47      0.19,96      +0.03,78      +0.03,78      24.63,4      36.94,13      66.7%,2      512.80,7      194.00,6      8.10,6      10.97,15      73.8%,4      12.19,4      15.52,4      78.5%,8      3.96,41      8.98,69      44.1%,9      0.01,25      0.13,23      1.81,24      0.08,36      0.00,32      33.95,9      2.87,78      1.77,88      0.00,24      0.67,83      0.17,65      1.10,78      0.00,49      0.00,49      0.00,50      0.00,50      0.13,44      0.46,35      0.21,2      0.17,1      0.04,80      0.00,38      0.00,14      0.00,38      0.00,31      0.04,41      0.04,51      0.00,47      0.00,48      0.00,35      0.00,46      0.00,48      1.48,64      0.76,51      1.10,71      0.38,48      0.00,17      0.46,30      1.10,52      42.3%,10      0.63,17      1.05,29      0.72,38      0.34,38      1.10,45      2.57,55      4.01,57      0.04,54      46.01,7      6.58,22      23.03,8      20.88,23      2.45,40      0.59,18      46.01,7      0.17,35      0.08,28      50.0%,21      0.08,44      50.0%,21      20.12,3      104.13,12      56.26,19      0.30,44      0.04,71      0.13,99      0.30,18      21.38,4      0.00,54      1.10,14      0.63,71      0.00,75      0.00,47      0.00,67      0.04,6      4.43,27      2.57,59      1.31,66      66.3%,72       https://fbref.com/req/202302030/images/headshots/d0042ab9_2022.jpg
Ben Godfrey
CB,FB      0.00,18,24      0.00,33,10      0.00,14,6      0.00,18,24      0.00,50,50      0.00,50,50      0.27,27,18      0.00,59,55      0.06,66,80      0.06,66,80      0.04,69,8      0.10,72,34      1.02,77,16      2.97,51,24      1.15,91,2      0.80,85,69      0.27,83,81      33.3%,62,74      0.00,18,24      0.00,18,24      17.20,11,68      0.00,47,41      0.08,43,78      -0.06,4,6      -0.06,4,6      27.10,8,10      35.84,8,7      75.6%,14,50      459.98,4,16      162.66,3,18      12.29,30,6      14.86,38,5      82.7%,13,10      12.64,7,42      15.70,6,28      80.5%,12,66      1.60,1,12      3.50,2,8      45.6%,15,63      0.03,67,7      0.53,91,18      2.08,29,37      0.58,91,15      0.18,94,21      31.27,2,8      4.52,88,7      0.53,15,40      0.00,24,19      0.00,5,6      0.53,87,1      3.99,88,8      0.00,49,24      0.00,49,30      0.00,50,31      0.00,50,47      0.04,83,93      0.80,12,86      1.42,94,21      1.11,93,27      0.09,87,37      0.04,87,38      0.09,62,68      0.00,38,14      0.09,94,93      0.09,57,16      0.04,55,16      0.00,47,31      0.00,48,41      0.04,85,88      0.00,46,40      0.00,48,47      2.08,85,50      1.42,87,66      1.29,82,59      0.62,78,47      0.18,91,44      1.06,86,51      1.73,86,42      61.5%,47,69      0.67,14,68      1.82,90,95      0.84,50,95      0.98,97,86      0.67,12,5      2.75,61,24      4.44,69,98      0.09,28,8      47.91,13,6      6.25,15,95      22.13,3,72      19.65,18,11      6.56,82,1      1.02,51,40      47.91,13,6      0.53,81,5      0.40,82,20      75.0%,54,94      0.13,25,98      25.0%,54,94      20.23,4,5      109.38,18,12      56.78,22,16      1.06,82,27      0.00,30,5      1.06,4,56      0.18,41,95      23.11,8,7      0.00,54,53      0.75,52,67      0.53,66,24      0.00,75,84      0.00,47,46      0.00,67,68      0.00,57,56      4.17,15,6      1.60,10,76      1.91,18,6      45.6%,4,38       https://fbref.com/req/202302030/images/headshots/9f7c837d_2022.jpg
Alex Iwobi
MF,FB      0.09,58,84      0.09,56,56      0.18,56,73      0.09,59,84      0.00,46,50      0.00,45,50      0.04,90,85      0.00,54,55      0.10,57,88      0.10,63,88      0.12,67,72      0.22,64,82      1.95,61,46      4.56,51,72      4.60,73,58      1.06,42,86      0.27,40,80      25.0%,33,53      0.08,62,64      0.33,72,65      16.40,89,76      0.00,32,41      0.10,82,90      -0.01,45,46      -0.01,44,46      26.49,25,6      34.58,21,5      76.6%,38,55      401.57,23,8      142.94,40,10      14.33,33,11      16.19,26,10      88.5%,61,57      8.49,22,10      10.97,21,5      77.4%,25,53      2.12,33,33      3.94,38,18      53.9%,39,81      0.13,80,81      1.59,85,86      2.70,35,50      1.77,94,94      0.27,74,32      31.89,20,11      2.52,63,3      0.09,12,2      0.27,68,94      0.27,50,56      1.42,55,21      2.21,95,5      0.04,46,53      0.00,28,30      0.04,58,63      0.00,43,47      0.18,34,47      1.11,29,64      2.92,67,80      2.61,83,90      0.13,65,50      0.09,47,62      0.09,38,67      0.00,11,14      0.00,20,29      0.31,68,82      0.27,79,85      0.00,37,31      0.04,89,92      0.00,35,41      0.00,41,40      0.00,46,47      1.77,33,32      0.84,29,18      1.02,63,42      0.53,17,31      0.22,49,56      0.93,55,37      2.30,59,69      40.4%,53,7      1.37,42,11      1.72,85,94      0.13,34,15      1.59,92,64      0.88,42,21      2.65,37,21      1.11,51,6      0.09,12,10      46.53,20,5      1.77,36,3      10.35,38,2      17.51,14,6      19.28,67,63      2.70,82,85      46.53,20,5      2.52,77,89      1.42,75,89      56.1%,36,59      1.11,21,14      43.9%,36,59      25.70,29,28      146.57,42,36      73.42,47,34      1.64,66,71      0.84,88,85      1.95,29,11      1.19,32,10      28.22,25,32      0.00,52,53      0.71,85,71      0.27,3,7      0.13,24,18      0.00,42,46      0.04,10,20      0.00,51,56      5.75,38,58      0.40,11,2      0.93,63,70      30.0%,13,7       https://fbref.com/req/202302030/images/headshots/6ca5ec4b_2022.jpg
Andros Townsend
MF      0.19,77      0.12,73      0.31,79      0.12,70      0.06,94      0.06,94      0.19,50      0.00,54      0.14,67      0.09,58      0.19,91      0.28,78      2.54,76      3.09,26      6.19,88      1.24,52      0.56,75      45.0%,91      0.10,73      0.22,52      22.10,35      0.25,90      0.07,56      +0.05,82      +0.03,77      21.15,12      30.74,15      68.8%,13      326.91,13      115.67,23      11.44,13      13.55,12      84.5%,29      7.05,13      9.46,13      74.5%,17      1.73,27      5.07,52      34.1%,6      0.15,86      1.92,92      1.48,13      1.61,91      0.99,99      27.22,11      3.46,75      1.11,68      0.06,26      0.00,4      5.94,96      0.43,75      1.55,79      1.30,90      0.12,70      0.00,43      0.06,76      1.24,21      3.40,81      2.41,75      0.56,82      0.06,38      0.12,55      0.25,83      0.00,20      0.25,57      0.25,74      0.00,37      0.00,40      0.00,35      0.00,41      0.00,46      1.92,42      1.05,43      0.93,56      0.37,7      0.62,98      0.93,54      2.47,71      37.5%,42      1.55,26      1.73,86      0.12,33      1.61,93      0.87,36      2.78,42      0.37,2      0.06,16      43.79,16      0.80,6      7.30,17      15.90,12      21.22,79      1.67,56      43.73,16      2.97,85      1.61,83      54.2%,29      1.36,15      45.8%,29      24.74,25      158.97,50      71.20,45      1.73,71      0.43,71      2.72,11      1.18,33      26.60,19      0.00,52      0.62,92      2.41,96      0.06,44      0.00,42      0.06,6      0.00,51      4.95,17      0.43,13      1.11,47      28.0%,8       https://fbref.com/req/202302030/images/headshots/b28bbd58_2022.jpg
Dominic Calvert-Lewin
FW      0.35,66      0.14,55      0.49,60      0.21,34      0.14,96      0.21,98      0.14,55      0.00,55      0.46,83      0.29,45      0.11,45      0.40,45      0.63,11      1.19,14      3.51,2      2.10,30      0.77,35      36.7%,56      0.10,41      0.27,34      13.80,70      0.00,39      0.14,62      -0.11,27      -0.08,29      11.71,11      19.64,22      59.6%,6      126.76,6      28.62,19      7.79,20      11.86,40      65.7%,4      2.17,6      3.58,9      60.8%,16      0.21,7      0.28,2      75.0%,97      0.08,47      0.70,16      0.70,27      0.28,16      0.00,16      19.36,27      0.21,17      0.00,22      0.00,8      0.00,14      0.14,6      0.00,8      0.00,37      0.00,40      0.00,42      0.00,48      0.07,74      0.42,89      2.10,34      1.54,39      0.00,34      0.14,38      0.07,4      0.28,73      0.07,84      0.28,42      0.21,57      0.00,44      0.00,29      0.00,21      0.07,84      0.00,44      0.77,43      0.56,63      0.07,20      0.42,63      0.28,65      0.21,47      0.56,25      37.5%,83      0.35,81      0.35,4      0.14,73      0.21,1      0.21,37      0.98,42      0.84,63      0.00,54      31.43,27      1.05,63      2.88,35      13.61,42      14.94,24      3.65,20      31.22,25      0.77,6      0.14,1      18.2%,1      0.63,83      81.8%,1      13.61,11      61.66,12      15.22,4      0.21,1      0.14,6      3.51,17      0.91,81      23.01,34      0.00,53      1.19,50      1.12,47      0.28,81      0.07,86      0.00,52      0.00,51      2.39,29      6.59,96      6.52,6      50.3%,93       https://fbref.com/req/202302030/images/headshots/59e6e5bf_2022.jpg
Lucas Digne
FB      0.00,24      0.15,80      0.15,60      0.00,24      0.00,50      0.00,50      0.22,27      0.00,55      0.03,51      0.03,51      0.13,79      0.17,71      2.18,55      3.58,50      6.20,79      0.66,59      0.11,42      16.7%,29      0.00,24      0.00,24      20.40,41      0.15,93      0.05,35      -0.03,19      -0.03,19      41.55,59      56.83,66      73.1%,36      622.99,54      282.47,76      24.35,66      27.60,68      88.2%,49      13.28,47      17.93,49      74.1%,33      2.77,58      7.42,68      37.3%,24      0.11,68      1.92,93      2.73,51      1.22,79      0.66,90      43.69,54      13.03,94      1.37,85      0.04,40      0.26,55      6.35,93      9.45,82      2.21,89      0.70,85      0.89,88      0.04,95      0.11,73      1.59,24      3.25,88      2.21,84      0.85,90      0.11,71      0.00,16      0.07,49      0.00,29      0.30,77      0.18,73      0.07,86      0.00,41      0.00,41      0.04,81      0.00,47      1.70,28      1.07,32      1.25,55      0.26,3      0.18,46      1.11,58      1.73,44      63.8%,80      0.63,71      1.14,49      0.48,76      0.66,33      1.37,66      3.06,34      2.58,59      0.00,72      66.68,59      3.95,62      20.74,63      23.51,29      23.14,82      1.33,53      66.68,59      1.11,46      0.41,21      36.7%,7      0.70,40      63.3%,7      31.40,50      157.12,45      76.90,38      1.62,67      0.15,36      0.81,81      0.70,34      34.43,47      0.00,53      1.22,23      0.92,66      0.11,23      0.00,46      0.00,68      0.04,7      5.90,66      1.73,88      1.33,34      56.6%,69       https://fbref.com/req/202302030/images/headshots/1b84dbe1_2022.jpg
Vitaliy Mykolenko
FB      0.09,82      0.00,10      0.09,40      0.09,82      0.00,50      0.00,50      0.00,95      0.00,55      0.04,62      0.04,62      0.07,36      0.10,38      0.68,3      2.30,8      2.30,23      0.68,62      0.17,64      25.0%,53      0.13,81      0.50,78      19.00,51      0.00,41      0.06,49      +0.04,85      +0.04,85      27.21,11      39.67,11      68.6%,14      418.01,10      178.46,21      16.04,20      18.43,19      87.0%,33      8.19,6      13.22,12      61.9%,2      2.13,34      5.63,45      37.9%,28      0.07,44      0.68,34      1.79,20      0.60,21      0.43,63      29.18,3      10.49,75      1.36,84      0.09,62      0.00,6      3.50,68      8.87,69      0.26,67      0.09,67      0.17,73      0.00,47      0.00,97      0.94,79      1.36,18      0.85,14      0.43,79      0.00,16      0.00,16      0.09,55      0.00,29      0.26,68      0.09,32      0.09,89      0.00,41      0.00,41      0.09,95      0.00,47      2.13,55      1.28,54      1.28,58      0.60,40      0.26,66      1.02,47      1.79,46      57.1%,56      0.77,53      1.28,73      0.17,25      1.11,89      1.36,64      3.50,56      3.16,79      0.00,72      51.44,14      3.67,49      16.81,28      18.09,7      17.06,50      1.11,44      51.44,14      0.77,18      0.26,3      33.3%,5      0.51,56      66.7%,5      19.36,3      85.22,6      36.94,3      0.51,1      0.09,20      0.94,66      0.34,73      20.56,3      0.00,53      1.11,32      0.77,55      0.00,84      0.09,99      0.00,68      0.00,56      5.46,50      0.85,27      1.02,59      45.5%,37       https://fbref.com/req/202302030/images/headshots/30d4a2e5_2022.jpg
Jonjoe Kenny
FB      0.00,24      0.09,55      0.09,41      0.00,24      0.00,50      0.00,50      0.27,19      0.09,1      0.02,21      0.02,21      0.07,37      0.09,31      0.80,7      3.18,37      2.21,21      0.44,32      0.00,5      0.0%,5      0.00,24      23.70,10      0.00,41      0.04,23      -0.02,40      -0.02,40      31.03,25      42.26,16      73.4%,37      501.28,23      206.70,40      16.36,27      18.48,20      88.5%,57      10.79,20      14.68,19      73.5%,29      2.83,60      6.28,54      45.1%,60      0.05,24      0.97,66      3.09,63      0.88,49      0.62,84      33.68,19      8.22,29      0.27,15      0.09,64      0.00,6      2.03,37      7.96,50      0.00,24      0.00,30      0.00,31      0.00,47      0.35,10      0.71,93      1.86,49      1.41,45      0.18,56      0.18,85      0.09,66      0.00,14      0.00,29      0.18,44      0.18,69      0.00,31      0.00,41      0.00,41      0.00,40      0.00,47      1.50,20      0.62,6      0.97,36      0.53,29      0.00,3      1.15,63      1.86,53      61.9%,71      0.71,62      0.71,7      0.09,5      0.62,27      1.77,89      3.27,45      2.74,67      0.00,72      51.54,15      2.92,24      14.32,12      24.75,37      13.08,23      0.71,20      51.54,15      0.80,20      0.35,15      44.4%,16      0.44,63      55.6%,16      24.58,18      98.40,11      49.16,8      1.15,33      0.18,42      0.71,86      0.27,89      25.37,14      0.09,1      0.80,66      0.53,23      0.09,27      0.00,46      0.00,68      0.00,56      5.13,37      0.80,20      0.97,66      45.0%,33       https://fbref.com/req/202302030/images/headshots/099e666f_2022.jpg
Salomón Rondón
FW      0.11,6      0.11,40      0.23,9      0.11,9      0.00,32      0.00,30      0.34,6      0.11,1      0.21,11      0.21,17      0.08,17      0.30,14      0.57,9      1.03,9      4.67,14      2.39,58      0.68,25      28.6%,16      0.05,11      0.17,11      12.00,98      0.00,39      0.09,15      -0.09,29      -0.09,27      13.33,32      21.99,45      60.6%,11      160.63,24      21.65,4      8.77,40      13.22,57      66.4%,6      2.62,17      4.67,25      56.1%,9      0.57,47      0.57,16      100.0%,99      0.08,42      0.91,40      0.46,7      0.11,2      0.00,16      21.65,48      0.34,24      0.00,22      0.00,8      0.00,14      0.68,53      0.11,35      0.00,37      0.00,40      0.00,42      0.00,48      0.00,92      1.03,37      2.05,29      1.48,35      0.00,34      0.23,58      0.34,76      0.00,4      0.00,28      0.00,2      0.00,3      0.00,44      0.00,29      0.00,21      0.00,27      0.00,44      0.68,37      0.11,4      0.11,34      0.23,24      0.34,75      0.46,89      1.59,91      28.6%,55      1.14,14      0.57,22      0.00,11      0.57,42      0.00,5      0.68,16      1.14,88      0.00,54      32.47,37      1.37,84      3.42,50      12.87,27      16.29,39      4.78,57      32.47,37      1.14,16      0.46,9      40.0%,19      0.68,75      60.0%,19      14.70,12      56.05,6      15.95,6      0.46,7      0.11,4      2.85,52      1.14,75      23.35,37      0.00,53      1.37,29      0.46,4      0.57,45      0.00,30      0.00,52      0.00,51      2.28,24      4.33,91      6.38,9      40.4%,66       https://fbref.com/req/202302030/images/headshots/b318a643_2022.jpg
Fabian Delph
MF      0.00,16      0.00,10      0.00,6      0.00,17      0.00,46      0.00,45      0.27,24      0.00,54      0.00,1      0.00,1      0.01,4      0.01,2      0.27,4      4.62,53      0.41,3      0.27,3      0.00,2      0.0%,2      0.00,17      27.30,6      0.00,32      0.02,2      0.00,57      0.00,58      35.21,49      42.01,43      83.8%,73      627.01,54      194.00,60      16.99,46      18.76,43      90.6%,80      12.24,42      14.00,39      87.4%,67      4.76,77      6.53,69      72.9%,86      0.01,3      0.54,16      5.03,77      0.27,12      0.00,9      41.33,48      0.54,13      0.41,29      0.27,69      0.00,4      0.14,8      0.14,34      0.00,22      0.00,28      0.00,28      0.00,43      0.14,51      0.68,71      0.82,4      0.68,4      0.00,23      0.00,13      0.00,8      0.00,11      0.14,94      0.00,2      0.00,4      0.00,37      0.00,40      0.00,35      0.00,41      0.00,46      2.45,72      2.04,98      1.36,90      0.95,62      0.14,28      1.09,76      2.86,80      38.1%,44      1.77,18      1.63,79      0.68,99      0.95,50      1.90,96      4.35,90      1.36,66      0.00,71      51.93,42      2.72,70      14.00,63      31.40,57      6.80,5      0.00,1      51.93,42      0.95,23      0.68,28      71.4%,82      0.27,83      28.6%,82      29.23,44      118.01,19      45.82,11      0.27,1      0.00,5      1.09,79      0.00,99      30.73,37      0.00,52      1.09,60      0.82,33      0.00,77      0.00,42      0.00,59      0.00,51      8.29,95      0.68,41      0.54,91      55.6%,79       https://fbref.com/req/202302030/images/headshots/111c3236_2022.jpg
André Gomes
MF      0.00,16      0.15,80      0.15,48      0.00,17      0.00,46      0.00,45      0.44,4      0.00,54      0.10,58      0.10,63      0.03,8      0.12,25      0.87,21      3.63,38      1.89,41      2.04,86      0.58,79      28.6%,46      0.00,17      0.00,17      23.50,24      0.00,32      0.05,29      -0.10,4      -0.10,4      31.70,38      41.00,41      77.3%,39      507.58,39      154.12,43      16.87,45      19.48,45      86.6%,44      10.90,36      12.94,33      84.3%,50      2.76,53      5.38,55      51.4%,32      0.03,10      0.58,17      4.22,63      0.58,33      0.29,79      39.11,41      1.89,53      0.58,39      0.00,7      0.00,4      0.87,41      0.00,5      0.15,57      0.15,63      0.00,28      0.00,43      0.00,93      1.31,17      3.05,73      2.04,65      0.00,23      0.73,99      0.15,62      0.15,67      0.00,20      0.44,87      0.29,80      0.00,37      0.15,99      0.00,35      0.00,41      0.00,46      2.33,67      0.58,11      0.87,49      0.87,50      0.58,94      1.16,82      4.65,99      25.0%,8      3.49,1      1.16,45      0.29,60      0.87,41      0.15,1      2.47,32      1.02,46      0.15,4      54.67,46      2.04,49      9.31,30      30.68,54      15.56,55      0.87,29      54.67,46      2.62,78      1.74,88      66.7%,67      0.87,30      33.3%,67      28.50,42      124.75,25      64.70,35      1.16,40      0.15,41      3.05,5      2.33,4      32.57,43      0.00,52      3.49,1      1.16,63      0.00,77      0.00,42      0.00,59      0.00,51      7.71,83      1.16,63      1.31,32      47.1%,54       https://fbref.com/req/202302030/images/headshots/1961b2aa_2022.jpg
Donny van de Beek
MF      0.32,92      0.00,10      0.32,81      0.32,94      0.00,46      0.00,45      0.16,58      0.00,54      0.24,91      0.24,93      0.06,33      0.32,83      0.48,9      3.87,41      2.26,48      1.13,48      0.32,47      28.6%,46      0.29,99      1.00,96      17.20,83      0.00,32      0.22,99      +0.08,91      +0.08,91      37.42,54      45.81,53      81.7%,62      496.77,37      142.26,38      20.97,64      24.03,67      87.2%,50      12.58,46      14.68,42      85.7%,59      0.65,3      2.10,8      30.8%,2      0.06,35      0.81,33      3.71,56      0.97,62      0.00,9      44.03,56      1.45,44      0.16,17      0.32,75      0.16,36      0.97,45      0.16,41      0.16,58      0.16,64      0.00,28      0.00,43      0.32,9      0.97,44      2.26,42      1.94,60      0.00,23      0.16,65      0.16,67      0.00,11      0.00,20      0.16,28      0.16,52      0.00,37      0.00,40      0.00,35      0.00,41      0.00,46      3.39,98      1.77,91      1.94,98      1.13,73      0.32,75      1.13,78      2.42,67      46.7%,74      1.29,45      1.77,87      0.48,88      1.29,80      1.29,78      4.68,96      0.81,25      0.00,71      58.39,54      2.10,52      12.58,54      31.94,59      14.68,48      1.61,54      58.39,54      2.26,73      0.65,25      28.6%,2      1.61,12      71.4%,2      28.06,40      110.32,13      46.94,13      0.81,21      0.00,5      1.29,66      1.45,21      34.03,46      0.00,52      1.45,29      0.48,12      0.00,77      0.00,42      0.00,59      0.00,51      6.77,67      1.29,69      1.13,45      53.3%,72       https://fbref.com/req/202302030/images/headshots/50dc94ce_2022.jpg
Dele Alli
MF      0.09,60      0.00,10      0.09,29      0.00,17      0.09,97      0.09,96      0.36,8      0.00,54      0.15,78      0.08,53      0.05,29      0.14,35      1.36,43      2.80,18      3.89,67      0.54,12      0.18,22      33.3%,65      0.00,17      0.00,17      20.40,55      0.00,32      0.15,95      -0.06,15      -0.08,7      26.32,25      34.82,21      75.6%,33      366.24,17      90.18,17      15.20,38      18.54,41      82.0%,19      7.15,14      8.86,12      80.6%,38      1.72,26      2.89,21      59.4%,51      0.07,40      0.81,34      2.17,25      0.63,39      0.18,62      31.66,17      2.80,68      0.63,43      0.36,83      0.18,38      0.54,28      0.81,87      0.09,53      0.00,28      0.00,28      0.00,43      0.36,6      0.90,50      1.81,20      1.45,28      0.09,57      0.00,13      0.00,8      0.27,88      0.00,20      0.18,39      0.09,27      0.00,37      0.00,40      0.00,35      0.09,96      0.00,46      1.90,40      0.90,31      1.18,79      0.63,27      0.09,16      0.45,13      1.90,36      23.8%,6      1.45,34      2.62,99      0.63,97      1.99,99      1.09,63      2.98,46      2.35,94      0.00,71      51.02,39      3.35,84      11.22,43      26.68,41      13.84,43      2.44,75      50.92,39      3.71,93      1.54,80      41.5%,7      2.17,4      58.5%,7      26.41,33      147.53,43      58.61,27      1.45,56      0.27,58      2.53,14      2.26,4      30.30,35      0.00,52      1.90,8      1.63,86      0.36,8      0.09,99      0.00,59      0.00,51      5.79,38      1.45,78      1.72,17      45.7%,53       https://fbref.com/req/202302030/images/headshots/cea4ee8f_2022.jpg