
David de Gea
GK      1.50,48      4.74,67      3.26,60      70.0%,56      0.42,71      0.26,62      0.32,29      0.21,44      21.1%,44      0.13,44      0.08,67      0.05,83      0.00,37      40.0%,87      0.00,77      0.11,79      0.08,25      1.45,33      0.29,65      +0.03,90      2.71,10      8.29,17      32.7%,37      16.39,2      3.53,17      30.0%,29      30.9,25      7.87,83      42.8%,33      35.9,33      13.82,33      0.21,2      1.5%,2      0.66,21      14.0,37       https://fbref.com/req/202302030/images/headshots/7ba6d84e_2022.jpg
Bruno Fernandes
AM,MF      0.29,60,92      0.17,61,84      0.46,58,91      0.29,66,93      0.00,40,46      0.06,88,92      0.29,11,18      0.00,53,54      0.28,69,96      0.23,61,92      0.26,90,98      0.49,78,98      2.26,25,71      6.86,96,85      5.50,28,81      2.52,70,96      0.84,58,93      33.3%,38,65      0.11,52,77      0.34,60,76      21.90,7,36      0.17,80,87      0.09,38,74      +0.01,49,63      +0.06,75,86      44.81,94,68      60.55,97,79      74.0%,47,25      767.13,96,69      227.04,98,74      22.91,87,74      26.76,93,77      85.6%,51,38      14.73,93,58      18.40,93,61      80.0%,72,35      5.64,98,89      10.73,99,92      52.6%,58,35      0.20,88,96      2.55,98,97      4.92,97,75      2.34,98,99      0.41,87,89      54.71,96,74      5.21,89,84      1.13,90,69      0.64,97,97      0.84,96,94      4.28,78,85      0.64,80,84      1.97,81,88      0.64,66,76      0.84,89,92      0.00,42,43      0.64,1,1      1.45,13,10      4.48,85,96      3.33,90,96      0.55,80,79      0.14,26,61      0.29,65,89      0.14,38,67      0.03,51,41      0.32,43,72      0.23,53,71      0.00,37,37      0.03,61,81      0.06,66,90      0.00,31,41      0.00,46,46      1.56,70,26      0.81,65,28      0.75,80,33      0.64,61,29      0.17,33,38      0.75,80,40      2.63,92,77      28.6%,39,18      1.88,7,12      1.04,63,38      0.00,13,3      1.04,71,10      0.49,47,10      2.05,61,17      1.22,96,60      0.06,7,18      70.73,97,79      1.85,92,39      10.39,92,39      32.84,97,63      27.92,80,96      2.89,17,84      70.68,97,79      1.50,6,43      0.75,10,33      50.0%,49,18      0.75,90,34      50.0%,48,18      41.95,92,83      192.58,60,71      101.66,72,80      1.88,53,76      0.69,30,83      1.33,96,65      1.16,80,36      52.04,97,83      0.00,52,52      0.95,49,70      1.36,52,75      0.09,87,38      0.00,37,42      0.00,53,59      0.00,51,51      5.21,74,25      0.55,40,24      0.87,75,67      38.8%,75,32       https://fbref.com/req/202302030/images/headshots/507c7bdf_2022.jpg
Harry Maguire
CB      0.04,48      0.00,33      0.04,33      0.04,48      0.00,50      0.00,50      0.32,12      0.04,10      0.07,71      0.07,71      0.00,14      0.08,51      0.79,67      4.12,77      0.18,48      0.82,88      0.36,94      43.5%,81      0.04,36      0.10,31      12.80,31      0.00,47      0.08,43      -0.03,19      -0.03,19      48.42,60      56.47,55      85.7%,62      980.52,67      345.22,65      15.60,46      17.03,45      91.6%,67      25.84,62      28.34,60      91.2%,57      6.23,78      9.48,75      65.7%,81      0.02,49      0.14,27      4.15,77      0.07,31      0.00,32      54.43,57      1.68,45      1.57,80      0.00,24      0.89,90      0.07,48      0.11,18      0.00,49      0.00,49      0.00,50      0.00,50      0.36,1      0.29,69      0.86,59      0.50,48      0.07,85      0.04,86      0.18,92      0.00,38      0.07,93      0.00,17      0.00,20      0.00,47      0.00,48      0.00,35      0.00,46      0.00,48      1.22,43      0.75,48      0.79,46      0.29,34      0.14,86      0.68,60      1.11,55      61.3%,45      0.43,50      1.29,48      1.04,73      0.25,24      1.15,51      2.36,46      3.61,44      0.11,15      65.95,51      8.45,59      30.45,45      32.31,66      3.65,66      1.50,83      65.95,51      0.18,38      0.14,40      80.0%,62      0.04,69      20.0%,62      38.22,60      217.83,72      126.14,72      0.54,64      0.04,67      0.47,35      0.18,39      43.37,60      0.04,4      0.75,54      0.68,76      0.04,39      0.00,47      0.00,67      0.04,7      5.30,54      2.68,62      1.00,86      72.8%,87       https://fbref.com/req/202302030/images/headshots/d8931174_2022.jpg
Scott McTominay
MF      0.04,34      0.04,28      0.08,22      0.04,36      0.00,46      0.00,45      0.34,11      0.00,54      0.05,33      0.05,34      0.06,30      0.11,21      1.51,50      4.71,57      1.40,32      1.02,40      0.26,38      25.9%,35      0.04,42      0.14,40      20.90,50      0.00,32      0.05,29      -0.02,43      -0.02,42      39.97,58      47.28,55      84.5%,76      682.30,62      201.45,67      18.55,53      21.15,54      87.7%,53      16.10,64      18.17,60      88.6%,75      4.07,67      5.05,51      80.6%,96      0.08,46      0.87,40      4.26,65      0.34,16      0.08,33      45.85,59      1.21,38      1.13,70      0.04,17      0.53,75      0.49,26      0.08,17      0.00,22      0.00,28      0.00,28      0.00,43      0.23,20      0.60,81      1.92,24      1.62,42      0.00,23      0.11,54      0.04,17      0.08,42      0.08,74      0.23,54      0.15,48      0.00,37      0.00,40      0.04,78      0.00,41      0.04,96      2.45,74      1.24,58      1.21,81      0.90,57      0.34,76      1.13,79      2.30,60      49.2%,81      1.17,57      1.70,83      0.38,73      1.32,82      1.17,71      3.62,71      2.26,92      0.04,33      59.76,56      3.47,85      14.55,69      34.65,66      11.20,24      1.02,37      59.76,56      1.77,54      1.36,71      76.6%,93      0.41,67      23.4%,93      34.01,63      198.89,75      95.35,73      1.36,51      0.11,33      1.66,41      1.21,30      37.59,58      0.00,52      2.07,4      1.24,68      0.04,51      0.00,42      0.04,15      0.00,51      6.45,59      2.53,96      1.28,33      66.3%,95       https://fbref.com/req/202302030/images/headshots/d93c2511_2022.jpg
Cristiano Ronaldo
FW      0.66,98      0.11,39      0.77,96      0.55,96      0.11,89      0.11,86      0.29,16      0.00,55      0.65,99      0.56,98      0.11,40      0.67,91      2.46,66      2.35,66      7.04,71      3.92,99      1.43,99      36.4%,52      0.14,71      0.38,76      15.50,34      0.29,99      0.15,74      +0.01,71      -0.01,58      26.60,84      33.13,81      80.3%,92      327.20,80      48.99,60      17.19,89      19.82,89      86.7%,86      6.38,76      7.99,73      79.8%,84      0.73,60      1.06,42      69.0%,84      0.07,27      0.95,43      1.69,76      0.59,35      0.00,16      31.73,83      1.28,60      0.11,73      0.07,29      0.11,65      0.55,47      0.26,65      0.00,37      0.00,40      0.00,42      0.00,48      0.11,57      0.92,48      3.00,70      2.27,73      0.00,34      0.33,78      0.22,35      0.18,43      0.00,28      0.33,58      0.15,40      0.00,44      0.07,81      0.04,47      0.07,86      0.00,44      0.29,6      0.22,12      0.04,12      0.18,14      0.07,7      0.07,14      0.22,1      33.3%,75      0.15,98      0.29,1      0.00,11      0.29,4      0.07,14      0.37,4      1.06,80      0.00,54      42.80,78      1.10,65      3.74,57      18.32,83      21.00,75      6.23,88      42.69,78      1.17,17      0.73,27      62.5%,89      0.44,91      37.5%,89      23.12,71      119.17,55      63.91,66      1.47,68      1.36,76      1.83,89      1.10,76      34.89,83      0.00,53      0.59,93      0.66,16      1.21,4      0.07,88      0.00,52      0.00,51      1.91,11      1.54,53      2.49,55      38.2%,60       https://fbref.com/req/202302030/images/headshots/dea698d9_2022.jpg
Victor Lindelöf
CB      0.00,18      0.08,87      0.08,52      0.00,18      0.00,50      0.00,50      0.15,64      0.00,59      0.01,6      0.01,6      0.02,57      0.03,12      0.54,52      2.75,46      0.11,31      0.11,4      0.08,20      66.7%,96      0.00,18      0.00,18      8.60,86      0.00,47      0.07,33      -0.01,48      -0.01,48      46.43,55      52.93,48      87.7%,77      856.01,55      308.37,54      17.27,61      18.57,56      93.0%,87      24.34,56      26.41,50      92.2%,62      4.09,45      6.31,27      64.8%,78      0.03,64      0.15,30      2.87,54      0.23,65      0.00,32      51.63,54      1.22,24      0.99,34      0.15,88      0.38,59      0.00,12      0.23,40      0.00,49      0.00,49      0.00,50      0.00,50      0.08,61      0.31,60      0.50,30      0.46,38      0.00,34      0.00,38      0.00,14      0.00,38      0.04,82      0.15,83      0.11,87      0.00,47      0.00,48      0.00,35      0.00,46      0.04,97      0.61,8      0.42,14      0.34,6      0.27,29      0.00,17      0.34,14      0.54,13      64.3%,62      0.19,86      0.99,22      0.65,30      0.34,41      0.96,31      1.57,9      3.67,45      0.00,81      60.96,39      8.45,60      33.67,65      25.99,44      1.76,22      0.38,4      60.96,39      0.11,22      0.11,34      100.0%,88      0.00,88      0.0%,88      35.12,50      222.19,76      129.36,73      0.65,71      0.11,96      0.31,66      0.04,83      39.17,51      0.00,54      0.73,56      0.23,20      0.08,22      0.00,47      0.00,67      0.00,57      6.15,82      1.99,34      1.26,72      61.2%,46       https://fbref.com/req/202302030/images/headshots/f5deef4c_2022.jpg
Fred
MF      0.18,75      0.18,87      0.36,86      0.18,80      0.00,46      0.00,45      0.22,37      0.00,54      0.06,37      0.06,38      0.10,60      0.16,47      0.75,17      6.12,79      1.82,40      0.67,17      0.40,58      60.0%,98      0.27,98      0.44,86      21.30,43      0.00,32      0.08,65      +0.12,94      +0.12,94      50.46,79      60.27,77      83.7%,72      836.18,79      244.75,83      24.28,79      27.78,82      87.4%,50      19.88,78      22.46,79      88.5%,73      4.08,68      5.24,53      78.0%,90      0.13,81      1.24,69      5.81,84      0.58,32      0.04,21      58.54,82      1.55,46      1.20,73      0.49,92      0.58,78      0.13,6      0.36,67      0.00,22      0.00,28      0.00,28      0.00,43      0.18,33      1.51,7      2.49,51      2.31,71      0.00,23      0.00,13      0.00,8      0.18,73      0.00,20      0.40,84      0.36,87      0.00,37      0.00,40      0.00,35      0.04,87      0.00,46      2.80,83      1.20,54      1.42,91      1.07,70      0.31,71      0.98,60      3.51,96      27.8%,16      2.53,3      1.69,82      0.49,88      1.20,71      1.42,83      4.22,85      1.07,48      0.00,71      72.03,83      2.88,75      17.40,85      42.83,86      12.20,32      0.75,24      72.03,83      1.60,49      0.93,50      58.3%,41      0.67,47      41.7%,41      37.28,74      144.32,38      69.41,43      0.71,18      0.04,15      1.82,34      1.11,39      48.51,79      0.00,52      1.38,33      1.33,73      0.00,77      0.04,92      0.00,59      0.04,2      8.74,97      0.67,37      0.58,88      53.6%,73       https://fbref.com/req/202302030/images/headshots/b853e0ad_2022.jpg
Jadon Sancho
AM      0.14,30      0.14,44      0.28,26      0.14,33      0.00,40      0.00,38      0.00,92      0.00,53      0.17,30      0.17,34      0.19,63      0.36,48      5.26,94      4.17,70      10.52,89      1.23,8      0.43,17      34.6%,44      0.12,56      0.33,53      14.10,90      0.00,27      0.14,82      -0.03,37      -0.03,37      38.13,89      46.61,85      81.8%,88      492.25,76      110.65,66      24.87,96      28.52,97      87.2%,73      10.33,79      12.84,78      80.4%,75      0.99,24      1.42,13      70.0%,92      0.17,74      1.94,81      1.47,46      1.85,80      0.33,70      45.24,88      1.23,42      0.00,6      0.24,58      0.09,35      1.33,22      0.85,87      0.33,47      0.00,19      0.05,51      0.00,42      0.14,53      0.76,87      4.17,79      3.46,93      0.14,54      0.43,78      0.09,11      0.05,7      0.00,25      0.43,67      0.33,76      0.00,37      0.09,89      0.00,23      0.00,31      0.00,46      0.66,13      0.38,17      0.43,48      0.19,10      0.05,4      0.38,39      1.04,28      36.4%,72      0.66,78      0.90,49      0.00,13      0.90,54      0.71,74      1.37,28      0.24,17      0.14,1      56.27,84      0.52,29      6.92,72      21.36,71      28.89,83      4.97,75      56.27,84      4.03,80      2.23,83      55.3%,62      1.80,29      44.7%,62      36.47,80      261.24,93      145.28,96      3.32,94      2.04,87      2.08,70      1.28,67      43.96,83      0.00,52      0.19,99      0.33,1      0.33,43      0.00,37      0.00,53      0.00,51      5.31,78      0.09,1      0.52,98      15.4%,3       https://fbref.com/req/202302030/images/headshots/dbf053da_2022.jpg
Raphaël Varane
CB      0.05,59      0.05,78      0.10,65      0.05,59      0.00,50      0.00,50      0.00,96      0.00,59      0.03,33      0.03,33      0.01,29      0.04,28      0.54,54      2.41,34      0.10,25      0.44,43      0.05,15      11.1%,12      0.11,64      1.00,87      9.60,72      0.00,47      0.08,43      +0.01,71      +0.01,71      49.84,66      56.82,56      87.7%,77      1010.74,71      340.04,62      14.99,43      16.66,41      90.0%,52      28.71,71      30.92,71      92.8%,74      5.80,71      8.26,56      70.2%,87      0.01,31      0.20,41      3.20,61      0.05,25      0.00,32      55.00,60      1.77,46      1.62,82      0.00,24      0.54,73      0.05,39      0.15,25      0.00,49      0.00,49      0.00,50      0.00,50      0.05,81      0.29,64      0.44,23      0.44,35      0.00,34      0.00,38      0.00,14      0.00,38      0.00,31      0.10,65      0.10,82      0.00,47      0.00,48      0.00,35      0.00,46      0.00,48      1.38,55      0.93,67      1.03,66      0.29,35      0.05,50      0.49,34      1.08,50      45.5%,14      0.59,19      0.88,15      0.44,17      0.44,59      0.88,24      2.26,39      4.03,59      0.05,48      65.67,50      7.96,52      31.70,54      32.39,70      1.97,30      0.74,31      65.67,50      0.15,30      0.10,31      66.7%,41      0.05,61      33.3%,41      40.21,65      231.22,78      130.85,75      0.39,49      0.00,30      0.34,55      0.00,93      44.09,61      0.00,54      0.25,97      0.34,41      0.00,75      0.00,47      0.00,67      0.00,57      3.83,8      2.70,64      0.98,88      73.3%,88       https://fbref.com/req/202302030/images/headshots/9f8e9423_2022.jpg
Aaron Wan-Bissaka
FB      0.00,24      0.00,10      0.00,6      0.00,24      0.00,50      0.00,50      0.10,64      0.00,55      0.02,18      0.02,18      0.05,15      0.06,11      2.76,80      3.06,31      4.52,56      0.25,10      0.05,16      20.0%,40      0.00,24      0.00,24      14.10,91      0.00,41      0.07,65      -0.02,45      -0.02,45      46.43,72      57.27,68      81.1%,90      624.88,56      203.19,38      30.02,90      32.98,89      91.0%,90      12.80,45      15.41,24      83.1%,80      1.81,23      3.36,6      53.7%,80      0.05,19      0.70,41      2.61,47      0.60,23      0.40,58      48.59,71      8.58,40      0.20,7      0.00,19      0.30,60      1.76,33      8.38,60      0.00,24      0.00,30      0.00,31      0.00,47      0.10,80      2.26,2      1.76,45      1.46,53      0.00,9      0.15,80      0.05,40      0.05,40      0.05,73      0.05,7      0.05,19      0.00,31      0.00,41      0.00,41      0.00,40      0.00,47      2.46,73      1.81,90      1.25,56      0.90,77      0.30,79      0.70,21      1.00,8      70.0%,93      0.30,97      1.20,62      0.70,94      0.50,11      1.71,85      4.17,80      2.06,29      0.10,7      68.52,66      3.76,53      22.79,82      28.36,64      18.37,59      1.41,60      68.52,66      3.06,94      1.81,95      59.0%,68      1.25,8      41.0%,68      35.94,71      205.20,80      106.97,76      2.06,85      0.40,66      1.15,50      0.65,40      40.91,68      0.00,53      0.75,68      0.65,44      0.05,55      0.00,46      0.05,18      0.00,56      6.32,76      0.95,40      1.61,16      37.3%,15       https://fbref.com/req/202302030/images/headshots/9e525177_2022.jpg
Diogo Dalot
FB      0.00,24      0.00,10      0.00,6      0.00,24      0.00,50      0.00,50      0.20,31      0.00,55      0.03,47      0.03,47      0.06,29      0.09,27      2.65,75      5.25,85      3.75,45      0.65,58      0.20,69      30.8%,70      0.00,24      0.00,24      21.00,29      0.00,41      0.04,23      -0.03,23      -0.03,23      46.67,73      59.62,76      78.3%,68      852.63,85      300.23,84      20.34,46      23.84,50      85.3%,19      19.79,79      24.49,81      80.8%,69      5.85,95      9.05,85      64.6%,94      0.07,41      0.80,49      4.00,84      1.05,67      0.35,49      50.02,77      9.44,54      0.80,58      0.10,71      0.45,79      2.90,51      8.55,63      0.10,56      0.00,30      0.10,69      0.00,47      0.15,60      0.95,77      2.10,62      1.85,72      0.05,24      0.15,79      0.00,16      0.05,38      0.00,29      0.25,66      0.25,82      0.00,31      0.00,41      0.00,41      0.00,40      0.00,47      2.75,79      2.05,97      1.75,85      0.60,42      0.40,92      1.55,88      2.85,89      54.4%,44      1.30,15      1.20,59      0.65,89      0.55,16      1.45,73      4.20,81      2.95,72      0.00,72      71.06,75      4.30,77      22.49,79      32.43,79      16.84,49      1.35,54      71.06,75      1.25,51      0.85,66      68.0%,89      0.40,71      32.0%,89      36.68,75      191.14,73      109.59,77      1.45,54      0.65,75      1.25,44      0.40,66      41.28,69      0.00,53      0.90,55      0.20,2      0.05,56      0.00,46      0.00,68      0.00,56      7.55,95      1.45,69      0.85,77      63.0%,88       https://fbref.com/req/202302030/images/headshots/d9565625_2022.jpg
Luke Shaw
FB      0.00,24      0.17,85      0.17,69      0.00,24      0.00,50      0.00,50      0.45,3      0.00,55      0.01,3      0.01,3      0.20,92      0.21,81      2.70,77      4.61,76      3.88,47      0.34,21      0.06,21      16.7%,29      0.00,24      0.00,24      24.70,7      0.00,41      0.02,4      -0.01,59      -0.01,59      53.07,88      67.06,85      79.1%,75      799.94,80      296.53,81      30.97,92      34.40,92      90.0%,75      16.53,75      20.29,71      81.4%,72      3.60,79      7.53,69      47.8%,71      0.15,86      2.19,95      4.16,86      0.90,50      0.28,38      54.13,84      12.54,90      0.84,62      0.17,85      0.34,66      6.13,90      8.60,64      3.09,94      1.01,90      1.69,95      0.00,47      0.39,3      1.46,32      3.88,93      2.53,88      1.18,95      0.06,47      0.00,16      0.00,14      0.11,98      0.34,85      0.28,86      0.06,79      0.00,41      0.00,41      0.00,40      0.00,47      1.18,7      0.73,14      0.51,3      0.51,24      0.17,42      0.67,19      1.18,15      57.1%,56      0.51,84      1.24,68      0.62,88      0.62,25      0.51,1      1.69,3      1.24,7      0.11,5      73.98,80      3.09,32      16.47,25      33.56,81      24.51,85      0.84,31      73.98,80      0.79,19      0.39,19      50.0%,35      0.39,72      50.0%,35      38.34,80      213.50,82      123.17,88      2.36,90      0.17,38      0.62,93      0.79,25      47.00,86      0.00,53      1.80,5      0.90,64      0.17,12      0.00,46      0.06,15      0.00,56      5.34,45      1.12,50      0.84,79      57.1%,73       https://fbref.com/req/202302030/images/headshots/9c94165b_2022.jpg
Alex Telles
FB      0.00,24      0.22,92      0.22,85      0.00,24      0.00,50      0.00,50      0.05,81      0.00,55      0.02,27      0.02,27      0.10,62      0.12,53      1.95,47      3.58,49      5.53,69      0.54,46      0.16,59      30.0%,68      0.00,24      0.00,24      23.10,14      0.22,94      0.04,23      -0.02,37      -0.02,37      48.69,81      65.33,84      74.5%,45      716.37,75      281.82,75      28.79,85      32.10,85      89.7%,68      15.61,66      21.09,75      74.0%,32      2.87,62      8.84,81      32.5%,8      0.12,80      1.41,84      2.87,59      0.87,45      0.49,73      53.57,82      11.49,80      1.25,82      0.11,75      0.05,20      6.89,94      7.48,33      2.77,90      1.25,94      1.30,93      0.00,47      0.27,21      1.19,56      2.77,76      1.46,54      0.98,93      0.05,42      0.11,77      0.11,68      0.05,77      0.27,71      0.00,5      0.22,99      0.00,41      0.00,41      0.05,89      0.00,47      2.60,75      1.46,69      1.90,90      0.49,20      0.22,55      1.46,80      2.33,72      62.8%,76      0.87,41      0.92,18      0.22,33      0.70,41      1.41,71      4.01,73      2.44,54      0.00,72      75.69,85      3.58,44      22.07,71      30.47,72      23.75,84      0.98,37      75.69,85      1.19,49      0.65,49      54.5%,52      0.54,54      45.5%,52      40.39,85      185.48,71      103.23,72      2.01,84      0.05,10      0.81,80      0.54,51      46.08,84      0.00,53      1.25,19      0.49,21      0.05,49      0.00,46      0.11,3      0.00,56      5.37,47      1.63,80      1.30,36      55.6%,68       https://fbref.com/req/202302030/images/headshots/e73c9bb2_2022.jpg
Nemanja Matić
MF      0.00,16      0.26,94      0.26,67      0.00,17      0.00,46      0.00,45      0.20,47      0.00,54      0.01,7      0.01,8      0.13,72      0.14,39      2.08,66      6.38,81      0.46,5      0.39,8      0.07,8      16.7%,14      0.00,17      0.00,17      23.50,24      0.00,32      0.03,8      -0.01,46      -0.01,45      59.33,92      68.57,93      86.5%,84      989.15,92      317.93,96      29.11,88      32.11,89      90.7%,81      22.40,88      25.01,88      89.6%,81      5.73,90      7.16,77      80.0%,95      0.09,58      0.85,38      6.32,88      0.46,23      0.13,52      65.97,92      2.41,62      2.08,90      0.39,85      0.33,59      0.39,21      0.33,63      0.00,22      0.00,28      0.00,28      0.00,43      0.20,29      1.17,27      1.95,25      1.82,51      0.00,23      0.07,41      0.00,8      0.00,11      0.07,71      0.39,82      0.39,89      0.00,37      0.00,40      0.00,35      0.00,41      0.00,46      2.02,50      1.17,50      1.24,83      0.72,36      0.07,9      0.98,62      2.02,44      48.4%,79      1.04,65      1.37,60      0.39,78      0.98,52      2.02,96      4.04,82      1.37,67      0.20,2      79.12,94      3.58,88      21.82,96      46.17,91      11.85,29      0.52,16      79.12,94      1.43,39      1.11,55      77.3%,94      0.33,76      22.7%,94      46.56,89      271.76,93      166.78,99      2.08,79      0.13,38      1.24,70      1.37,25      55.42,87      0.00,52      1.69,13      0.20,1      0.00,77      0.00,42      0.00,59      0.00,51      8.08,90      1.82,88      1.11,49      62.2%,90       https://fbref.com/req/202302030/images/headshots/eb7822d7_2022.jpg
Paul Pogba
MF,AM      0.07,52,10      0.60,99,99      0.67,98,85      0.07,54,10      0.00,46,40      0.00,45,38      0.47,2,1      0.07,1,1      0.17,84,31      0.17,86,35      0.23,96,81      0.41,93,60      2.27,71,26      7.81,94,98      4.14,70,7      2.13,90,52      0.53,71,24      25.0%,33,13      0.03,37,6      0.13,36,8      18.00,76,44      0.00,32,27      0.08,65,25      -0.11,3,12      -0.11,3,12      49.10,77,98      59.58,75,96      82.4%,66,90      883.59,83,99      258.26,88,99      23.35,75,93      26.69,76,92      87.5%,51,78      17.01,68,96      19.75,68,96      86.1%,62,93      7.01,95,99      8.81,84,97      79.5%,94,98      0.19,92,79      1.60,86,65      6.60,90,99      1.60,90,72      0.13,55,29      58.31,81,98      1.07,32,33      0.87,55,81      0.53,94,93      1.73,99,99      0.80,39,7      0.07,17,4      0.07,50,30      0.00,28,19      0.00,28,23      0.00,43,42      0.20,26,31      1.27,18,29      3.80,88,70      3.00,92,79      0.07,53,46      0.40,96,72      0.07,28,8      0.27,86,69      0.00,20,25      0.73,99,96      0.67,99,98      0.07,91,85      0.00,40,30      0.00,35,23      0.00,41,31      0.00,46,46      0.87,4,25      0.60,12,30      0.33,10,30      0.47,13,43      0.07,10,6      0.40,10,47      1.87,35,69      21.4%,4,16      1.47,33,21      0.73,11,31      0.00,3,13      0.73,25,29      0.87,38,81      1.73,7,48      1.07,49,89      0.00,71,60      71.92,83,98      1.73,34,88      10.74,42,93      40.83,83,98      21.22,79,34      3.07,86,24      71.92,83,98      3.60,92,70      2.60,96,92      72.2%,83,98      1.00,24,67      27.8%,83,98      44.70,85,96      221.43,83,85      121.42,88,85      1.73,71,38      0.47,74,22      2.80,8,37      1.80,12,31      56.24,88,99      0.00,52,52      2.60,2,1      1.93,90,79      0.00,77,97      0.00,42,37      0.00,59,53      0.00,51,51      6.54,61,97      2.34,94,94      1.33,29,46      63.6%,92,99       https://fbref.com/req/202302030/images/headshots/867239d3_2022.jpg
Mason Greenwood
AM      0.35,71      0.07,20      0.42,54      0.35,75      0.00,40      0.00,38      0.07,66      0.00,53      0.30,72      0.30,79      0.13,35      0.43,66      3.40,61      2.76,43      7.72,65      3.40,94      1.27,94      37.5%,58      0.10,46      0.28,34      19.10,29      0.00,27      0.09,38      +0.05,71      +0.05,72      27.90,58      35.48,49      78.6%,75      457.51,69      97.36,53      14.45,42      16.71,39      86.4%,62      9.70,72      11.47,62      84.6%,87      2.62,78      4.53,67      57.8%,71      0.09,21      1.20,29      2.20,72      0.92,33      0.21,48      34.20,53      1.06,31      0.14,31      0.50,88      0.99,97      2.41,53      0.00,2      0.85,58      0.71,67      0.14,65      0.00,42      0.21,30      0.78,85      3.68,66      2.97,78      0.00,18      0.42,76      0.14,22      0.14,37      0.00,25      0.50,76      0.42,87      0.00,37      0.00,30      0.07,83      0.00,31      0.00,46      1.06,35      0.64,35      0.64,70      0.07,2      0.35,69      0.21,19      0.64,7      33.3%,62      0.42,94      0.35,3      0.00,13      0.35,4      0.07,2      1.13,15      0.42,40      0.00,60      46.17,42      0.42,17      5.52,53      19.61,58      21.95,46      4.25,61      46.17,42      3.68,71      2.27,85      61.5%,81      1.42,53      38.5%,79      30.09,53      217.32,79      112.31,83      2.20,72      1.63,76      1.84,80      1.13,81      36.04,61      0.00,52      1.06,38      1.13,35      0.21,58      0.00,37      0.00,53      0.00,51      3.89,26      0.28,16      0.57,97      33.3%,49       https://fbref.com/req/202302030/images/headshots/58eee997_2022.jpg
Anthony Elanga
AM      0.15,33      0.15,48      0.30,30      0.15,35      0.00,40      0.00,38      0.00,92      0.00,53      0.19,37      0.19,40      0.18,60      0.38,54      2.37,29      1.33,3      8.45,69      1.56,20      0.52,22      33.3%,38      0.10,46      0.29,38      15.70,76      0.00,27      0.12,67      -0.04,26      -0.04,25      25.21,42      33.36,42      75.6%,58      317.45,30      67.46,25      16.98,62      19.65,63      86.4%,62      5.26,16      7.19,15      73.2%,30      0.89,21      1.56,20      57.1%,69      0.09,19      0.67,6      0.82,10      0.59,8      0.15,33      32.17,44      1.04,30      0.00,6      0.15,38      0.07,25      1.56,30      1.04,92      0.00,12      0.00,19      0.00,23      0.00,42      0.15,49      1.19,40      1.56,3      0.89,1      0.00,18      0.15,28      0.07,10      0.30,78      0.15,98      0.37,53      0.15,26      0.00,37      0.07,84      0.00,23      0.07,87      0.07,98      1.93,84      1.48,94      0.89,89      0.89,89      0.15,26      1.11,96      2.15,75      51.7%,94      1.04,43      1.26,83      0.07,61      1.19,83      0.67,66      2.59,83      0.52,54      0.00,60      45.89,38      0.82,54      8.23,84      15.86,33      21.94,44      4.15,56      45.89,38      2.30,28      0.82,16      35.5%,4      1.48,48      64.5%,4      26.24,29      152.94,24      73.62,30      1.78,42      0.74,31      2.74,39      1.11,83      33.14,43      0.00,52      0.59,84      1.63,70      0.22,57      0.00,37      0.00,53      0.00,51      3.71,21      1.78,89      1.33,44      57.1%,97       https://fbref.com/req/202302030/images/headshots/2fba6108_2022.jpg
Marcus Rashford
AM,FW      0.29,62,47      0.15,47,61      0.44,57,48      0.29,67,58      0.00,40,32      0.00,38,30      0.15,39,52      0.00,53,55      0.21,44,16      0.21,49,20      0.15,49,65      0.36,47,30      3.64,71,91      2.04,13,55      8.60,71,84      1.60,22,6      0.87,61,55      54.5%,97,98      0.18,85,92      0.33,53,59      17.70,49,12      0.07,67,89      0.13,76,48      +0.08,81,89      +0.08,81,89      22.15,31,78      30.90,29,76      71.7%,31,61      289.53,21,73      51.45,10,65      14.50,43,81      18.36,53,88      79.0%,12,50      5.98,26,75      8.02,22,75      74.5%,39,63      0.51,7,34      1.46,16,61      35.0%,7,6      0.15,66,80      0.66,4,14      1.31,34,65      0.73,21,53      0.07,17,57      29.59,31,76      1.02,29,48      0.15,34,80      0.00,4,8      0.07,24,50      1.60,34,80      0.36,58,81      0.00,12,37      0.00,19,40      0.00,23,42      0.00,42,48      0.29,17,6      0.73,89,66      1.97,7,25      1.17,6,14      0.00,18,34      0.36,69,81      0.15,25,17      0.29,76,76      0.00,25,28      0.22,29,27      0.22,48,58      0.00,37,44      0.00,30,29      0.00,23,21      0.00,31,27      0.00,46,44      0.44,2,14      0.36,16,35      0.07,2,22      0.29,21,39      0.07,8,6      0.15,6,27      0.95,20,53      15.4%,7,19      0.80,65,37      0.73,30,48      0.07,60,50      0.66,29,66      0.36,26,66      0.80,6,30      0.36,34,25      0.07,4,2      41.54,25,75      0.44,20,19      3.64,16,55      15.96,35,66      22.59,53,78      5.03,76,66      41.54,25,75      3.86,75,91      1.60,60,80      41.5%,12,24      2.26,16,7      58.5%,12,24      26.16,26,78      174.97,39,84      86.28,49,91      2.19,71,88      1.89,81,94      2.84,34,53      1.89,26,25      33.74,48,78      0.00,52,53      0.95,51,63      1.31,47,61      1.09,1,9      0.00,37,30      0.00,53,52      0.00,51,51      3.21,6,55      0.73,57,20      1.97,20,75      27.0%,28,19       https://fbref.com/req/202302030/images/headshots/a1d5bd30_2022.jpg
Edinson Cavani
FW      0.24,32      0.12,42      0.35,35      0.24,40      0.00,32      0.00,30      0.00,93      0.00,55      0.40,71      0.40,78      0.14,58      0.55,80      0.24,1      1.06,11      3.76,6      2.11,32      0.71,27      33.3%,33      0.11,49      0.33,59      12.60,89      0.00,39      0.20,98      -0.16,12      -0.16,12      20.68,71      27.38,71      75.5%,76      267.53,70      27.96,17      12.34,75      15.16,70      81.4%,62      5.05,65      6.93,61      72.9%,58      0.82,68      1.29,55      63.6%,69      0.11,63      0.82,30      0.47,12      0.24,11      0.00,16      26.32,70      1.06,50      0.24,88      0.00,8      0.59,98      0.24,12      0.12,37      0.00,37      0.00,40      0.00,42      0.00,48      0.00,92      0.35,93      1.29,1      0.94,2      0.00,34      0.00,6      0.24,39      0.12,24      0.00,28      0.24,34      0.12,29      0.00,44      0.00,29      0.12,94      0.00,27      0.00,44      0.47,16      0.12,6      0.00,4      0.35,50      0.12,19      0.24,53      0.94,52      25.0%,48      0.71,45      0.71,42      0.00,11      0.71,57      0.24,42      0.71,20      0.94,70      0.00,54      35.01,50      1.41,86      6.34,93      15.39,61      13.39,14      3.52,14      35.01,50      0.59,1      0.47,11      80.0%,99      0.12,99      20.0%,99      16.92,34      42.06,2      13.04,2      0.59,19      0.24,12      1.41,94      0.47,94      25.50,53      0.00,53      0.82,71      0.59,12      0.71,32      0.00,30      0.00,52      0.00,51      2.58,34      0.82,24      2.00,73      29.2%,27       https://fbref.com/req/202302030/images/headshots/527f063d_2022.jpg
Daniel James
FW,AM      0.14,20,31      0.14,60,46      0.29,20,28      0.14,24,34      0.00,32,40      0.00,30,38      0.25,24,12      0.04,4,3      0.23,20,51      0.23,25,56      0.12,48,25      0.34,22,37      2.67,73,38      2.17,58,19      7.30,80,58      1.95,17,42      0.58,14,26      29.6%,22,28      0.07,20,26      0.25,27,30      15.40,39,81      0.00,39,27      0.12,34,67      -0.08,32,15      -0.08,32,15      12.50,20,2      19.57,20,1      63.8%,19,10      163.24,27,2      43.19,48,4      7.95,24,3      9.93,19,3      80.0%,57,19      3.11,24,1      5.63,43,6      55.1%,6,1      0.54,42,10      1.26,52,10      42.9%,16,21      0.06,16,3      0.94,42,13      0.98,50,19      0.65,42,13      0.07,55,16      18.27,22,1      1.23,58,40      0.07,66,22      0.07,27,17      0.04,30,13      2.35,93,51      0.18,55,28      0.00,37,12      0.00,40,19      0.00,42,23      0.00,48,42      0.07,71,78      1.05,34,56      2.06,30,8      1.34,22,8      0.00,34,18      0.14,42,25      0.29,53,63      0.29,75,74      0.00,28,25      0.18,19,17      0.07,9,7      0.00,44,37      0.04,66,66      0.04,45,51      0.04,70,71      0.00,44,46      0.94,60,29      0.54,60,26      0.29,70,22      0.36,53,28      0.29,68,57      0.36,81,38      0.83,45,15      43.5%,93,87      0.47,66,89      0.72,43,28      0.04,29,33      0.69,53,56      0.29,52,17      1.23,55,21      0.47,37,47      0.00,54,60      29.22,16,1      0.72,39,46      3.07,43,10      10.15,7,1      16.40,40,7      4.12,24,53      29.22,17,1      1.95,47,19      0.76,34,12      38.9%,16,7      1.19,45,62      61.1%,16,7      17.52,39,2      128.25,61,10      63.67,65,17      1.23,55,16      1.34,75,61      2.09,83,69      0.90,83,90      19.72,14,1      0.00,53,52      1.12,53,37      1.37,66,53      0.54,50,12      0.04,76,84      0.00,52,53      0.00,51,51      3.11,53,4      0.51,12,39      1.95,76,25      20.6%,7,11       https://fbref.com/req/202302030/images/headshots/c931d9f9_2022.jpg
Donny van de Beek
MF      0.32,92      0.00,10      0.32,81      0.32,94      0.00,46      0.00,45      0.16,58      0.00,54      0.24,91      0.24,93      0.06,33      0.32,83      0.48,9      3.87,41      2.26,48      1.13,48      0.32,47      28.6%,46      0.29,99      1.00,96      17.20,83      0.00,32      0.22,99      +0.08,91      +0.08,91      37.42,54      45.81,53      81.7%,62      496.77,37      142.26,38      20.97,64      24.03,67      87.2%,50      12.58,46      14.68,42      85.7%,59      0.65,3      2.10,8      30.8%,2      0.06,35      0.81,33      3.71,56      0.97,62      0.00,9      44.03,56      1.45,44      0.16,17      0.32,75      0.16,36      0.97,45      0.16,41      0.16,58      0.16,64      0.00,28      0.00,43      0.32,9      0.97,44      2.26,42      1.94,60      0.00,23      0.16,65      0.16,67      0.00,11      0.00,20      0.16,28      0.16,52      0.00,37      0.00,40      0.00,35      0.00,41      0.00,46      3.39,98      1.77,91      1.94,98      1.13,73      0.32,75      1.13,78      2.42,67      46.7%,74      1.29,45      1.77,87      0.48,88      1.29,80      1.29,78      4.68,96      0.81,25      0.00,71      58.39,54      2.10,52      12.58,54      31.94,59      14.68,48      1.61,54      58.39,54      2.26,73      0.65,25      28.6%,2      1.61,12      71.4%,2      28.06,40      110.32,13      46.94,13      0.81,21      0.00,5      1.29,66      1.45,21      34.03,46      0.00,52      1.45,29      0.48,12      0.00,77      0.00,42      0.00,59      0.00,51      6.77,67      1.29,69      1.13,45      53.3%,72       https://fbref.com/req/202302030/images/headshots/50dc94ce_2022.jpg
Brandon Williams
FB      0.00,24      0.04,31      0.04,16      0.00,24      0.00,50      0.00,50      0.34,7      0.00,55      0.01,10      0.01,10      0.08,50      0.09,33      2.42,64      3.82,55      2.46,27      0.17,5      0.04,14      25.0%,53      0.00,24      0.00,24      21.20,27      0.00,41      0.06,49      -0.01,51      -0.01,51      38.17,49      47.97,40      79.6%,79      622.36,53      220.67,46      19.27,41      22.25,41      86.6%,28      15.75,68      19.53,66      80.7%,67      2.63,50      4.50,25      58.5%,90      0.06,33      0.89,56      2.04,34      0.81,37      0.13,11      39.35,44      8.36,33      0.89,66      0.17,86      0.30,59      0.59,2      7.47,32      0.00,24      0.00,30      0.00,31      0.00,47      0.25,24      0.59,97      1.87,51      1.49,58      0.04,23      0.04,37      0.00,16      0.21,94      0.08,90      0.08,14      0.04,15      0.00,31      0.00,41      0.00,41      0.00,40      0.04,98      2.33,66      1.57,75      1.49,71      0.76,66      0.08,20      1.53,86      2.72,86      56.3%,50      1.19,20      1.10,44      0.25,38      0.85,56      1.87,93      4.20,82      2.12,34      0.00,72      60.07,41      4.67,81      22.25,73      25.22,41      13.50,25      1.27,49      60.07,41      1.66,66      0.85,64      51.3%,46      0.81,31      48.7%,46      33.28,59      221.86,88      115.09,84      2.00,82      0.38,63      1.66,24      0.72,31      33.16,42      0.00,53      0.98,46      1.87,95      0.00,84      0.00,46      0.00,68      0.00,56      6.71,85      0.59,12      0.72,90      45.2%,35       https://fbref.com/req/202302030/images/headshots/5e74d6c8_2022.jpg