
Allan Saint-Maximin
AM,FW      0.16,37,22      0.16,58,68      0.32,38,29      0.16,39,27      0.00,40,32      0.00,38,30      0.19,26,39      0.00,53,55      0.17,28,7      0.17,31,11      0.14,39,57      0.30,30,17      5.78,96,98      2.79,44,76      5.36,24,30      2.05,46,27      0.83,57,48      40.6%,75,72      0.08,31,27      0.19,20,17      19.70,20,4      0.00,27,39      0.08,25,8      -0.01,44,61      -0.01,44,65      16.98,11,57      23.98,8,55      70.8%,25,56      255.27,13,65      59.48,15,75      9.60,11,50      11.52,10,37      83.3%,38,73      5.30,19,66      7.22,16,70      73.3%,31,60      1.22,38,81      2.41,35,83      50.7%,52,43      0.12,44,73      1.60,66,89      1.64,56,75      1.03,40,76      0.26,54,89      23.14,11,57      0.61,19,34      0.00,6,22      0.35,75,86      0.35,76,91      1.93,43,89      0.16,21,48      0.00,12,37      0.00,19,40      0.00,23,42      0.00,42,48      0.22,28,14      1.06,54,32      4.17,80,96      2.70,71,91      0.03,37,73      1.00,97,99      0.16,29,22      0.22,57,57      0.06,78,80      0.35,49,61      0.26,61,71      0.00,37,44      0.06,80,80      0.03,48,43      0.00,31,27      0.00,46,44      0.42,1,11      0.26,6,20      0.19,12,53      0.13,3,6      0.10,13,16      0.10,2,19      0.55,1,24      17.6%,10,22      0.45,92,68      0.42,6,7      0.06,52,45      0.35,3,32      0.35,22,62      0.77,4,25      0.10,4,6      0.00,60,54      37.30,12,60      0.22,6,11      2.76,4,29      15.28,26,60      20.83,31,73      3.56,48,17      37.30,12,60      7.74,98,99      4.81,98,99      62.2%,83,86      2.92,3,2      37.8%,81,84      27.57,39,83      287.08,97,96      144.98,94,96      3.82,99,99      2.02,84,96      3.85,7,7      2.89,6,4      29.30,26,70      0.00,52,53      0.71,78,84      1.54,63,81      0.42,33,65      0.00,37,30      0.00,53,52      0.00,51,51      3.53,11,63      0.58,44,14      0.58,94,98      50.0%,94,91       https://fbref.com/req/202302030/images/headshots/2b16cb1a_2022.jpg
Joelinton
MF      0.14,70      0.04,26      0.18,54      0.14,74      0.00,46      0.00,45      0.28,20      0.00,54      0.12,63      0.12,68      0.07,35      0.18,55      1.58,54      3.24,30      3.17,60      1.58,71      0.49,69      31.1%,54      0.09,68      0.29,65      17.60,79      0.00,32      0.07,56      +0.02,73      +0.02,73      25.26,20      33.21,18      76.1%,35      353.95,14      93.62,18      14.81,36      18.12,38      81.7%,17      7.60,15      9.68,14      78.5%,28      1.23,13      1.90,5      64.8%,64      0.05,22      1.02,51      2.39,28      0.60,36      0.07,31      32.76,23      0.39,7      0.00,2      0.04,16      0.14,32      0.77,38      0.32,62      0.00,22      0.00,28      0.00,28      0.00,43      0.07,74      0.91,50      2.36,49      1.72,46      0.00,23      0.21,74      0.32,92      0.11,55      0.00,20      0.18,35      0.14,46      0.00,37      0.00,40      0.04,74      0.00,41      0.00,46      2.53,78      1.34,70      1.06,69      1.16,75      0.32,74      0.91,54      2.15,54      42.6%,63      1.23,51      1.62,79      0.39,75      1.23,75      1.20,73      3.73,75      1.76,83      0.07,13      49.08,29      2.92,76      10.45,40      24.35,29      15.09,52      2.74,83      49.08,29      2.46,75      1.30,67      52.9%,26      1.16,19      47.1%,26      25.30,28      147.88,44      68.47,40      1.48,57      0.35,66      2.99,6      2.11,8      29.41,29      0.00,52      2.25,3      1.16,61      0.11,31      0.00,42      0.00,59      0.00,51      6.37,56      3.48,99      3.41,1      50.5%,69       https://fbref.com/req/202302030/images/headshots/c17bfb65_2022.jpg
Martin Dúbravka
GK      1.35,56      4.08,37      2.77,40      67.9%,44      0.50,79      0.15,17      0.35,37      0.31,71      30.8%,71      0.04,17      0.04,79      0.00,37      0.00,37      0.0%,37      0.00,77      0.27,21      0.04,42      1.31,40      0.32,98      0.00,83      7.96,87      19.12,79      41.6%,79      23.27,37      3.38,6      46.3%,71      37.0,71      9.08,94      91.9%,98      60.5,88      13.85,37      0.85,63      6.1%,52      0.54,13      11.9,17       https://fbref.com/req/202302030/images/headshots/3a949a25_2022.jpg
Fabian Schär
CB      0.08,72      0.08,90      0.17,92      0.08,72      0.00,50      0.00,50      0.17,59      0.00,59      0.05,55      0.05,55      0.05,81      0.10,71      0.83,69      2.46,38      0.08,17      0.88,91      0.33,92      38.1%,74      0.10,59      0.25,46      19.50,7      0.17,99      0.06,22      +0.03,82      +0.03,82      29.11,15      42.21,28      69.0%,6      663.28,27      304.11,49      8.30,7      10.47,8      79.3%,7      13.85,9      16.77,9      82.6%,17      6.51,83      13.60,97      47.9%,22      0.04,77      0.38,81      2.88,56      0.63,94      0.04,71      38.49,22      3.42,85      2.92,99      0.04,61      0.79,86      0.29,77      0.50,60      0.00,49      0.00,49      0.00,50      0.00,50      0.29,4      0.29,65      1.29,86      0.75,71      0.25,94      0.08,93      0.17,88      0.04,85      0.00,31      0.17,86      0.13,91      0.00,47      0.04,96      0.00,35      0.00,46      0.00,48      0.67,12      0.46,15      0.46,13      0.13,7      0.08,62      0.33,13      0.67,19      50.0%,19      0.33,67      1.13,34      0.75,43      0.38,45      1.33,65      2.00,34      3.96,56      0.08,30      51.46,24      6.63,24      26.86,22      22.40,28      3.09,59      1.13,62      51.46,24      0.42,72      0.25,65      60.0%,29      0.17,19      40.0%,29      26.90,24      153.68,44      92.79,50      0.63,69      0.00,30      0.50,29      0.21,33      27.90,19      0.00,54      1.00,25      0.46,56      0.13,6      0.00,47      0.00,67      0.00,57      5.46,60      1.88,28      1.75,28      51.7%,13       https://fbref.com/req/202302030/images/headshots/c8aa95da_2022.jpg
Joe Willock
MF      0.09,56      0.00,10      0.09,28      0.09,57      0.00,46      0.00,45      0.00,96      0.00,54      0.14,70      0.14,75      0.05,28      0.19,59      2.12,67      2.56,15      3.40,63      1.55,69      0.49,68      31.4%,56      0.06,51      0.18,44      17.20,83      0.00,32      0.09,74      -0.05,17      -0.05,16      19.87,10      24.95,8      79.6%,52      295.48,10      79.22,10      11.17,11      13.20,9      84.6%,32      6.62,12      7.82,9      84.7%,53      1.24,13      1.77,4      70.0%,76      0.03,8      0.79,32      1.68,16      0.31,13      0.04,20      23.54,8      1.37,40      0.22,21      0.04,20      0.13,30      0.71,34      0.18,43      0.00,22      0.00,28      0.00,28      0.00,43      0.04,83      0.71,67      2.25,42      1.46,30      0.00,23      0.40,95      0.04,20      0.27,85      0.09,84      0.18,36      0.04,13      0.00,37      0.04,89      0.00,35      0.09,95      0.00,46      2.83,85      1.63,83      1.32,88      1.24,81      0.27,58      1.28,91      3.00,84      42.6%,63      1.72,21      1.63,80      0.27,56      1.37,85      0.93,47      3.75,75      0.44,5      0.04,26      38.16,8      0.84,8      8.57,23      18.28,15      12.50,37      2.61,79      38.16,8      3.14,87      1.59,82      50.7%,22      1.55,14      49.3%,22      21.82,14      141.45,33      69.38,42      1.32,50      0.62,80      2.47,15      0.88,54      21.90,5      0.00,52      1.50,25      1.15,58      0.00,77      0.00,42      0.00,59      0.00,51      5.34,29      0.71,45      1.06,51      40.0%,34       https://fbref.com/req/202302030/images/headshots/a3b03921_2022.jpg
Jamaal Lascelles
CB      0.04,54      0.00,33      0.04,38      0.04,54      0.00,50      0.00,50      0.22,34      0.00,59      0.04,44      0.04,44      0.02,47      0.06,36      0.00,2      0.79,1      0.22,59      0.74,82      0.17,65      23.5%,37      0.06,46      0.25,46      10.20,63      0.00,47      0.05,12      0.00,64      0.00,64      22.57,1      30.44,1      74.1%,12      440.34,1      154.20,1      5.82,1      8.05,2      72.3%,2      14.48,12      17.14,12      84.4%,24      1.88,4      4.15,7      45.3%,14      0.02,50      0.17,36      0.87,4      0.04,23      0.00,32      29.69,1      0.52,2      0.17,1      0.00,24      0.26,43      0.00,12      0.04,8      0.00,49      0.00,49      0.00,50      0.00,50      0.22,13      0.04,98      0.44,22      0.39,27      0.00,34      0.00,38      0.04,41      0.00,38      0.00,31      0.04,44      0.04,54      0.00,47      0.00,48      0.00,35      0.00,46      0.00,48      0.66,10      0.31,8      0.39,10      0.22,22      0.04,49      0.17,4      0.52,12      33.3%,2      0.35,64      1.66,83      1.22,88      0.44,55      0.96,33      1.62,13      5.29,92      0.04,51      41.50,2      9.66,76      27.29,25      11.46,1      2.93,54      2.27,98      41.50,2      0.09,13      0.04,20      50.0%,21      0.04,65      50.0%,21      18.06,2      68.88,1      30.04,1      0.09,14      0.04,73      0.39,44      0.09,70      21.12,3      0.00,54      0.74,55      0.17,8      0.00,75      0.00,47      0.13,4      0.09,1      3.76,6      3.89,94      1.36,60      74.2%,92       https://fbref.com/req/202302030/images/headshots/450ab6fc_2022.jpg
Jonjo Shelvey
MF      0.09,61      0.05,32      0.14,46      0.09,62      0.00,46      0.00,45      0.32,13      0.05,3      0.04,24      0.04,25      0.05,20      0.09,16      0.50,11      3.81,40      0.32,2      1.36,58      0.64,82      46.7%,93      0.07,56      0.14,40      27.80,4      0.27,92      0.03,8      +0.05,83      +0.05,83      33.72,46      43.03,44      78.4%,46      716.19,66      240.82,80      11.80,17      13.75,15      85.8%,40      13.57,50      15.93,50      85.2%,57      7.49,96      11.62,96      64.5%,63      0.07,37      0.73,25      4.13,60      0.41,20      0.05,21      39.08,40      3.81,79      1.63,80      0.18,51      0.77,90      1.95,63      0.14,35      1.23,75      0.64,75      0.36,81      0.05,91      0.14,50      0.45,92      1.95,25      1.50,36      0.32,75      0.05,32      0.00,8      0.05,30      0.05,56      0.05,6      0.05,13      0.00,37      0.00,40      0.00,35      0.00,41      0.00,46      1.36,20      0.77,26      0.54,19      0.82,47      0.00,2      0.64,29      1.54,21      41.2%,55      0.91,79      1.00,33      0.32,63      0.68,20      1.00,52      2.36,28      0.91,33      0.09,10      50.51,38      2.54,64      14.39,67      29.41,53      7.58,8      0.14,4      50.51,38      0.54,8      0.41,14      75.0%,88      0.14,95      25.0%,88      25.37,29      112.83,17      45.89,12      0.54,8      0.05,16      0.86,93      0.23,99      29.05,28      0.05,2      0.82,80      0.36,8      0.00,77      0.00,42      0.00,59      0.00,51      7.26,75      0.45,17      0.45,96      50.0%,65       https://fbref.com/req/202302030/images/headshots/3727dd3c_2022.jpg
Miguel Almirón
MF,AM      0.05,43,7      0.00,10,3      0.05,17,2      0.05,45,7      0.00,46,40      0.00,45,38      0.10,71,54      0.00,54,53      0.09,53,6      0.09,55,7      0.05,21,2      0.14,36,1      2.31,72,28      2.41,11,25      4.46,71,13      1.68,74,28      0.37,53,13      21.9%,25,8      0.03,37,6      0.14,40,12      19.60,66,23      0.00,32,27      0.05,29,1      -0.04,27,31      -0.04,26,30      21.08,11,24      26.80,8,16      78.7%,47,76      300.00,11,25      65.77,8,22      12.01,18,24      13.85,16,19      86.7%,45,65      6.19,10,28      7.81,8,20      79.2%,31,67      1.21,9,35      1.99,7,29      60.5%,54,76      0.03,12,1      0.84,36,10      1.36,11,39      0.26,8,1      0.00,9,4      26.22,10,20      0.42,8,11      0.16,17,35      0.00,7,4      0.10,24,40      1.05,48,10      0.16,38,20      0.00,22,12      0.00,28,19      0.00,28,23      0.00,43,42      0.16,43,46      1.00,42,65      2.57,55,20      1.89,56,30      0.00,23,18      0.16,63,30      0.42,99,90      0.10,54,26      0.00,20,25      0.21,50,25      0.16,50,29      0.00,37,37      0.05,95,74      0.00,35,23      0.00,41,31      0.00,46,46      2.47,75,97      1.52,79,97      1.21,80,97      0.89,53,92      0.37,81,72      0.58,22,65      2.31,61,84      25.0%,8,26      1.73,20,10      0.73,12,33      0.05,13,43      0.68,21,65      1.05,59,97      3.51,68,97      0.68,18,66      0.00,71,60      38.18,8,15      1.15,17,71      7.08,16,75      15.84,11,31      16.10,58,4      2.26,71,11      38.18,8,15      2.05,68,22      1.36,72,38      66.7%,67,94      0.68,44,93      33.3%,67,94      23.39,17,17      155.19,48,25      69.18,41,24      1.10,36,10      0.63,81,28      2.31,19,63      1.26,29,71      24.70,14,10      0.00,52,52      0.89,74,54      1.31,71,46      0.47,4,25      0.00,42,37      0.00,59,53      0.00,51,51      5.04,20,66      0.26,4,15      0.73,75,89      26.3%,6,26       https://fbref.com/req/202302030/images/headshots/862a1c15_2022.jpg
Emil Krafth
FB      0.00,24      0.06,36      0.06,20      0.00,24      0.00,50      0.00,50      0.28,15      0.00,55      0.02,20      0.02,20      0.06,26      0.07,19      1.60,31      2.75,23      1.32,5      0.33,20      0.06,19      16.7%,29      0.00,24      0.00,24      20.40,41      0.00,41      0.05,35      -0.02,41      -0.02,41      30.35,20      42.96,20      70.6%,22      447.25,12      197.57,33      16.08,21      19.17,25      83.9%,12      11.18,23      15.81,29      70.7%,16      1.32,8      4.30,23      30.8%,5      0.04,18      0.33,6      1.93,27      0.39,5      0.06,5      33.38,18      9.42,51      0.33,23      0.00,19      0.06,21      1.16,8      9.09,72      0.00,24      0.00,30      0.00,31      0.00,47      0.17,55      0.94,80      1.05,8      0.61,3      0.22,63      0.06,44      0.06,45      0.06,41      0.06,79      0.11,23      0.11,44      0.00,31      0.00,41      0.00,41      0.00,40      0.00,47      2.04,46      0.88,23      1.38,62      0.61,45      0.06,8      1.49,81      1.98,59      75.0%,97      0.50,86      0.88,16      0.55,82      0.33,1      1.38,67      3.41,54      3.08,76      0.00,72      52.93,18      4.19,75      21.37,66      21.32,14      10.58,12      0.50,12      52.93,18      0.22,1      0.11,1      50.0%,35      0.11,99      50.0%,35      20.38,6      96.61,10      55.96,15      1.16,36      0.17,37      0.50,97      0.22,92      23.41,8      0.00,53      1.21,24      0.61,36      0.00,84      0.00,46      0.00,68      0.00,56      5.18,38      1.21,58      1.60,18      43.1%,25       https://fbref.com/req/202302030/images/headshots/77cf6852_2022.jpg
Ryan Fraser
AM      0.12,22      0.18,65      0.31,37      0.12,25      0.00,40      0.00,38      0.18,28      0.00,53      0.17,26      0.17,30      0.13,38      0.29,24      2.15,21      2.09,16      5.28,22      1.47,16      0.43,19      29.2%,22      0.08,31      0.29,38      18.00,44      0.00,27      0.11,59      -0.04,28      -0.04,26      20.52,21      29.61,28      69.3%,21      328.79,35      99.52,54      12.10,26      14.38,22      84.2%,42      5.28,17      7.86,21      67.2%,13      2.46,72      5.16,78      47.6%,42      0.14,61      1.54,57      1.11,26      1.47,69      0.92,99      26.54,21      2.70,66      0.55,71      0.06,15      0.12,46      5.41,89      0.12,12      1.78,76      0.92,75      0.37,74      0.31,99      0.37,10      0.86,80      3.44,51      2.09,40      0.61,88      0.00,2      0.37,83      0.37,90      0.00,25      0.43,69      0.25,58      0.06,84      0.00,30      0.06,71      0.06,80      0.00,46      0.61,10      0.18,3      0.31,26      0.18,8      0.12,19      0.31,31      0.80,12      38.5%,76      0.49,88      0.68,24      0.06,49      0.61,21      0.68,69      1.29,24      0.68,65      0.00,60      36.25,6      1.35,80      6.27,62      11.80,2      18.49,16      2.58,15      36.25,6      0.25,1      0.06,1      25.0%,2      0.18,99      75.0%,2      22.73,15      111.99,4      59.59,10      1.41,20      0.68,29      1.35,93      0.68,96      25.19,11      0.00,52      0.61,81      1.47,58      0.12,79      0.00,37      0.00,53      0.00,51      3.75,22      0.31,19      1.35,39      18.5%,10       https://fbref.com/req/202302030/images/headshots/d56543a0_2022.jpg
Dan Burn
CB      0.04,50      0.04,75      0.07,51      0.04,50      0.00,50      0.00,50      0.29,22      0.00,59      0.08,83      0.08,83      0.03,65      0.11,82      0.55,55      2.96,50      0.18,51      0.66,72      0.15,55      22.2%,33      0.06,46      0.25,46      9.50,74      0.00,47      0.12,70      -0.04,12      -0.04,12      35.90,29      45.04,33      79.7%,31      688.85,28      219.04,19      11.88,28      14.29,31      83.1%,14      20.51,39      23.21,34      88.3%,38      3.07,22      6.29,25      48.8%,25      0.01,30      0.22,46      2.74,49      0.04,20      0.00,32      44.27,33      0.69,8      0.37,4      0.00,24      0.26,41      0.04,36      0.33,49      0.00,49      0.00,49      0.00,50      0.00,50      0.07,65      0.33,55      0.48,25      0.44,33      0.00,34      0.00,38      0.04,39      0.00,38      0.00,31      0.04,40      0.04,49      0.00,47      0.00,48      0.00,35      0.00,46      0.00,48      1.39,57      0.84,59      0.88,54      0.44,61      0.07,60      0.48,31      0.95,44      50.0%,19      0.48,40      1.32,52      0.88,54      0.44,56      1.61,83      3.00,67      5.56,97      0.00,81      57.72,36      8.08,56      29.06,34      25.74,43      3.18,60      1.24,67      57.72,36      0.11,20      0.00,7      0.0%,7      0.11,30      100.0%,7      29.06,31      135.51,34      64.63,25      0.40,51      0.07,86      0.40,41      0.15,49      32.53,29      0.00,54      0.95,33      0.22,15      0.18,2      0.00,47      0.00,67      0.00,57      4.72,33      3.66,92      1.90,20      65.8%,71       https://fbref.com/req/202302030/images/headshots/b2d31e83_2022.jpg
Matt Targett
FB      0.03,53      0.03,25      0.06,31      0.03,53      0.00,50      0.00,50      0.09,69      0.00,55      0.03,34      0.03,34      0.11,69      0.14,60      0.94,11      4.26,67      3.73,44      0.41,28      0.16,55      38.5%,85      0.08,64      0.20,51      14.80,85      0.00,41      0.06,49      +0.01,67      +0.01,67      36.30,42      50.53,49      71.8%,25      616.68,51      293.79,80      17.62,32      20.31,34      86.7%,30      14.67,55      18.84,56      77.9%,55      3.20,68      8.21,77      38.9%,36      0.10,62      1.29,80      3.61,73      1.03,64      0.44,67      39.06,42      11.29,79      1.22,81      0.13,79      0.41,76      4.23,77      8.68,66      1.38,80      0.78,88      0.34,82      0.22,99      0.19,41      1.10,66      2.51,72      1.60,62      0.63,85      0.06,50      0.06,51      0.16,86      0.00,29      0.13,28      0.09,35      0.03,66      0.00,41      0.00,41      0.00,40      0.00,47      2.35,67      1.38,64      1.69,81      0.60,38      0.06,11      1.50,85      2.57,80      58.5%,60      1.07,27      0.97,25      0.41,67      0.56,19      1.50,79      3.86,69      2.32,49      0.03,41      60.31,44      3.76,51      18.84,47      26.36,50      15.42,44      0.82,29      60.31,44      0.72,15      0.34,14      47.8%,25      0.38,76      52.2%,25      25.83,29      88.87,7      45.39,6      0.75,11      0.13,32      0.69,89      0.28,86      30.19,36      0.00,53      0.75,69      0.72,46      0.03,66      0.00,46      0.03,31      0.03,10      4.55,12      1.60,77      0.82,85      66.2%,95       https://fbref.com/req/202302030/images/headshots/e514ab62_2022.jpg
Callum Wilson
FW      0.52,93      0.00,5      0.52,65      0.39,81      0.13,94      0.13,91      0.26,22      0.00,55      0.40,75      0.30,49      0.03,4      0.33,20      0.91,19      0.58,2      3.38,1      2.14,37      0.78,37      36.4%,52      0.18,92      0.50,93      14.20,61      0.00,39      0.14,62      +0.12,93      +0.09,91      6.95,1      10.32,1      67.3%,39      85.65,1      18.57,1      4.09,1      5.45,1      75.0%,30      1.69,2      2.60,2      65.0%,24      0.19,6      0.32,6      60.0%,58      0.04,6      0.65,12      0.39,4      0.19,6      0.06,45      9.35,1      0.84,39      0.00,22      0.06,24      0.06,45      0.19,7      0.19,58      0.00,37      0.00,40      0.00,42      0.00,48      0.13,52      0.45,84      1.62,9      1.10,7      0.06,83      0.06,17      0.06,2      0.19,50      0.13,94      0.00,2      0.00,3      0.00,44      0.00,29      0.00,21      0.00,27      0.00,44      0.58,27      0.52,58      0.06,19      0.32,45      0.19,34      0.06,11      0.26,2      25.0%,48      0.19,96      0.45,11      0.13,70      0.32,9      0.19,34      0.78,27      0.65,50      0.00,54      20.78,2      0.78,45      1.88,12      8.12,2      10.97,1      4.48,45      20.65,2      1.36,24      0.65,20      47.6%,39      0.71,71      52.4%,39      12.47,7      53.83,4      20.06,11      0.58,17      0.97,58      3.83,9      1.75,35      15.78,4      0.00,53      1.75,14      1.43,70      1.10,7      0.00,30      0.00,52      0.00,51      1.82,6      1.88,57      3.25,34      36.7%,52       https://fbref.com/req/202302030/images/headshots/c596fcb0_2022.jpg
Sean Longstaff
MF      0.06,50      0.06,41      0.12,41      0.06,51      0.00,46      0.00,45      0.06,85      0.00,54      0.04,26      0.04,27      0.05,23      0.10,19      0.12,1      2.64,16      0.92,21      0.92,36      0.12,14      13.3%,7      0.07,56      0.50,91      26.00,10      0.06,74      0.05,29      +0.02,67      +0.02,67      29.57,31      37.13,29      79.6%,52      513.20,41      141.58,38      14.08,31      16.66,32      84.5%,29      10.88,35      12.30,29      88.5%,73      3.20,58      5.47,58      58.4%,48      0.05,24      0.43,8      2.70,36      0.25,8      0.00,9      35.10,30      1.91,54      0.86,53      0.06,25      0.74,87      0.68,33      0.06,16      0.06,50      0.06,59      0.00,28      0.00,43      0.12,54      0.61,79      1.60,13      1.35,22      0.12,63      0.00,13      0.06,25      0.00,11      0.06,67      0.18,41      0.12,40      0.06,88      0.00,40      0.00,35      0.00,41      0.00,46      3.32,96      2.09,99      1.11,72      1.91,99      0.31,69      1.48,96      4.00,98      36.9%,40      2.52,4      1.11,42      0.37,71      0.74,27      0.55,17      3.87,77      1.11,52      0.00,71      47.64,24      2.64,67      12.36,53      26.99,42      8.48,10      0.86,27      47.64,24      0.68,13      0.37,9      54.5%,31      0.31,81      45.5%,31      22.87,17      83.98,4      26.37,3      0.43,4      0.06,21      1.35,64      1.11,40      26.43,17      0.00,52      0.86,75      1.05,50      0.00,77      0.00,42      0.00,59      0.00,51      5.84,44      0.80,50      1.11,50      41.9%,42       https://fbref.com/req/202302030/images/headshots/a2b105e0_2022.jpg
Chris Wood
FW      0.17,25      0.00,5      0.17,4      0.13,19      0.03,70      0.03,66      0.03,86      0.00,55      0.24,24      0.22,22      0.05,9      0.27,6      0.33,4      1.37,22      4.31,12      1.67,7      0.57,11      34.0%,38      0.08,27      0.24,22      12.40,93      0.00,39      0.13,48      -0.08,34      -0.08,30      11.59,9      21.28,37      54.5%,1      138.57,11      33.14,22      8.35,32      13.70,61      61.0%,1      2.10,4      4.28,19      49.2%,1      0.33,19      0.53,11      62.5%,64      0.03,4      0.63,11      1.50,70      0.20,9      0.00,16      21.01,45      0.13,12      0.00,22      0.03,17      0.10,61      0.23,11      0.00,8      0.03,75      0.03,83      0.00,42      0.00,48      0.13,48      0.77,63      1.54,6      1.17,16      0.00,34      0.07,20      0.13,12      0.17,35      0.00,28      0.13,9      0.10,19      0.00,44      0.00,29      0.00,21      0.03,65      0.00,44      0.30,9      0.17,11      0.03,11      0.13,7      0.13,22      0.13,24      0.40,9      33.3%,75      0.27,93      0.60,30      0.20,83      0.40,14      0.07,12      0.37,6      0.40,32      0.00,54      29.80,20      0.70,35      2.00,14      14.67,52      13.20,9      3.17,7      29.77,20      0.60,2      0.20,4      33.3%,9      0.40,94      66.7%,9      12.19,4      35.01,1      10.29,1      0.30,2      0.10,1      2.81,57      0.67,91      23.32,35      0.00,53      1.10,55      0.57,9      0.87,16      0.03,71      0.00,52      0.00,51      1.54,2      6.82,99      6.38,7      51.6%,94       https://fbref.com/req/202302030/images/headshots/4e9a0555_2022.jpg
Javier Manquillo
FB      0.07,77      0.14,77      0.21,82      0.07,77      0.00,50      0.00,50      0.36,5      0.00,55      0.02,25      0.02,25      0.02,3      0.04,3      0.43,1      1.58,1      1.79,12      0.29,14      0.14,51      50.0%,95      0.25,99      0.50,78      15.20,82      0.00,41      0.06,49      +0.05,92      +0.05,92      22.05,3      30.36,2      72.6%,32      295.92,2      116.06,5      13.89,10      15.97,8      87.0%,33      6.09,2      8.88,1      68.5%,8      0.86,1      2.72,1      31.6%,6      0.02,1      0.29,5      1.36,8      0.00,1      0.00,1      22.98,1      7.30,21      0.21,8      0.00,19      0.00,6      0.64,3      7.09,28      0.00,24      0.00,30      0.00,31      0.00,47      0.07,90      1.07,67      0.93,3      0.79,7      0.00,9      0.00,16      0.00,16      0.14,77      0.00,29      0.29,75      0.21,80      0.00,31      0.00,41      0.00,41      0.07,94      0.00,47      2.79,82      2.08,98      2.00,94      0.72,56      0.07,15      1.50,84      2.58,81      58.3%,59      1.07,25      1.07,38      0.43,72      0.64,31      0.72,8      3.51,58      2.29,47      0.00,72      41.03,2      4.01,66      17.47,36      15.39,2      8.52,3      0.57,15      41.03,2      1.29,53      0.72,54      55.6%,55      0.57,47      44.4%,55      15.32,1      72.89,1      31.65,2      0.79,14      0.00,5      1.00,63      0.21,94      16.47,1      0.00,53      0.64,79      1.22,80      0.07,40      0.00,46      0.00,68      0.00,56      4.08,5      1.15,53      0.93,68      55.2%,66       https://fbref.com/req/202302030/images/headshots/758dd7f0_2022.jpg
Matt Ritchie
FB      0.00,24      0.13,71      0.13,56      0.00,24      0.00,50      0.00,50      0.34,8      0.00,55      0.05,66      0.05,66      0.13,81      0.18,76      0.54,2      3.23,40      2.69,33      0.67,60      0.07,29      10.0%,16      0.00,24      0.00,24      22.40,16      0.07,88      0.07,65      -0.05,14      -0.05,14      34.33,33      48.06,41      71.4%,24      615.59,50      299.21,82      17.64,33      19.39,29      91.0%,90      10.50,16      13.93,15      75.4%,40      5.32,93      12.18,98      43.6%,55      0.17,89      1.88,92      2.83,56      1.08,69      0.54,80      35.54,31      12.32,89      2.15,95      0.00,19      0.54,84      7.00,97      6.93,27      3.23,95      1.95,98      1.14,92      0.07,97      0.20,38      0.40,99      3.16,86      1.48,56      1.48,98      0.00,16      0.13,82      0.00,14      0.07,85      0.20,54      0.13,51      0.07,84      0.00,41      0.00,41      0.00,40      0.00,47      1.48,18      1.01,28      0.67,18      0.67,54      0.13,33      0.67,18      1.82,49      37.0%,3      1.14,23      0.67,3      0.13,18      0.54,15      0.88,19      2.36,14      1.75,18      0.00,72      55.74,27      2.89,21      17.30,33      22.95,25      15.95,46      0.47,11      55.74,27      0.40,3      0.27,8      66.7%,84      0.13,95      33.3%,84      25.04,21      91.08,8      39.31,5      0.54,2      0.07,16      0.74,85      0.34,75      27.53,25      0.00,53      0.88,58      0.61,34      0.00,84      0.00,46      0.00,68      0.00,56      4.71,18      0.94,37      1.14,47      45.2%,35       https://fbref.com/req/202302030/images/headshots/71ef519e_2022.jpg
Jacob Murphy
AM,FB      0.06,8,72      0.12,38,68      0.18,13,76      0.06,8,72      0.00,40,50      0.00,38,50      0.24,13,23      0.00,53,55      0.13,12,93      0.13,15,93      0.16,54,88      0.29,26,92      3.12,52,88      2.69,37,21      4.89,17,66      1.65,26,93      0.31,7,84      18.5%,4,36      0.04,12,53      0.20,24,51      19.30,26,49      0.06,63,86      0.08,25,78      -0.07,16,2      -0.07,17,2      22.24,33,5      35.50,51,6      62.7%,6,2      334.83,38,5      120.67,72,6      11.12,19,3      14.24,21,3      78.1%,10,2      7.27,46,5      11.18,58,6      65.0%,7,5      1.77,52,20      5.01,75,37      35.4%,8,18      0.12,40,75      1.22,31,77      2.02,67,32      1.16,54,77      0.37,76,51      30.06,35,6      5.25,92,10      0.55,70,41      0.06,13,55      0.18,53,46      3.30,66,62      4.46,99,10      0.24,44,66      0.24,56,71      0.00,23,31      0.00,42,47      0.18,40,44      1.96,2,8      2.81,28,77      2.08,38,79      0.12,52,45      0.12,19,72      0.31,71,97      0.18,47,92      0.00,25,29      0.37,52,89      0.18,40,72      0.00,37,31      0.00,30,41      0.12,96,99      0.06,79,90      0.00,46,47      2.99,99,90      1.59,98,77      2.08,99,95      0.67,66,53      0.24,47,59      1.59,99,89      2.51,89,77      63.4%,99,79      0.92,54,38      1.22,78,64      0.12,79,11      1.10,78,8      1.41,99,68      4.40,99,92      1.04,88,3      0.00,60,72      48.57,56,7      2.02,96,10      13.14,97,6      18.33,49,8      18.21,13,58      3.48,44,98      48.57,56,7      1.77,13,73      0.79,13,58      44.8%,26,18      0.98,72,21      55.2%,26,18      24.75,24,19      173.46,35,60      86.70,52,54      1.71,37,75      1.28,57,99      1.77,84,16      1.28,66,6      25.72,15,15      0.00,52,53      0.98,48,45      0.86,15,58      0.12,80,21      0.00,37,46      0.06,2,12      0.00,51,56      5.99,92,68      0.86,66,28      2.02,19,3      29.8%,38,6       https://fbref.com/req/202302030/images/headshots/de112b84_2022.jpg
Ciaran Clark
CB      0.00,18      0.09,93      0.09,57      0.00,18      0.00,50      0.00,50      0.18,52      0.09,2      0.10,92      0.10,92      0.03,60      0.12,90      0.18,20      1.51,12      0.53,81      0.62,64      0.09,25      14.3%,15      0.00,18      0.00,18      7.80,93      0.00,47      0.15,90      -0.10,1      -0.10,1      25.74,6      32.84,2      78.4%,25      455.06,2      157.28,2      9.76,18      11.18,17      87.3%,35      13.49,8      16.07,8      84.0%,22      1.78,3      3.64,3      48.8%,25      0.03,57      0.36,75      1.33,12      0.09,39      0.09,85      31.95,3      0.62,3      0.44,9      0.00,24      0.00,5      0.09,52      0.18,31      0.00,49      0.00,49      0.00,50      0.00,50      0.27,8      0.18,82      0.71,52      0.62,60      0.00,34      0.00,38      0.09,64      0.00,38      0.00,31      0.09,59      0.09,72      0.00,47      0.00,48      0.00,35      0.00,46      0.00,48      1.15,38      0.89,64      0.36,8      0.62,80      0.18,92      0.80,62      1.24,62      64.3%,62      0.44,44      1.24,45      0.98,66      0.27,25      1.15,54      2.31,40      3.82,50      0.09,27      41.18,1      6.48,20      22.90,7      15.53,2      2.93,52      1.95,93      41.18,1      0.44,76      0.36,78      80.0%,62      0.09,41      20.0%,62      20.50,6      71.63,2      32.04,2      0.27,40      0.00,30      0.27,73      0.18,40      22.99,7      0.00,54      0.53,72      0.44,54      0.09,17      0.00,47      0.09,12      0.00,57      4.35,22      2.31,51      1.33,64      63.4%,60       https://fbref.com/req/202302030/images/headshots/2b91cf8e_2022.jpg
Isaac Hayden
MF      0.09,59      0.00,10      0.09,29      0.09,61      0.00,46      0.00,45      0.45,3      0.00,54      0.04,17      0.04,18      0.00,2      0.04,4      0.27,3      1.35,3      0.90,17      0.45,9      0.09,12      20.0%,20      0.20,96      1.00,96      14.10,97      0.00,32      0.08,65      +0.05,85      +0.05,85      23.44,17      30.63,14      76.5%,37      373.65,19      81.83,13      11.59,14      13.56,13      85.4%,36      8.89,25      10.78,20      82.5%,44      1.62,21      3.05,23      52.9%,38      0.01,1      0.18,2      1.80,17      0.00,1      0.00,9      29.10,14      1.44,43      0.72,47      0.00,7      0.09,21      0.72,35      0.00,5      0.00,22      0.00,28      0.00,28      0.00,43      0.09,66      0.54,84      0.54,1      0.54,2      0.00,23      0.00,13      0.00,8      0.00,11      0.00,20      0.09,11      0.09,26      0.00,37      0.00,40      0.00,35      0.00,41      0.00,46      2.52,76      1.26,60      0.99,61      1.26,82      0.27,60      1.08,74      2.60,76      41.4%,56      1.53,28      1.53,73      0.72,99      0.81,37      1.26,75      3.77,76      2.16,91      0.00,71      41.95,13      3.77,92      16.08,78      20.48,17      6.11,4      0.90,31      41.95,13      1.35,36      0.81,41      60.0%,44      0.54,57      40.0%,44      19.85,6      76.26,2      24.79,2      0.72,19      0.09,28      1.44,52      0.72,73      22.28,6      0.00,52      1.26,42      0.72,25      0.00,77      0.00,42      0.00,59      0.00,51      4.13,6      1.71,86      1.35,29      55.9%,80       https://fbref.com/req/202302030/images/headshots/c951a6df_2022.jpg
Bruno Guimarães
MF      0.44,96      0.09,54      0.52,93      0.44,96      0.00,46      0.00,45      0.35,9      0.00,54      0.27,94      0.27,96      0.10,58      0.37,90      1.57,54      4.70,54      1.31,29      2.00,85      1.04,96      52.2%,95      0.22,97      0.42,81      18.00,76      0.00,32      0.16,98      +0.17,98      +0.17,98      38.38,56      45.44,50      84.5%,76      685.53,63      169.03,53      18.10,51      20.11,49      90.0%,73      13.58,52      15.49,48      87.6%,67      5.14,83      6.35,68      80.8%,96      0.12,75      1.04,53      3.57,54      1.13,74      0.35,86      43.78,54      1.48,45      1.04,65      0.35,79      0.61,80      1.04,47      0.26,56      0.00,22      0.00,28      0.00,28      0.00,43      0.17,36      1.39,11      2.70,58      1.91,58      0.00,23      0.09,46      0.52,99      0.09,46      0.09,83      0.35,77      0.09,25      0.00,37      0.00,40      0.26,99      0.00,41      0.00,46      3.83,99      2.00,97      1.57,93      1.91,99      0.35,79      1.83,99      3.31,92      55.3%,93      1.48,32      2.18,97      0.52,90      1.65,96      0.78,29      4.61,94      1.13,54      0.00,71      61.02,59      2.70,69      14.10,64      32.81,63      15.32,53      1.83,63      61.02,59      3.48,91      1.91,92      55.0%,33      1.57,13      45.0%,33      37.08,73      203.07,77      69.20,42      1.31,49      0.35,65      2.09,25      2.52,3      40.21,65      0.00,52      1.13,53      3.13,99      0.35,8      0.00,42      0.00,59      0.00,51      7.05,72      0.35,7      0.78,71      30.8%,15       https://fbref.com/req/202302030/images/headshots/82518f62_2022.jpg
Karl Darlow
GK      1.88,25      4.63,63      2.88,48      64.9%,15      0.00,2      0.63,98      0.38,46      0.00,4      0.0%,4      0.25,85      0.25,4      0.00,37      0.00,37      0.0%,37      0.00,77      0.13,65      0.13,13      1.19,60      0.21,2      -0.56,2      9.00,94      20.38,83      44.2%,92      23.38,40      3.50,13      61.5%,87      44.5,87      7.75,67      77.4%,83      56.7,83      13.25,29      0.63,37      4.7%,38      0.50,10      10.5,10       https://fbref.com/req/202302030/images/headshots/cde3309f_2022.jpg