
Hugo Lloris
GK      1.05,87      3.61,17      2.58,21      72.3%,65      0.58,87      0.13,10      0.29,21      0.42,90      42.1%,90      0.05,21      0.05,75      0.00,37      0.00,37      0.0%,37      0.03,52      0.13,60      0.03,75      0.99,83      0.26,37      -0.04,60      3.03,21      7.34,13      41.2%,75      17.79,6      4.24,33      29.6%,25      31.0,29      7.32,37      28.4%,10      26.5,6      14.92,52      0.87,67      5.8%,48      1.18,52      14.2,42       https://fbref.com/req/202302030/images/headshots/8f62b6ee_2022.jpg
Harry Kane
FW      0.47,88      0.25,88      0.72,93      0.36,75      0.11,92      0.11,89      0.14,57      0.00,55      0.52,93      0.43,83      0.25,94      0.68,93      2.42,61      3.98,84      5.90,42      3.59,98      1.36,93      38.0%,63      0.10,41      0.27,34      17.30,15      0.22,96      0.12,34      -0.04,40      -0.07,35      17.74,61      26.32,66      67.4%,41      309.76,76      104.68,88      8.49,35      11.06,27      76.8%,35      5.49,68      7.88,71      69.6%,47      2.53,96      3.90,93      65.0%,71      0.15,84      1.36,75      2.48,96      1.17,81      0.17,78      24.70,68      1.31,61      0.28,93      0.61,98      0.36,93      1.17,68      0.50,94      0.00,37      0.00,40      0.00,42      0.00,48      0.31,4      1.20,22      3.56,78      2.62,84      0.06,80      0.28,65      0.45,93      0.17,37      0.00,28      0.58,94      0.47,98      0.00,44      0.03,58      0.08,83      0.00,27      0.00,44      0.42,12      0.14,7      0.06,16      0.28,34      0.08,11      0.19,42      0.50,20      38.9%,87      0.31,89      0.72,47      0.22,88      0.50,30      0.08,17      0.50,12      1.09,83      0.00,54      38.62,68      1.42,88      3.82,60      17.60,78      17.79,55      4.73,52      38.51,65      2.78,68      1.50,70      54.0%,65      1.28,34      46.0%,65      24.81,75      140.93,70      61.49,60      1.59,73      0.86,50      2.70,60      1.70,37      30.49,73      0.00,53      1.17,52      1.50,75      0.45,61      0.00,30      0.00,52      0.00,51      2.56,32      2.09,61      2.26,65      48.1%,89       https://fbref.com/req/202302030/images/headshots/21a66f6a_2022.jpg
Pierre Højbjerg
MF      0.06,46      0.06,38      0.11,36      0.06,48      0.00,46      0.00,45      0.08,82      0.00,54      0.05,35      0.05,36      0.06,34      0.12,27      1.30,39      6.81,83      1.32,30      0.87,31      0.28,45      32.3%,59      0.06,51      0.20,48      22.20,34      0.03,65      0.06,44      0.00,59      0.00,60      64.40,95      72.37,95      89.0%,92      1066.82,95      304.13,94      31.40,93      33.76,92      93.0%,93      24.70,90      27.06,92      91.3%,89      5.46,88      7.58,81      72.1%,82      0.08,49      0.70,24      6.45,88      1.01,64      0.08,35      68.94,95      3.21,72      2.68,96      0.23,62      0.79,93      0.51,27      0.37,69      0.06,48      0.00,28      0.00,28      0.00,43      0.23,21      0.28,99      2.42,50      2.00,63      0.08,56      0.17,67      0.03,16      0.03,24      0.11,89      0.20,47      0.20,63      0.00,37      0.00,40      0.00,35      0.00,41      0.00,46      2.20,58      1.27,64      0.87,50      1.07,71      0.25,54      1.07,72      2.39,66      44.7%,68      1.32,43      1.72,84      0.37,71      1.35,83      1.35,79      3.55,70      1.52,74      0.00,71      81.75,95      3.24,82      20.11,93      50.01,95      12.50,38      0.84,26      81.75,95      1.69,50      1.18,62      70.0%,78      0.51,60      30.0%,78      49.70,93      235.53,86      113.54,84      1.18,42      0.20,47      0.90,90      0.62,80      59.19,92      0.00,52      0.79,83      1.10,56      0.00,77      0.00,42      0.00,59      0.00,51      7.91,87      0.65,34      0.54,92      54.8%,76       https://fbref.com/req/202302030/images/headshots/8b04d6c1_2022.jpg
Eric Dier
CB      0.00,18      0.00,33      0.00,14      0.00,18      0.00,50      0.00,50      0.03,92      0.00,59      0.04,34      0.04,34      0.03,62      0.07,41      0.38,41      3.02,55      0.18,46      0.38,33      0.12,41      30.8%,55      0.00,18      0.00,18      14.40,22      0.12,98      0.09,51      -0.04,15      -0.04,15      60.25,82      68.61,80      87.8%,80      1165.63,83      489.33,96      19.93,73      21.07,71      94.6%,93      33.35,83      35.64,82      93.6%,83      6.18,76      10.29,83      60.1%,69      0.03,71      0.21,44      2.87,55      0.26,66      0.03,65      66.53,80      1.82,49      1.52,75      0.15,87      0.41,61      0.03,27      0.18,30      0.00,49      0.00,49      0.00,50      0.00,50      0.26,9      0.21,72      0.88,61      0.73,67      0.00,34      0.00,38      0.12,72      0.00,38      0.03,67      0.15,81      0.09,71      0.00,47      0.00,48      0.06,88      0.00,46      0.00,48      0.44,3      0.26,4      0.18,2      0.23,24      0.03,38      0.21,6      0.41,4      50.0%,19      0.21,83      1.08,31      0.94,62      0.15,8      0.79,17      1.23,2      4.16,66      0.03,62      76.49,75      12.34,96      42.55,93      32.56,72      1.67,19      0.67,28      76.49,75      0.06,10      0.03,15      50.0%,21      0.03,73      50.0%,21      50.91,90      275.01,91      146.85,83      0.38,46      0.09,88      0.15,97      0.06,80      57.76,85      0.00,54      0.35,92      0.26,27      0.00,75      0.00,47      0.00,67      0.03,13      3.84,9      2.05,39      1.58,44      56.5%,31       https://fbref.com/req/202302030/images/headshots/ac861941_2022.jpg
Son Heung-min
AM      0.69,98      0.21,71      0.90,94      0.69,99      0.00,40      0.00,38      0.06,70      0.00,53      0.48,92      0.48,93      0.22,76      0.70,93      3.47,65      2.69,38      7.25,56      2.57,72      1.44,97      55.8%,98      0.27,99      0.48,86      15.70,76      0.06,61      0.19,97      +0.21,97      +0.21,97      27.78,57      36.50,56      76.1%,63      372.84,48      94.25,51      17.04,66      18.65,56      91.3%,97      7.16,43      9.46,42      75.6%,47      1.44,48      4.52,66      31.8%,6      0.17,71      2.16,88      0.99,20      1.26,63      0.12,26      30.15,37      6.20,97      1.11,89      0.06,12      0.09,30      5.75,92      0.21,35      4.70,99      1.98,96      1.59,97      0.00,42      0.15,48      0.99,67      4.04,76      2.46,56      1.05,97      0.06,7      0.27,50      0.18,44      0.03,52      0.39,57      0.21,43      0.09,90      0.00,30      0.00,23      0.09,92      0.00,46      0.45,3      0.18,1      0.15,7      0.21,13      0.09,11      0.15,7      0.69,8      21.7%,18      0.54,87      0.81,39      0.18,89      0.63,22      0.39,31      0.84,7      0.24,19      0.00,60      46.26,43      0.45,21      4.37,28      16.89,40      25.96,76      4.37,65      46.26,43      2.75,42      1.53,52      55.4%,63      1.20,61      43.5%,66      27.31,37      190.15,56      93.50,62      2.04,60      1.50,70      2.25,65      1.38,57      32.28,38      0.00,52      0.42,94      1.08,33      0.51,17      0.06,89      0.00,53      0.00,51      4.31,47      0.48,34      1.05,63      31.4%,47       https://fbref.com/req/202302030/images/headshots/92e7e919_2022.jpg
Ben Davies
CB      0.04,46      0.04,73      0.07,49      0.04,46      0.00,50      0.00,50      0.21,38      0.00,59      0.08,87      0.08,87      0.02,49      0.10,75      2.20,97      4.86,83      2.13,97      0.64,68      0.25,82      38.9%,75      0.06,46      0.14,34      17.10,12      0.00,47      0.13,80      -0.05,9      -0.05,9      49.33,65      58.44,59      84.4%,55      796.49,44      266.10,33      24.68,87      26.84,87      91.9%,73      21.35,44      24.15,39      88.4%,39      2.41,9      4.86,12      49.6%,31      0.03,70      0.39,83      3.97,76      0.50,88      0.11,90      55.57,62      2.84,77      1.21,54      0.04,57      0.67,82      0.67,88      1.63,82      0.00,49      0.00,49      0.00,50      0.00,50      0.04,85      0.99,7      1.06,76      0.99,86      0.04,77      0.00,38      0.04,35      0.00,38      0.00,31      0.11,70      0.07,70      0.00,47      0.00,48      0.04,81      0.00,46      0.00,48      1.28,46      0.74,45      0.71,38      0.43,56      0.14,85      0.46,29      0.92,40      50.0%,19      0.46,43      1.13,38      0.67,33      0.46,60      1.06,40      2.34,44      2.66,15      0.04,57      66.95,55      4.96,8      25.78,17      32.13,65      9.43,91      1.10,61      66.95,55      0.39,70      0.25,64      63.6%,35      0.14,24      36.4%,35      42.94,69      250.18,83      152.31,85      2.16,99      0.00,30      0.78,10      0.35,8      47.66,66      0.00,54      1.10,13      0.64,72      0.18,3      0.00,47      0.04,24      0.00,57      3.76,3      2.38,52      1.84,22      56.3%,29       https://fbref.com/req/202302030/images/headshots/44781702_2022.jpg
Emerson
FB,MF      0.04,58,36      0.04,27,29      0.08,36,23      0.04,58,38      0.00,50,46      0.00,50,45      0.20,32,46      0.00,55,54      0.06,76,38      0.06,76,39      0.09,55,50      0.14,63,37      2.68,76,79      2.68,20,17      6.89,85,93      0.59,51,14      0.16,56,19      26.7%,60,40      0.07,58,56      0.25,57,59      14.60,88,94      0.00,41,32      0.10,90,82      -0.02,38,41      -0.02,38,40      46.06,71,71      57.09,67,71      80.7%,86,56      642.91,63,58      159.25,16,46      27.01,80,85      30.00,80,86      90.0%,75,73      14.49,53,57      18.07,51,59      80.2%,64,37      2.05,29,32      3.70,12,33      55.3%,85,40      0.12,79,73      1.10,72,56      1.26,5,9      1.10,72,71      0.55,81,94      47.01,67,62      10.00,64,98      0.63,46,42      0.04,41,17      0.08,25,17      2.91,53,71      9.37,81,99      0.00,24,22      0.00,30,28      0.00,31,28      0.00,47,43      0.08,86,70      1.85,10,1      1.97,55,27      1.65,66,45      0.00,9,23      0.16,81,63      0.08,60,32      0.08,50,43      0.00,29,20      0.16,36,27      0.16,62,50      0.00,31,37      0.00,41,40      0.00,41,35      0.00,40,41      0.00,47,46      2.83,84,86      1.85,94,95      1.97,93,99      0.63,49,25      0.24,58,50      1.42,77,94      2.64,85,78      53.7%,41,90      1.22,19,55      0.98,27,30      0.08,2,19      0.91,63,1      0.87,15,37      3.70,66,73      3.62,92,99      0.04,36,31      69.49,69,75      3.86,55,94      22.80,84,99      26.22,49,36      20.87,75,76      2.20,76,69      69.49,69,76      1.34,55,35      0.67,51,27      50.0%,35,18      0.67,42,46      50.0%,35,18      35.87,69,67      171.02,55,58      89.65,58,66      1.10,29,37      0.32,59,63      1.06,58,81      0.71,33,75      40.12,67,64      0.00,53,52      1.10,34,58      1.77,93,88      0.08,36,40      0.00,46,42      0.00,68,59      0.00,56,51      5.98,67,47      1.30,63,71      1.65,12,19      44.0%,28,46       https://fbref.com/req/202302030/images/headshots/df8b52a5_2022.jpg
Sergio Reguilón
FB      0.09,86      0.14,75      0.23,88      0.09,86      0.00,50      0.00,50      0.19,38      0.00,55      0.14,94      0.14,94      0.16,86      0.30,93      2.96,84      2.35,10      6.76,82      0.99,81      0.42,89      42.9%,88      0.10,73      0.22,53      15.20,82      0.00,41      0.14,97      -0.05,15      -0.05,15      35.23,37      46.69,36      75.5%,49      553.53,36      157.92,14      18.51,37      21.28,37      87.0%,33      12.73,44      16.68,38      76.3%,49      2.54,45      4.65,31      54.5%,84      0.18,90      1.36,81      1.64,16      1.46,88      0.99,99      39.03,41      7.47,24      0.66,49      0.05,45      0.47,80      3.95,76      6.34,21      0.47,75      0.28,73      0.05,64      0.00,47      0.19,42      1.03,72      2.72,73      2.07,77      0.09,41      0.19,86      0.19,89      0.14,76      0.05,69      0.23,64      0.23,81      0.00,31      0.00,41      0.00,41      0.00,40      0.00,47      1.88,37      1.13,37      0.70,20      0.85,71      0.33,82      1.03,49      2.02,60      51.2%,32      0.99,33      0.94,19      0.38,59      0.56,18      1.46,75      3.34,47      2.11,33      0.05,27      58.20,36      3.15,33      16.02,21      22.55,23      20.20,69      2.25,77      58.20,36      2.16,82      0.89,71      41.3%,12      1.27,7      58.7%,12      30.39,44      166.57,53      84.22,53      1.69,73      0.85,86      1.41,33      0.61,46      35.37,51      0.00,53      1.03,40      1.13,76      0.05,58      0.00,46      0.00,68      0.00,56      4.65,15      1.46,71      1.03,58      58.5%,75       https://fbref.com/req/202302030/images/headshots/3353737a_2022.jpg
Cristian Romero
CB      0.05,57      0.00,33      0.05,40      0.05,57      0.00,50      0.00,50      0.39,4      0.00,59      0.02,23      0.02,23      0.01,41      0.03,17      1.12,80      3.17,61      0.44,77      0.29,18      0.10,30      33.3%,62      0.17,81      0.50,67      13.90,23      0.00,47      0.08,43      +0.02,73      +0.02,73      56.08,72      64.67,71      86.7%,69      988.88,69      346.48,69      23.09,83      25.23,83      91.5%,64      26.89,65      28.80,62      93.4%,80      4.54,61      7.76,46      58.5%,66      0.02,55      0.29,69      2.78,52      0.34,77      0.00,32      62.52,72      2.10,64      1.71,87      0.10,83      0.63,81      0.00,12      0.39,55      0.00,49      0.00,49      0.00,50      0.00,50      0.05,82      0.68,14      0.93,65      0.78,73      0.05,81      0.00,38      0.00,14      0.05,87      0.05,88      0.10,62      0.05,56      0.00,47      0.00,48      0.00,35      0.00,46      0.05,99      3.03,99      1.90,99      1.90,98      1.02,97      0.10,70      1.07,88      1.66,83      64.7%,65      0.59,20      2.25,98      1.02,72      1.22,99      1.61,85      4.64,98      3.61,43      0.05,50      77.16,78      11.27,90      39.58,85      33.58,77      4.88,73      1.07,57      77.16,78      0.68,87      0.44,85      64.3%,36      0.24,9      35.7%,36      48.66,82      256.09,87      154.57,88      1.07,83      0.05,75      0.68,15      0.24,23      50.95,73      0.00,54      1.37,2      0.73,81      0.10,14      0.00,47      0.05,19      0.00,57      7.22,94      2.10,41      1.46,52      58.9%,43       https://fbref.com/req/202302030/images/headshots/a3d94a58_2022.jpg
Lucas Moura
AM      0.10,17      0.30,89      0.41,53      0.10,20      0.00,40      0.00,38      0.20,22      0.00,53      0.14,13      0.14,16      0.25,88      0.39,56      2.43,31      5.02,84      4.41,11      1.88,38      0.56,25      29.7%,29      0.05,17      0.18,17      16.70,60      0.00,27      0.07,14      -0.04,33      -0.04,31      28.75,63      39.25,67      73.3%,44      388.75,56      114.95,70      17.24,67      20.94,71      82.3%,33      9.13,66      12.32,71      74.1%,37      0.86,20      1.93,25      44.7%,30      0.14,62      1.72,71      2.99,80      1.37,65      0.20,46      37.77,72      1.01,28      0.41,58      0.41,83      0.00,6      1.67,39      0.35,56      0.05,29      0.00,19      0.00,23      0.00,42      0.46,6      1.22,34      3.40,49      2.64,66      0.00,18      0.35,65      0.10,15      0.30,80      0.00,25      0.61,89      0.51,93      0.00,37      0.05,72      0.00,23      0.05,76      0.00,46      1.27,48      0.51,25      0.35,35      0.71,72      0.20,37      0.41,49      1.77,66      22.9%,20      1.37,28      0.96,54      0.00,13      0.96,63      0.91,88      2.18,69      0.96,83      0.00,60      51.77,71      1.06,67      5.22,48      25.86,85      21.70,42      3.14,29      51.77,71      4.66,88      2.84,93      60.9%,76      1.83,28      39.1%,76      32.91,75      193.23,62      91.37,60      3.09,93      0.46,21      2.99,26      1.67,35      39.14,76      0.00,52      1.01,43      1.88,76      0.15,72      0.00,37      0.00,53      0.00,51      4.82,61      2.43,98      1.62,34      60.0%,98       https://fbref.com/req/202302030/images/headshots/2b622f01_2022.jpg
Davinson Sánchez
CB      0.11,87      0.00,33      0.11,72      0.11,87      0.00,50      0.00,50      0.22,33      0.00,59      0.12,98      0.12,98      0.02,45      0.13,92      1.16,81      3.59,67      0.44,78      0.72,77      0.17,57      23.1%,36      0.15,76      0.67,77      9.60,72      0.00,47      0.16,92      -0.01,52      -0.01,52      54.85,70      62.52,69      87.7%,77      948.67,65      289.26,43      21.96,81      23.89,77      91.9%,73      28.42,70      30.13,69      94.3%,89      3.26,30      6.13,24      53.2%,48      0.06,90      0.28,61      3.86,73      0.33,73      0.06,75      61.14,71      1.32,31      1.10,49      0.06,69      0.33,51      0.11,57      0.22,39      0.00,49      0.00,49      0.00,50      0.00,50      0.06,80      0.44,36      1.10,78      1.05,88      0.00,34      0.00,38      0.06,45      0.00,38      0.00,31      0.06,48      0.06,60      0.00,47      0.00,48      0.00,35      0.00,46      0.00,48      2.26,88      1.21,82      1.38,87      0.77,90      0.11,75      1.05,83      1.55,80      67.9%,75      0.50,36      1.32,55      0.88,55      0.44,57      1.66,86      3.92,92      2.98,27      0.17,3      72.67,69      7.06,35      30.79,46      36.75,82      5.46,77      1.21,65      72.67,69      0.33,62      0.22,57      66.7%,41      0.11,29      33.3%,41      47.07,77      234.30,80      124.54,71      1.43,90      0.00,30      0.50,30      0.11,59      50.44,72      0.00,54      0.88,41      0.61,70      0.06,31      0.00,47      0.00,67      0.00,57      5.68,65      2.48,55      1.99,15      55.6%,23       https://fbref.com/req/202302030/images/headshots/da7b447d_2022.jpg
Rodrigo Bentancur
MF      0.00,16      0.26,95      0.26,69      0.00,17      0.00,46      0.00,45      0.33,12      0.00,54      0.05,34      0.05,35      0.17,86      0.22,66      1.32,41      5.03,63      0.73,13      0.93,38      0.13,17      14.3%,9      0.00,17      0.00,17      19.50,67      0.00,32      0.06,44      -0.05,17      -0.05,17      60.31,93      67.38,92      89.5%,95      989.67,92      224.77,73      27.77,87      30.02,87      92.5%,89      25.39,92      27.05,92      93.9%,96      4.23,71      5.82,63      72.7%,85      0.09,61      0.99,47      5.36,82      0.26,10      0.13,54      66.26,93      1.12,35      0.93,59      0.33,76      0.53,76      0.60,29      0.20,49      0.00,22      0.00,28      0.00,28      0.00,43      0.00,93      0.93,47      2.51,53      2.18,71      0.00,23      0.07,42      0.13,58      0.07,40      0.07,71      0.46,91      0.40,91      0.00,37      0.00,40      0.07,93      0.00,41      0.00,46      2.38,69      1.19,52      0.93,55      0.93,59      0.53,91      1.06,71      2.12,53      50.0%,83      1.06,64      1.59,77      0.60,96      0.99,55      1.32,79      3.70,74      2.31,93      0.00,71      78.30,92      3.90,95      16.86,83      49.40,94      12.76,39      0.99,35      78.30,92      1.32,32      0.93,49      70.0%,78      0.40,71      30.0%,78      50.26,94      239.58,88      117.77,85      1.39,53      0.13,38      0.79,94      0.86,58      59.38,93      0.00,52      1.45,28      0.86,34      0.00,77      0.00,42      0.00,59      0.00,51      5.82,42      1.39,75      1.19,38      53.8%,74       https://fbref.com/req/202302030/images/headshots/3b8674e6_2022.jpg
Oliver Skipp
MF      0.00,16      0.00,10      0.00,6      0.00,17      0.00,46      0.00,45      0.40,5      0.00,54      0.01,8      0.01,8      0.05,21      0.07,9      1.80,57      5.07,63      1.20,26      0.27,2      0.07,9      25.0%,33      0.00,17      0.00,17      24.80,16      0.00,32      0.06,44      -0.01,45      -0.01,44      50.87,80      56.73,71      89.7%,96      777.67,72      198.93,64      25.53,82      27.20,79      93.9%,97      20.13,80      21.53,75      93.5%,96      2.40,44      3.93,37      61.0%,56      0.07,43      0.53,15      5.20,79      0.73,50      0.13,54      55.73,77      1.00,26      1.00,63      0.20,56      0.27,50      0.40,22      0.00,5      0.00,22      0.00,28      0.00,28      0.00,43      0.00,93      0.67,75      1.60,14      1.47,32      0.00,23      0.07,42      0.07,28      0.00,11      0.00,20      0.20,48      0.20,65      0.00,37      0.00,40      0.00,35      0.00,41      0.00,46      2.20,58      1.27,63      0.93,57      1.20,79      0.07,10      1.00,65      2.07,46      48.4%,79      1.07,63      1.27,51      0.47,87      0.80,35      0.80,32      3.00,48      0.67,17      0.07,14      64.87,68      1.73,33      11.40,45      43.53,87      10.13,17      0.73,23      64.87,68      0.40,4      0.27,5      66.7%,67      0.13,96      33.3%,67      38.73,75      191.80,70      96.93,75      1.87,74      0.20,48      1.00,84      0.73,72      47.40,77      0.00,52      1.07,63      1.07,52      0.07,42      0.00,42      0.00,59      0.00,51      5.13,22      0.80,51      0.67,80      54.5%,75       https://fbref.com/req/202302030/images/headshots/6250083a_2022.jpg
Dejan Kulusevski
AM      0.36,74      0.57,98      0.93,96      0.36,76      0.00,40      0.00,38      0.21,20      0.00,53      0.19,35      0.19,39      0.24,84      0.44,71      3.64,70      2.50,29      7.14,51      1.86,35      0.64,33      34.6%,44      0.19,88      0.56,97      16.90,57      0.00,27      0.11,59      +0.16,92      +0.16,90      28.83,66      34.69,44      83.1%,94      387.62,54      81.65,42      18.49,72      20.48,67      90.2%,88      7.64,51      9.06,37      84.3%,84      1.21,37      1.71,22      70.8%,93      0.19,83      1.78,75      1.07,25      1.71,79      0.36,72      32.47,46      2.14,60      0.21,48      0.50,89      0.00,6      1.78,40      0.29,44      0.07,33      0.00,19      0.00,23      0.00,42      0.07,79      1.21,35      3.64,63      2.78,76      0.00,18      0.36,66      0.43,93      0.07,15      0.00,25      0.93,99      0.79,99      0.00,37      0.07,83      0.07,84      0.00,31      0.00,46      1.36,58      0.93,76      0.50,56      0.71,74      0.14,25      0.36,35      1.64,60      21.7%,18      1.28,30      1.00,58      0.00,13      1.00,67      0.93,90      2.28,74      0.21,13      0.00,60      45.89,39      0.29,11      6.92,74      18.41,52      21.20,33      4.78,70      45.89,39      3.14,53      1.78,67      56.8%,68      1.36,54      43.2%,68      28.48,44      185.14,48      90.21,57      1.93,54      1.71,80      2.71,40      1.28,65      32.05,34      0.00,52      1.43,17      1.07,31      0.29,47      0.00,37      0.00,53      0.00,51      5.35,80      0.21,10      0.57,96      27.3%,30       https://fbref.com/req/202302030/images/headshots/df3cda47_2022.jpg
Ryan Sessegnon
FB      0.00,24      0.17,86      0.17,71      0.00,24      0.00,50      0.00,50      0.17,45      0.00,55      0.03,36      0.03,36      0.23,95      0.26,86      2.58,73      1.89,5      6.88,84      0.52,42      0.09,32      16.7%,29      0.00,24      0.00,24      13.50,94      0.00,41      0.05,35      -0.03,31      -0.03,31      27.08,8      36.79,8      73.6%,38      390.00,7      99.37,2      15.90,19      18.74,23      84.9%,16      8.25,8      11.35,7      72.7%,26      1.72,16      3.52,10      48.8%,73      0.21,95      1.20,75      1.12,1      1.03,63      0.34,47      30.69,7      5.93,11      0.17,6      0.00,19      0.09,27      3.27,60      5.59,15      0.17,63      0.00,30      0.00,31      0.00,47      0.17,51      1.29,45      1.72,40      1.63,63      0.09,34      0.00,16      0.00,16      0.00,14      0.00,29      0.34,86      0.34,90      0.00,31      0.00,41      0.00,41      0.00,40      0.00,47      2.15,56      1.63,80      1.20,50      0.60,44      0.34,86      0.95,39      1.89,55      50.0%,26      0.95,36      1.55,89      0.26,40      1.29,95      0.60,2      2.75,27      2.24,44      0.00,72      49.34,8      3.27,40      14.27,11      16.16,3      19.17,62      3.35,97      49.34,8      1.63,64      0.52,38      31.6%,3      1.12,12      68.4%,3      25.96,31      152.92,41      80.03,47      0.60,5      0.86,88      2.84,1      1.03,18      27.94,28      0.00,53      1.63,11      0.60,33      0.43,2      0.00,46      0.00,68      0.00,56      3.44,1      0.95,38      1.29,38      42.3%,23       https://fbref.com/req/202302030/images/headshots/6aa3e78b_2022.jpg
Japhet Tanganga
FB      0.00,24      0.00,10      0.00,6      0.00,24      0.00,50      0.00,50      0.49,3      0.12,1      0.05,70      0.05,70      0.02,4      0.09,29      1.59,30      2.45,13      2.57,30      0.86,73      0.24,78      28.6%,65      0.00,24      0.00,24      13.30,95      0.00,41      0.06,49      -0.05,12      -0.05,12      40.78,57      49.84,45      81.8%,91      611.63,49      187.47,27      21.43,53      23.39,47      91.6%,93      15.18,62      19.35,62      78.5%,58      2.33,40      4.41,25      52.8%,77      0.05,21      0.24,1      1.10,1      0.49,10      0.12,9      43.10,53      6.73,17      0.61,44      0.00,19      0.37,73      1.35,16      6.12,19      0.00,24      0.00,30      0.00,31      0.00,47      0.00,97      0.24,99      0.37,1      0.24,1      0.00,9      0.00,16      0.12,79      0.00,14      0.00,29      0.00,1      0.00,5      0.00,31      0.00,41      0.00,41      0.00,40      0.00,47      1.71,30      0.98,27      0.86,27      0.73,61      0.12,29      1.10,56      2.33,71      47.4%,23      1.22,18      1.59,91      0.61,87      0.98,71      1.10,36      2.82,27      3.80,95      0.00,72      60.37,44      5.51,92      19.96,58      29.51,68      11.51,17      1.22,47      60.37,44      0.86,29      0.61,44      71.4%,92      0.24,87      28.6%,92      33.67,60      169.96,55      95.76,66      1.35,47      0.24,49      0.86,74      0.61,44      38.57,58      0.12,1      2.33,1      0.98,68      0.12,21      0.00,46      0.00,68      0.00,56      2.94,1      1.84,90      1.10,52      62.5%,87       https://fbref.com/req/202302030/images/headshots/e9971f2d_2022.jpg
Harry Winks
MF      0.00,16      0.10,63      0.10,32      0.00,17      0.00,46      0.00,45      0.20,45      0.00,54      0.01,4      0.01,4      0.15,81      0.16,49      0.99,28      7.20,89      1.78,39      0.30,4      0.10,13      33.3%,65      0.00,17      0.00,17      26.60,9      0.00,32      0.04,17      -0.01,49      -0.01,48      57.73,91      67.40,92      85.7%,81      967.70,88      304.74,95      24.47,79      26.84,78      91.2%,84      25.46,92      28.22,94      90.2%,86      4.93,80      7.89,82      62.5%,60      0.19,93      1.09,55      7.80,97      1.28,79      0.30,80      64.93,91      2.17,56      0.89,56      0.79,99      0.10,22      2.57,68      0.10,26      0.89,70      0.30,69      0.39,83      0.00,43      0.30,10      0.49,90      2.86,63      2.17,68      0.30,74      0.10,50      0.10,42      0.20,76      0.00,20      0.39,83      0.39,90      0.00,37      0.00,40      0.00,35      0.00,41      0.00,46      1.48,24      0.99,38      0.39,14      0.89,52      0.20,44      0.79,43      2.07,48      38.1%,44      1.28,46      1.38,63      0.30,61      1.09,62      1.58,88      3.06,49      0.99,42      0.20,1      75.79,90      2.07,51      15.99,75      46.68,92      14.01,44      0.20,5      75.79,90      1.48,42      0.79,37      53.3%,27      0.69,42      46.7%,27      53.09,97      241.38,88      96.02,75      1.38,52      0.10,29      1.58,44      0.59,82      58.42,90      0.00,52      1.09,61      1.28,71      0.00,77      0.00,42      0.00,59      0.00,51      4.64,13      0.39,10      0.39,99      50.0%,65       https://fbref.com/req/202302030/images/headshots/2f7acede_2022.jpg
Matt Doherty
FB      0.21,97      0.41,98      0.62,97      0.21,97      0.00,50      0.00,50      0.00,95      0.00,55      0.26,99      0.26,99      0.21,93      0.46,99      2.98,85      2.47,14      8.23,94      1.65,92      0.62,97      37.5%,84      0.13,81      0.33,65      14.10,91      0.00,41      0.16,99      -0.05,11      -0.05,11      44.95,67      54.82,58      82.0%,92      688.42,69      164.16,19      25.92,76      29.42,75      88.1%,47      14.91,60      18.00,50      82.9%,77      3.29,71      4.63,29      71.1%,98      0.14,84      1.54,85      1.34,7      1.03,62      0.41,59      48.24,69      6.48,15      0.31,19      0.41,95      0.51,82      2.06,40      6.17,20      0.00,24      0.00,30      0.00,31      0.00,47      0.10,76      0.82,85      3.09,84      2.47,86      0.00,9      0.10,68      0.51,99      0.00,14      0.00,29      0.41,90      0.41,95      0.00,31      0.00,41      0.00,41      0.00,40      0.00,47      1.85,34      1.23,53      0.51,5      1.13,92      0.21,53      0.82,28      1.44,23      57.1%,56      0.62,72      1.13,46      0.21,31      0.93,64      1.34,62      3.19,38      2.06,28      0.00,72      66.24,56      3.60,45      18.82,46      26.74,54      20.98,77      3.29,94      66.24,56      1.03,38      0.62,45      60.0%,71      0.41,69      40.0%,71      39.29,82      214.97,85      104.61,73      1.65,72      0.93,93      1.75,18      0.62,44      43.20,80      0.00,53      1.13,31      0.41,20      0.00,84      0.00,46      0.00,68      0.00,56      4.94,31      1.65,81      0.82,82      66.7%,97       https://fbref.com/req/202302030/images/headshots/d557d734_2022.jpg
Dele Alli
MF      0.09,60      0.00,10      0.09,29      0.00,17      0.09,97      0.09,96      0.36,8      0.00,54      0.15,78      0.08,53      0.05,29      0.14,35      1.36,43      2.80,18      3.89,67      0.54,12      0.18,22      33.3%,65      0.00,17      0.00,17      20.40,55      0.00,32      0.15,95      -0.06,15      -0.08,7      26.32,25      34.82,21      75.6%,33      366.24,17      90.18,17      15.20,38      18.54,41      82.0%,19      7.15,14      8.86,12      80.6%,38      1.72,26      2.89,21      59.4%,51      0.07,40      0.81,34      2.17,25      0.63,39      0.18,62      31.66,17      2.80,68      0.63,43      0.36,83      0.18,38      0.54,28      0.81,87      0.09,53      0.00,28      0.00,28      0.00,43      0.36,6      0.90,50      1.81,20      1.45,28      0.09,57      0.00,13      0.00,8      0.27,88      0.00,20      0.18,39      0.09,27      0.00,37      0.00,40      0.00,35      0.09,96      0.00,46      1.90,40      0.90,31      1.18,79      0.63,27      0.09,16      0.45,13      1.90,36      23.8%,6      1.45,34      2.62,99      0.63,97      1.99,99      1.09,63      2.98,46      2.35,94      0.00,71      51.02,39      3.35,84      11.22,43      26.68,41      13.84,43      2.44,75      50.92,39      3.71,93      1.54,80      41.5%,7      2.17,4      58.5%,7      26.41,33      147.53,43      58.61,27      1.45,56      0.27,58      2.53,14      2.26,4      30.30,35      0.00,52      1.90,8      1.63,86      0.36,8      0.09,99      0.00,59      0.00,51      5.79,38      1.45,78      1.72,17      45.7%,53       https://fbref.com/req/202302030/images/headshots/cea4ee8f_2022.jpg
Tanguy Ndombele
AM      0.19,40      0.19,65      0.37,50      0.19,42      0.00,40      0.00,38      0.19,27      0.00,53      0.07,5      0.07,6      0.07,6      0.15,3      2.60,36      3.91,62      4.65,14      1.67,27      0.56,26      33.3%,38      0.11,52      0.33,53      17.40,51      0.00,27      0.05,1      +0.11,86      +0.11,87      42.77,92      49.65,88      86.1%,97      590.39,88      146.34,81      23.06,90      25.29,86      91.2%,96      14.50,92      16.74,91      86.7%,94      1.86,56      2.42,36      76.9%,97      0.09,22      0.74,6      4.09,91      0.56,6      0.00,4      47.98,91      1.67,51      0.37,56      1.30,99      0.00,6      0.56,3      0.00,2      0.00,12      0.00,19      0.00,23      0.00,42      0.00,96      1.49,10      2.79,27      1.86,26      0.00,18      0.19,36      0.37,85      0.37,91      0.00,25      0.19,19      0.19,41      0.00,37      0.00,30      0.00,23      0.00,31      0.00,46      1.86,82      1.30,88      0.56,62      0.93,94      0.37,76      0.19,12      1.49,54      12.5%,4      1.30,29      0.93,53      0.00,13      0.93,59      0.19,9      2.05,60      0.19,10      0.00,60      63.04,88      0.93,62      8.00,82      39.24,97      17.11,9      2.05,8      63.04,88      3.72,72      2.05,76      55.0%,62      1.67,36      45.0%,62      40.17,91      217.93,79      98.74,67      3.53,97      0.93,37      3.72,10      3.72,1      50.58,94      0.00,52      0.56,86      1.67,73      0.00,97      0.00,37      0.00,53      0.00,51      5.02,65      0.37,24      0.19,99      66.7%,99       https://fbref.com/req/202302030/images/headshots/5cdddffa_2022.jpg
Steven Bergwijn
AM      0.48,89      0.16,57      0.64,81      0.48,92      0.00,40      0.00,38      0.16,35      0.00,53      0.40,89      0.40,90      0.14,44      0.56,87      4.14,84      2.71,40      8.44,67      3.03,88      1.59,98      52.6%,95      0.16,79      0.30,42      16.30,68      0.00,27      0.13,76      +0.08,80      +0.08,80      22.94,35      28.19,19      81.4%,87      279.72,19      62.44,20      15.61,53      18.00,49      86.7%,65      4.78,11      6.05,8      78.9%,62      0.64,13      1.12,4      57.1%,69      0.19,80      1.27,35      1.43,44      0.96,37      0.00,4      27.24,24      0.96,24      0.16,37      0.16,42      0.00,6      1.27,16      0.64,81      0.16,39      0.16,51      0.00,23      0.00,42      0.00,96      0.48,99      3.35,47      2.39,49      0.16,57      0.32,58      0.16,28      0.32,83      0.00,25      0.48,72      0.16,33      0.00,37      0.16,97      0.00,23      0.16,98      0.00,46      0.48,4      0.32,10      0.32,28      0.16,6      0.00,2      0.16,10      1.59,58      10.0%,3      1.43,22      0.48,8      0.00,13      0.48,13      0.16,6      0.64,1      1.27,97      0.00,60      41.10,22      0.80,52      5.26,49      14.50,19      22.62,54      6.37,85      41.10,22      3.19,58      1.59,58      50.0%,49      1.59,46      50.0%,48      27.24,35      206.12,75      115.96,84      2.55,84      1.59,74      4.46,1      2.23,17      32.34,40      0.00,52      1.43,16      1.43,56      0.16,69      0.00,37      0.00,53      0.00,51      3.50,8      0.64,46      0.80,81      44.4%,85       https://fbref.com/req/202302030/images/headshots/a29b1131_2022.jpg
Moussa Sissoko
MF      0.06,46      0.03,21      0.08,26      0.06,47      0.00,46      0.00,45      0.14,61      0.00,54      0.11,59      0.10,64      0.09,50      0.19,58      1.43,46      3.24,31      1.98,43      0.70,21      0.22,31      32.0%,58      0.08,62      0.25,59      16.80,86      0.00,32      0.15,95      -0.05,19      -0.05,20      25.77,22      33.21,17      77.6%,42      418.30,25      131.51,34      13.11,23      15.93,22      82.3%,21      8.97,26      11.12,21      80.7%,38      2.49,45      3.66,31      67.9%,73      0.06,34      1.03,52      2.66,33      0.67,42      0.31,82      32.09,21      1.01,28      0.56,38      0.14,43      0.22,44      0.73,36      0.39,71      0.00,22      0.00,28      0.00,28      0.00,43      0.11,59      0.75,62      2.10,34      1.73,47      0.00,23      0.11,53      0.08,34      0.03,23      0.14,96      0.08,9      0.03,8      0.00,37      0.03,80      0.00,35      0.00,41      0.03,92      1.48,25      0.75,25      0.75,33      0.56,19      0.17,36      0.78,42      1.17,8      66.7%,99      0.39,99      1.17,46      0.36,69      0.81,38      0.84,34      2.32,25      1.79,85      0.00,71      43.43,15      3.49,87      11.66,48      23.73,27      9.08,13      1.01,36      43.43,15      2.12,71      1.45,78      68.4%,74      0.67,46      31.6%,74      20.85,7      111.58,15      58.02,26      0.98,29      0.08,23      1.37,60      1.48,19      22.98,8      0.00,52      0.98,68      0.31,5      0.06,46      0.00,42      0.00,59      0.00,51      6.74,64      1.79,87      1.45,26      55.2%,77       https://fbref.com/req/202302030/images/headshots/2acd49b9_2022.jpg