
Łukasz Fabiański
GK      1.35,52      4.38,48      3.00,52      70.4%,60      0.43,75      0.22,52      0.35,40      0.22,48      21.6%,48      0.16,60      0.05,71      0.08,90      0.03,77      60.0%,90      0.05,21      0.22,44      0.05,37      1.26,48      0.26,37      -0.03,67      5.22,60      14.19,52      36.8%,60      19.89,10      4.43,37      48.9%,75      38.2,75      7.49,48      59.6%,56      44.4,56      16.08,75      0.76,48      4.7%,38      0.32,6      10.4,6       https://fbref.com/req/202302030/images/headshots/9328b835_2022.jpg
Declan Rice
MF      0.03,32      0.11,69      0.14,47      0.03,33      0.00,46      0.00,45      0.23,33      0.00,54      0.03,14      0.03,15      0.05,22      0.08,14      2.94,83      7.25,91      1.25,27      0.74,22      0.23,32      30.8%,52      0.04,42      0.13,36      22.80,29      0.03,66      0.04,17      0.00,55      0.00,55      56.23,86      62.20,83      90.4%,97      1013.19,93      262.16,89      24.01,78      25.56,73      93.9%,97      25.11,91      26.56,90      94.6%,98      5.75,91      7.30,79      78.7%,92      0.04,20      0.68,23      7.25,92      0.74,50      0.11,46      61.41,87      0.59,14      0.40,29      0.03,14      0.88,95      0.85,40      0.20,48      0.00,22      0.00,28      0.00,28      0.00,43      0.20,27      0.71,66      2.21,38      1.90,57      0.00,23      0.14,59      0.08,36      0.00,11      0.08,80      0.25,59      0.25,75      0.00,37      0.00,40      0.00,35      0.00,41      0.00,46      2.26,64      1.19,51      1.27,86      0.91,58      0.08,14      1.08,73      2.01,43      53.5%,89      0.93,76      1.27,52      0.59,95      0.68,19      1.78,92      4.05,83      1.47,73      0.03,40      72.14,84      3.60,88      18.06,89      43.83,88      11.32,25      1.44,45      72.14,84      2.04,67      1.42,76      69.4%,75      0.62,53      30.6%,75      46.43,87      322.09,99      165.82,98      2.80,92      0.45,72      0.74,96      0.57,84      50.31,80      0.00,52      0.79,83      0.31,6      0.00,77      0.00,42      0.00,59      0.00,51      8.10,91      1.19,63      0.76,71      60.9%,89       https://fbref.com/req/202302030/images/headshots/1c7012b8_2022.jpg
Tomáš Souček
MF      0.15,71      0.03,23      0.18,55      0.15,75      0.00,46      0.00,45      0.09,80      0.00,54      0.16,80      0.14,74      0.06,33      0.21,62      1.06,29      4.14,47      1.59,38      1.32,57      0.32,48      24.4%,31      0.11,77      0.45,88      12.80,98      0.00,32      0.11,86      -0.01,44      +0.01,63      30.45,34      40.00,38      76.1%,35      509.78,40      130.44,32      14.99,37      18.75,42      79.9%,10      11.85,41      14.55,41      81.4%,40      2.67,52      3.94,38      67.9%,73      0.05,27      0.62,18      3.09,43      0.35,17      0.06,29      39.30,42      0.71,18      0.59,41      0.00,7      0.62,81      0.38,19      0.12,31      0.00,22      0.00,28      0.00,28      0.00,43      0.00,93      1.00,41      1.23,6      1.06,11      0.00,23      0.00,13      0.09,37      0.06,35      0.03,42      0.12,21      0.12,39      0.00,37      0.00,40      0.00,35      0.00,41      0.00,46      1.94,45      0.94,33      0.79,42      0.97,64      0.18,38      0.82,47      1.91,38      43.1%,64      1.09,62      1.00,33      0.38,75      0.62,17      1.53,86      3.47,67      2.88,97      0.03,38      51.70,41      4.44,98      13.76,59      28.31,50      9.99,17      2.53,77      51.70,41      0.47,7      0.29,7      62.5%,53      0.18,91      37.5%,53      23.57,18      109.19,12      44.74,10      0.71,17      0.09,26      1.18,75      0.47,92      30.16,34      0.00,52      1.15,51      0.53,13      0.12,26      0.00,42      0.00,59      0.00,51      5.17,23      3.91,99      4.14,1      48.5%,60       https://fbref.com/req/202302030/images/headshots/6613c819_2022.jpg
Jarrod Bowen
AM      0.36,75      0.30,88      0.66,84      0.36,78      0.00,40      0.00,38      0.18,30      0.00,53      0.36,85      0.36,87      0.18,61      0.54,84      2.23,24      1.99,10      6.15,37      2.38,61      1.03,76      43.0%,84      0.15,74      0.35,63      15.70,76      0.00,27      0.15,87      0.00,48      0.00,49      17.32,12      26.04,13      66.5%,17      286.68,20      76.30,37      9.11,10      11.22,6      81.2%,28      5.04,13      6.79,11      74.2%,38      2.23,67      5.16,76      43.3%,24      0.13,51      1.24,33      0.91,13      0.72,20      0.09,21      22.57,7      3.32,75      0.54,67      0.09,21      0.33,71      4.25,76      0.09,10      2.56,89      2.26,98      0.03,47      0.03,85      0.15,47      0.91,76      2.96,34      1.69,20      0.48,78      0.33,62      0.27,52      0.15,40      0.03,53      0.57,87      0.27,63      0.09,92      0.09,88      0.03,47      0.09,93      0.00,46      1.09,37      0.60,31      0.60,63      0.33,26      0.15,28      0.51,61      1.33,47      38.6%,78      0.81,62      0.88,47      0.06,46      0.81,46      0.63,62      1.72,46      0.42,39      0.00,60      36.96,11      0.81,53      5.16,46      13.88,12      18.86,19      4.19,57      36.96,11      2.66,40      1.51,49      56.8%,68      1.15,63      43.2%,68      21.42,7      149.89,22      58.17,8      1.30,17      1.30,60      1.96,76      1.57,42      23.20,6      0.00,52      0.75,75      1.30,43      0.42,30      0.06,90      0.00,53      0.00,51      4.56,52      1.15,78      1.96,21      36.9%,63       https://fbref.com/req/202302030/images/headshots/79c84d1c_2022.jpg
Michail Antonio
FW      0.30,48      0.24,84      0.55,70      0.30,61      0.00,32      0.03,60      0.24,27      0.03,9      0.33,47      0.31,55      0.18,83      0.49,71      2.33,58      1.39,24      7.45,81      2.48,63      0.82,45      32.9%,29      0.12,56      0.37,73      14.90,53      0.00,39      0.12,34      -0.02,53      -0.01,66      13.27,30      21.27,35      62.4%,14      198.27,47      39.20,37      7.63,17      9.81,16      77.8%,39      3.67,47      5.82,47      63.0%,20      1.12,76      1.91,75      58.7%,57      0.15,81      1.36,73      0.73,30      0.82,60      0.36,93      20.45,37      0.61,32      0.06,58      0.12,45      0.27,86      1.91,88      0.48,93      0.00,37      0.00,40      0.00,42      0.00,48      0.21,16      1.18,24      2.94,66      1.97,65      0.03,70      0.33,80      0.33,71      0.27,68      0.00,28      0.52,88      0.30,80      0.00,44      0.03,60      0.12,96      0.06,78      0.00,44      0.70,39      0.52,57      0.15,43      0.27,32      0.27,60      0.21,48      0.55,22      38.9%,87      0.33,83      0.58,24      0.03,25      0.55,35      0.09,19      0.79,29      0.39,30      0.00,54      33.17,40      0.52,22      1.79,9      12.06,20      20.08,68      4.82,60      33.14,40      2.82,70      1.51,75      53.8%,62      1.30,32      46.2%,62      20.63,58      129.35,63      58.19,58      1.39,65      1.06,63      4.12,2      2.18,17      26.81,58      0.03,6      1.51,24      1.58,84      0.39,70      0.00,30      0.00,52      0.00,51      2.73,39      2.39,75      3.39,30      41.4%,71       https://fbref.com/req/202302030/images/headshots/ac05f970_2022.jpg
Pablo Fornals
AM      0.19,43      0.10,33      0.29,29      0.19,46      0.00,40      0.00,38      0.13,46      0.00,53      0.15,20      0.15,24      0.20,70      0.35,40      1.58,12      6.15,92      6.44,42      1.38,13      0.35,10      25.6%,17      0.14,69      0.55,95      18.70,36      0.00,27      0.11,59      +0.05,70      +0.05,69      33.87,78      45.63,81      74.2%,48      555.97,88      179.74,94      17.03,63      19.74,65      86.3%,60      11.69,88      15.59,88      75.0%,42      3.57,93      6.60,88      54.1%,63      0.14,65      1.55,58      3.57,89      1.64,74      0.26,56      43.12,84      2.35,63      0.16,39      0.35,76      0.61,88      2.80,57      0.29,47      1.32,70      1.03,78      0.06,56      0.00,42      0.16,43      1.16,47      3.51,56      2.77,75      0.29,67      0.16,34      0.16,31      0.10,24      0.03,56      0.35,51      0.29,71      0.03,76      0.00,30      0.03,49      0.00,31      0.00,46      1.74,76      0.90,74      0.68,75      0.68,67      0.39,79      0.71,75      2.70,93      26.2%,30      2.00,6      1.58,94      0.06,53      1.51,96      0.87,83      2.61,85      0.52,53      0.03,17      55.74,79      1.06,66      8.44,85      26.37,88      21.41,39      2.09,10      55.74,79      1.74,11      0.74,8      42.6%,16      1.00,69      57.4%,16      31.59,66      158.33,28      71.45,26      1.19,12      0.35,12      1.51,90      0.90,92      38.13,70      0.00,52      0.77,71      0.90,20      0.19,60      0.03,79      0.00,53      0.00,51      5.86,87      0.74,60      0.97,71      43.4%,84       https://fbref.com/req/202302030/images/headshots/82927de4_2022.jpg
Aaron Cresswell
FB      0.07,76      0.10,60      0.17,68      0.07,76      0.00,50      0.00,50      0.10,66      0.00,55      0.04,56      0.04,56      0.11,64      0.14,62      1.78,38      6.14,92      3.27,37      0.59,53      0.10,37      16.7%,29      0.11,77      0.67,86      20.50,38      0.26,97      0.06,49      +0.03,80      +0.03,80      54.67,89      69.20,89      79.0%,73      902.34,89      367.63,97      27.63,82      30.11,81      91.8%,94      21.46,88      24.93,85      86.1%,94      4.42,89      10.50,94      42.1%,45      0.10,63      1.02,67      4.33,88      0.63,27      0.40,56      57.31,88      11.56,82      2.21,97      0.00,19      0.20,47      4.79,82      7.66,38      1.68,85      0.36,79      1.32,94      0.00,47      0.33,11      1.45,33      1.75,44      1.02,20      0.66,86      0.00,16      0.07,53      0.00,14      0.00,29      0.20,51      0.07,28      0.13,95      0.00,41      0.00,41      0.00,40      0.00,47      0.92,5      0.59,5      0.59,12      0.20,2      0.13,32      0.43,6      0.83,3      52.0%,33      0.40,93      1.02,34      0.59,86      0.43,7      1.16,40      2.08,7      2.18,41      0.00,72      76.33,88      4.16,72      22.25,75      35.59,90      19.02,60      0.73,23      76.33,88      0.56,6      0.26,6      47.1%,21      0.30,84      52.9%,21      43.09,89      189.54,72      90.03,60      1.49,58      0.07,15      0.46,98      0.13,97      49.42,89      0.00,53      0.46,92      0.33,12      0.07,42      0.00,46      0.03,28      0.00,56      5.38,49      1.06,47      0.79,88      57.1%,73       https://fbref.com/req/202302030/images/headshots/4f974391_2022.jpg
Craig Dawson
CB      0.07,62      0.07,85      0.13,82      0.07,62      0.00,50      0.00,50      0.16,60      0.03,13      0.10,93      0.10,93      0.03,64      0.13,91      0.13,12      1.76,17      0.10,24      0.82,87      0.16,56      20.0%,28      0.08,52      0.40,58      8.50,88      0.00,47      0.12,70      -0.03,18      -0.03,18      33.82,25      41.99,25      80.5%,36      713.79,31      247.55,25      10.72,23      11.76,20      91.1%,61      17.61,22      19.71,22      89.4%,44      5.26,69      9.54,76      55.1%,52      0.03,73      0.13,24      2.78,51      0.00,9      0.00,32      40.98,28      0.85,10      0.69,22      0.00,24      0.42,62      0.03,31      0.10,14      0.00,49      0.00,49      0.00,50      0.00,50      0.16,30      0.26,70      0.59,40      0.39,25      0.00,34      0.03,82      0.16,87      0.00,38      0.00,31      0.16,85      0.10,81      0.00,47      0.00,48      0.07,94      0.00,46      0.00,48      0.95,27      0.56,29      0.65,33      0.26,28      0.03,41      0.46,28      0.82,29      56.0%,33      0.36,60      1.93,94      1.70,96      0.23,22      0.95,30      1.90,27      4.54,72      0.00,81      52.48,28      8.92,66      27.58,27      22.58,30      2.39,39      1.47,81      52.48,28      0.13,27      0.13,36      100.0%,88      0.00,88      0.0%,88      29.15,34      127.42,27      68.14,28      0.13,19      0.00,30      0.33,60      0.16,45      31.70,27      0.00,54      1.27,4      0.39,49      0.03,44      0.00,47      0.10,10      0.00,57      3.69,2      3.04,72      1.80,25      62.8%,56       https://fbref.com/req/202302030/images/headshots/3e9e06cb_2022.jpg
Saïd Benrahma
AM      0.33,63      0.25,79      0.58,79      0.33,70      0.00,40      0.00,38      0.00,92      0.00,53      0.20,41      0.20,46      0.15,52      0.35,42      3.03,46      3.03,49      9.22,78      2.62,75      0.83,54      31.7%,35      0.13,62      0.40,75      19.60,23      0.12,72      0.08,25      +0.13,89      +0.13,89      26.24,49      34.91,46      75.1%,56      369.09,47      83.98,43      15.24,49      17.93,46      85.0%,46      7.93,53      10.38,56      76.4%,49      1.33,40      2.82,44      47.1%,40      0.14,56      1.33,39      1.54,48      1.20,60      0.42,90      33.75,52      1.12,37      0.17,43      0.21,52      0.21,60      3.07,62      0.17,24      0.04,28      0.00,19      0.00,23      0.00,42      0.04,89      1.12,49      3.11,40      2.41,52      0.00,18      0.29,54      0.29,66      0.12,29      0.00,25      0.33,46      0.29,74      0.00,37      0.00,30      0.04,56      0.00,31      0.00,46      1.16,44      0.71,54      0.66,74      0.37,30      0.12,20      0.62,69      1.58,57      39.5%,79      0.95,51      0.71,26      0.04,35      0.66,31      0.37,28      1.54,35      0.33,29      0.00,60      46.54,47      0.50,26      5.65,54      17.52,44      23.95,62      3.61,51      46.54,47      3.32,62      1.54,53      46.3%,31      1.79,31      53.8%,31      30.10,54      183.11,42      84.44,43      1.74,39      1.08,47      2.57,48      1.25,74      33.50,46      0.00,52      0.37,97      0.62,7      0.37,39      0.00,37      0.00,53      0.00,51      5.31,79      0.42,29      0.79,83      34.5%,52       https://fbref.com/req/202302030/images/headshots/5a04fd92_2022.jpg
Vladimír Coufal
FB      0.00,24      0.16,81      0.16,67      0.00,24      0.00,50      0.00,50      0.20,29      0.04,7      0.03,50      0.03,50      0.09,54      0.12,47      2.08,51      4.60,75      4.85,63      0.45,33      0.16,60      36.4%,81      0.00,24      0.00,24      17.70,62      0.00,41      0.07,65      -0.03,20      -0.03,20      40.34,54      58.63,72      68.8%,15      623.07,55      280.35,72      21.92,56      25.67,60      85.4%,21      14.75,58      21.35,76      69.1%,11      2.57,46      7.58,71      33.9%,11      0.11,67      0.86,55      2.57,45      1.22,80      0.65,89      46.24,63      11.98,86      0.69,51      0.00,19      0.04,14      4.36,79      11.24,98      0.04,51      0.04,62      0.00,31      0.00,47      0.41,2      1.79,11      2.08,59      1.59,60      0.41,77      0.00,16      0.04,34      0.04,33      0.00,29      0.29,73      0.29,88      0.00,31      0.00,41      0.00,41      0.00,40      0.00,47      1.83,33      1.02,29      0.98,37      0.57,37      0.29,73      0.73,25      1.47,27      50.0%,26      0.73,56      1.26,71      0.37,55      0.90,62      0.90,24      2.73,23      2.61,62      0.04,33      68.49,64      4.48,80      18.50,42      28.52,67      21.96,79      1.22,46      68.49,64      0.94,32      0.61,44      65.2%,81      0.33,80      34.8%,81      31.70,51      172.83,58      81.16,50      1.55,63      0.20,44      1.22,45      0.61,45      36.18,54      0.04,5      1.18,27      0.61,37      0.08,33      0.00,46      0.04,25      0.04,6      5.34,44      1.34,64      1.39,29      49.3%,50       https://fbref.com/req/202302030/images/headshots/fdf3cb77_2022.jpg
Kurt Zouma
CB      0.04,51      0.00,33      0.04,36      0.04,51      0.00,50      0.00,50      0.04,90      0.00,59      0.05,54      0.05,54      0.00,18      0.05,31      0.48,50      1.43,10      0.09,19      0.26,14      0.09,23      33.3%,62      0.17,81      0.50,67      6.10,96      0.00,47      0.19,96      0.00,54      0.00,54      37.90,33      43.27,30      87.6%,75      718.31,33      238.82,23      12.99,39      13.99,30      92.9%,85      21.74,46      23.43,35      92.8%,74      2.77,15      5.24,13      52.9%,45      0.00,6      0.09,10      1.04,8      0.09,38      0.00,32      41.80,29      1.47,38      1.21,55      0.00,24      0.30,49      0.04,38      0.09,9      0.00,49      0.00,49      0.00,50      0.00,50      0.00,93      0.17,85      0.39,19      0.26,15      0.09,86      0.00,38      0.04,40      0.00,38      0.00,31      0.00,17      0.00,20      0.00,47      0.00,48      0.00,35      0.00,46      0.00,48      0.48,6      0.26,3      0.35,7      0.13,8      0.00,17      0.17,2      0.30,2      57.1%,36      0.13,92      1.34,59      1.13,83      0.22,18      1.47,77      1.95,30      5.72,99      0.00,81      54.01,34      10.61,87      30.40,43      22.52,29      1.47,12      0.65,25      54.01,34      0.13,25      0.04,19      33.3%,13      0.09,43      66.7%,13      30.84,38      141.63,36      76.53,35      0.26,39      0.00,30      0.26,75      0.00,93      33.52,35      0.00,54      0.48,80      0.26,25      0.00,75      0.00,47      0.00,67      0.04,4      3.98,12      2.17,45      1.34,61      61.7%,50       https://fbref.com/req/202302030/images/headshots/ce4246f5_2022.jpg
Manuel Lanzini
AM      0.25,51      0.15,49      0.40,52      0.10,19      0.15,96      0.15,96      0.10,57      0.00,53      0.19,34      0.07,6      0.12,31      0.19,6      1.46,8      6.00,89      2.87,3      0.66,2      0.20,6      30.8%,33      0.15,74      0.50,90      23.10,2      0.05,58      0.10,50      +0.07,75      +0.04,62      56.34,99      62.33,98      90.4%,99      812.07,97      198.80,96      32.35,99      34.17,99      94.7%,99      18.75,99      20.51,98      91.4%,99      2.62,79      3.88,57      67.5%,87      0.13,47      1.16,26      4.38,92      1.11,52      0.15,34      58.40,99      3.88,78      0.50,62      0.10,25      0.20,58      1.41,28      0.30,49      1.01,62      0.81,69      0.00,23      0.00,42      0.05,85      0.60,97      3.02,38      2.57,62      0.20,61      0.15,29      0.00,3      0.05,8      0.05,71      0.45,70      0.35,80      0.00,37      0.05,71      0.00,23      0.00,31      0.05,96      1.41,60      0.76,58      0.50,58      0.55,53      0.35,67      0.50,58      1.76,65      28.6%,39      1.26,34      0.81,38      0.00,13      0.81,44      0.96,92      2.37,76      0.50,52      0.00,60      70.65,96      1.16,72      10.94,94      41.32,99      19.10,21      1.76,6      70.50,96      1.81,16      1.26,29      69.4%,96      0.55,97      30.6%,96      44.80,97      212.00,78      94.54,63      1.86,51      0.30,7      1.56,88      0.81,94      51.70,96      0.00,52      0.55,87      0.91,21      0.05,94      0.00,37      0.00,53      0.00,51      6.25,93      0.25,13      0.86,76      22.7%,17       https://fbref.com/req/202302030/images/headshots/26f6dca8_2022.jpg
Ben Johnson
FB      0.06,75      0.00,10      0.06,32      0.06,75      0.00,50      0.00,50      0.06,79      0.00,55      0.01,15      0.01,15      0.04,11      0.05,6      1.48,28      4.12,64      4.32,53      0.32,19      0.06,28      20.0%,40      0.20,92      1.00,92      21.70,23      0.00,41      0.04,23      +0.05,93      +0.05,93      33.44,31      49.16,44      68.0%,10      593.47,45      233.79,55      16.23,24      19.01,24      85.4%,21      12.95,46      18.10,53      71.5%,18      3.67,80      8.95,82      41.0%,44      0.03,2      0.58,24      3.22,64      0.90,51      0.77,94      39.43,45      9.60,55      0.32,20      0.00,19      0.90,94      3.54,69      9.28,77      0.00,24      0.00,30      0.00,31      0.00,47      0.13,67      1.61,23      1.55,31      1.22,32      0.13,46      0.00,16      0.00,16      0.13,72      0.06,84      0.19,49      0.13,47      0.06,82      0.00,41      0.00,41      0.00,40      0.00,47      2.13,54      1.03,31      0.97,34      0.97,85      0.19,50      1.35,76      1.80,47      75.0%,97      0.45,89      1.03,36      0.52,81      0.52,14      1.42,72      3.54,62      3.54,90      0.00,72      61.33,47      5.48,92      21.71,69      26.41,51      13.66,28      0.58,16      61.33,47      0.64,11      0.45,28      70.0%,92      0.19,92      30.0%,92      29.31,37      130.20,23      59.40,18      1.48,56      0.06,14      1.48,29      0.58,49      32.86,41      0.00,53      0.64,80      0.26,6      0.00,84      0.00,46      0.00,68      0.00,56      5.03,33      0.97,41      1.22,42      44.1%,29       https://fbref.com/req/202302030/images/headshots/9319781b_2022.jpg
Angelo Ogbonna
CB      0.10,81      0.00,33      0.10,64      0.10,81      0.00,50      0.00,50      0.10,81      0.00,59      0.03,26      0.03,26      0.00,6      0.03,10      0.20,23      1.37,9      0.00,6      0.29,19      0.10,31      33.3%,62      0.33,94      1.00,87      12.60,35      0.00,47      0.11,62      +0.07,90      +0.07,90      39.58,36      46.61,35      84.9%,57      763.68,40      261.30,29      12.02,29      12.41,23      96.9%,99      23.84,54      26.48,51      90.0%,46      3.32,31      6.74,34      49.3%,29      0.00,2      0.00,2      1.56,20      0.00,9      0.00,32      45.93,38      0.49,1      0.29,3      0.00,24      0.00,5      0.00,12      0.10,13      0.00,49      0.00,49      0.00,50      0.00,50      0.20,19      0.20,76      0.29,7      0.20,6      0.00,34      0.00,38      0.10,69      0.00,38      0.00,31      0.10,64      0.10,80      0.00,47      0.00,48      0.00,35      0.00,46      0.00,48      0.68,13      0.39,13      0.49,18      0.20,17      0.00,17      0.29,9      0.68,20      42.9%,12      0.39,54      0.49,3      0.39,10      0.10,6      1.07,44      1.76,17      2.83,23      0.00,81      52.96,31      6.16,14      28.34,30      23.65,36      1.27,7      0.59,17      52.96,31      0.10,17      0.10,30      100.0%,88      0.00,88      0.0%,88      31.66,40      158.60,48      72.41,31      0.00,5      0.00,30      0.20,88      0.10,65      36.74,43      0.00,54      0.49,77      0.29,30      0.00,75      0.00,47      0.00,67      0.00,57      4.40,24      2.64,61      1.17,76      69.2%,81       https://fbref.com/req/202302030/images/headshots/74b2cd7e_2022.jpg
Arthur Masuaku
FB      0.14,93      0.14,73      0.28,89      0.14,93      0.00,50      0.00,50      0.14,56      0.00,55      0.01,16      0.01,16      0.11,68      0.12,51      2.22,59      4.57,73      3.60,42      0.55,47      0.14,50      25.0%,53      0.25,99      1.00,92      26.50,2      0.00,41      0.01,1      +0.12,98      +0.12,98      40.02,51      52.89,54      75.7%,51      561.88,40      178.75,23      23.68,63      26.17,62      90.5%,83      12.05,32      16.75,41      71.9%,21      2.08,31      5.54,42      37.5%,25      0.11,73      0.28,3      4.15,85      0.83,41      0.28,36      46.52,64      6.09,12      0.69,50      0.00,19      0.14,40      3.18,59      5.40,12      0.00,24      0.00,30      0.00,31      0.00,47      0.28,20      0.83,84      0.97,6      0.83,12      0.14,53      0.00,16      0.00,16      0.00,14      0.00,29      0.28,72      0.14,54      0.14,97      0.00,41      0.00,41      0.00,40      0.00,47      4.29,99      3.18,99      2.63,99      1.52,99      0.14,34      1.94,97      3.18,94      60.9%,68      1.25,18      1.25,69      0.14,19      1.11,88      1.25,54      5.54,98      2.35,53      0.00,72      66.32,58      3.60,45      19.11,51      27.42,58      20.08,68      1.25,47      66.32,58      2.35,88      1.38,88      58.8%,67      0.97,23      41.2%,67      30.88,47      138.60,31      72.69,33      1.11,31      0.69,80      1.11,54      1.25,7      37.66,58      0.00,53      1.11,33      0.55,27      0.00,84      0.00,46      0.00,68      0.00,56      6.92,89      2.22,95      0.83,81      72.7%,99       https://fbref.com/req/202302030/images/headshots/57df7a11_2022.jpg
Nikola Vlašić
AM      0.16,38      0.00,3      0.16,10      0.16,40      0.00,40      0.00,38      0.00,92      0.00,53      0.21,43      0.21,48      0.10,16      0.32,33      3.38,60      2.25,21      7.71,63      1.13,7      0.48,20      42.9%,82      0.14,69      0.33,53      18.50,39      0.00,27      0.19,97      -0.05,25      -0.05,24      26.52,51      35.04,47      75.7%,61      353.57,42      59.46,13      17.04,65      19.61,62      86.9%,68      7.07,42      9.16,38      77.2%,52      1.13,29      2.57,39      43.8%,27      0.10,24      1.45,47      0.96,17      0.48,6      0.16,37      34.88,60      0.16,2      0.16,38      0.00,4      0.32,70      2.41,54      0.00,2      0.00,12      0.00,19      0.00,23      0.00,42      0.00,96      1.13,48      3.54,58      2.73,74      0.00,18      0.32,60      0.16,30      0.32,85      0.00,25      0.00,1      0.00,1      0.00,37      0.00,30      0.00,23      0.00,31      0.00,46      1.77,78      1.13,81      0.64,72      0.96,96      0.16,30      0.80,85      3.21,97      25.0%,26      2.41,3      0.64,19      0.00,13      0.64,25      0.32,19      2.09,65      0.16,7      0.00,60      44.52,34      0.16,4      4.98,40      20.25,65      20.25,29      3.54,46      44.52,34      2.89,43      1.45,43      50.0%,49      1.45,51      50.0%,48      28.77,47      196.55,66      86.46,51      1.93,56      1.61,75      1.93,78      1.45,52      33.59,47      0.00,52      1.29,22      2.57,96      0.48,21      0.00,37      0.00,53      0.00,51      4.82,62      0.80,62      1.13,58      41.7%,83       https://fbref.com/req/202302030/images/headshots/aa8e289e_2022.jpg