
Bukayo Saka
AM      0.40,85      0.31,88      0.71,93      0.34,80      0.06,94      0.08,94      0.17,38      0.00,53      0.32,86      0.26,71      0.24,85      0.50,75      5.06,93      3.08,45      14.71,99      2.43,76      0.82,63      33.7%,43      0.14,74      0.41,78      16.30,57      0.03,60      0.11,57      +0.08,82      +0.08,81      29.82,68      40.46,74      73.7%,40      435.85,69      104.51,60      18.48,76      21.30,77      86.7%,67      8.26,59      10.69,63      77.2%,54      1.98,60      4.64,72      42.7%,23      0.16,72      2.12,89      1.41,37      1.87,88      0.34,74      36.70,72      3.71,78      0.31,58      0.06,13      0.08,26      4.87,89      0.59,73      2.80,96      2.15,98      0.00,28      0.06,89      0.06,80      1.75,9      4.56,89      3.00,84      0.76,88      0.23,52      0.31,72      0.20,63      0.06,66      0.79,94      0.57,95      0.11,95      0.06,73      0.03,56      0.00,32      0.03,88      1.78,64      0.96,57      0.62,60      0.42,30      0.74,98      0.57,43      1.24,34      45.5%,73      0.68,75      1.08,56      0.00,15      1.08,64      0.40,38      2.18,60      0.54,48      0.00,59      53.25,78      0.59,22      4.53,27      13.41,16      35.93,96      6.71,92      53.16,77      4.56,76      1.73,65      37.9%,28      1.95,31      42.9%,53      33.70,76      237.75,86      128.93,92      2.60,81      2.38,92      2.21,49      1.67,37      38.51,80      0.00,51      1.22,43      1.84,73      0.25,43      0.00,35      0.00,56      0.00,52      3.59,18      0.45,39      1.08,60      29.6%,40       https://fbref.com/req/202302030/images/headshots/bc7dc64d_2022.jpg
Gabriel Dos Santos
CB      0.08,80      0.00,32      0.08,59      0.08,80      0.00,50      0.00,50      0.13,62      0.00,52      0.13,97      0.13,97      0.01,22      0.14,88      0.48,44      4.04,77      0.42,76      0.84,88      0.24,86      28.1%,56      0.09,65      0.33,57      11.90,48      0.00,46      0.16,80      -0.06,19      -0.06,19      56.89,71      63.65,67      89.4%,85      1012.60,66      356.99,66      22.97,77      24.34,76      94.4%,88      29.33,67      31.15,64      94.2%,90      3.96,44      6.49,30      61.0%,64      0.02,24      0.13,22      4.51,81      0.08,19      0.00,30      61.20,70      2.35,61      1.58,67      0.03,49      0.29,43      0.13,56      0.16,27      0.00,48      0.00,49      0.00,49      0.00,50      0.11,60      0.50,30      0.63,28      0.55,35      0.00,30      0.00,41      0.05,49      0.00,36      0.03,73      0.05,41      0.05,51      0.00,47      0.00,49      0.00,41      0.00,46      0.00,49      1.27,40      0.79,49      0.77,38      0.40,45      0.11,73      0.48,22      0.71,18      66.7%,70      0.24,83      1.29,52      0.69,50      0.61,73      0.84,23      2.11,33      3.30,27      0.08,31      73.29,67      8.11,35      30.44,33      37.46,76      5.68,82      1.40,86      73.29,67      0.08,8      0.05,14      66.7%,57      0.00,88      0.0%,88      46.10,75      231.80,73      144.44,77      1.14,88      0.08,78      0.50,28      0.11,67      51.06,70      0.00,52      0.66,57      1.06,92      0.03,48      0.00,48      0.05,23      0.00,63      5.04,36      2.64,71      2.01,12      56.8%,31       https://fbref.com/req/202302030/images/headshots/67ac5bb8_2022.jpg
Aaron Ramsdale
GK      1.13,82      3.58,13      2.47,27      70.6%,59      0.68,95      0.16,21      0.16,9      0.37,84      36.8%,84      0.13,48      0.08,52      0.00,25      0.05,95      0.0%,25      0.00,73      0.16,68      0.03,79      1.05,84      0.28,41      -0.05,55      2.87,20      11.29,41      25.4%,13      25.16,41      4.58,48      35.4%,55      33.3,63      4.03,5      59.5%,63      49.2,84      10.03,13      0.58,23      5.8%,36      1.13,38      16.1,80       https://fbref.com/req/202302030/images/headshots/466fb2c5_2022.jpg
Ben White
FB      0.06,72      0.15,86      0.21,85      0.06,72      0.00,50      0.00,50      0.15,61      0.00,54      0.04,51      0.04,51      0.09,72      0.13,63      1.89,58      7.34,96      3.65,57      0.29,20      0.06,29      20.0%,40      0.20,94      1.00,89      16.70,55      0.00,43      0.13,92      +0.02,78      +0.02,78      55.62,84      66.05,81      84.2%,85      921.24,84      315.22,85      26.31,75      28.69,73      91.7%,78      25.07,87      28.64,87      87.6%,86      3.15,63      6.04,57      52.2%,64      0.11,77      0.77,63      6.66,95      1.24,81      0.35,52      57.48,84      8.40,50      1.68,85      0.18,86      0.38,77      1.68,42      6.72,36      0.00,30      0.00,34      0.00,36      0.00,47      0.18,35      0.80,89      1.89,64      1.65,72      0.21,72      0.00,26      0.00,16      0.03,43      0.00,30      0.38,87      0.35,95      0.03,81      0.00,45      0.00,40      0.00,45      0.00,48      1.77,33      0.91,21      0.68,19      0.88,81      0.21,51      1.24,60      2.06,62      60.0%,57      0.82,39      1.38,67      0.32,45      1.06,75      0.65,10      2.42,17      2.33,45      0.03,46      74.59,80      3.03,25      16.32,15      38.45,86      20.18,78      1.41,61      74.59,80      0.85,27      0.24,11      27.6%,14      0.44,58      51.7%,19      42.66,81      191.67,74      105.02,74      1.36,62      0.09,25      0.80,64      0.21,90      50.02,83      0.00,50      0.82,72      0.88,62      0.03,60      0.00,45      0.00,66      0.00,56      4.57,17      0.97,43      1.21,36      44.6%,31       https://fbref.com/req/202302030/images/headshots/35e413f1_2022.jpg
Martin Ødegaard
MF      0.43,99      0.20,87      0.63,98      0.43,99      0.00,46      0.00,45      0.12,77      0.00,55      0.29,97      0.29,99      0.23,94      0.52,96      2.39,80      7.66,91      5.55,85      2.68,99      0.89,97      33.3%,62      0.16,81      0.48,79      19.20,59      0.26,95      0.11,79      +0.14,96      +0.14,96      41.70,65      51.92,67      80.3%,51      648.74,60      173.09,59      21.85,70      25.13,73      86.9%,40      14.91,58      17.76,61      84.0%,41      3.17,59      5.04,61      62.9%,59      0.23,95      2.19,95      3.89,60      2.62,99      0.12,50      48.44,67      3.17,78      2.27,90      0.66,96      0.26,47      2.62,78      0.37,67      0.52,73      0.26,70      0.17,78      0.03,85      0.32,10      1.30,20      4.69,97      3.54,98      0.43,86      0.12,62      0.35,97      0.17,76      0.09,76      0.49,89      0.43,90      0.00,40      0.00,39      0.06,88      0.00,36      0.00,44      1.04,5      0.66,7      0.35,8      0.40,5      0.29,54      0.40,6      1.35,12      29.8%,10      0.95,67      0.58,2      0.14,22      0.43,1      0.17,1      1.21,1      0.35,6      0.03,35      60.44,61      0.78,4      5.73,3      24.87,30      30.51,99      3.51,92      60.44,61      2.39,74      1.38,82      57.8%,77      0.83,28      34.9%,53      36.96,71      199.46,76      86.98,67      1.73,77      0.75,90      1.21,54      1.30,25      44.61,71      0.00,53      0.86,82      0.75,25      0.03,59      0.00,43      0.00,57      0.00,54      5.12,20      0.37,12      0.58,76      39.4%,29       https://fbref.com/req/202302030/images/headshots/79300479_2022.jpg
Granit Xhaka
MF      0.21,82      0.21,90      0.42,88      0.21,85      0.00,46      0.00,45      0.12,75      0.00,55      0.14,73      0.14,75      0.16,80      0.30,79      1.26,54      5.89,73      5.26,83      1.20,62      0.42,66      35.0%,66      0.18,88      0.50,83      16.60,82      0.09,78      0.12,83      +0.07,82      +0.07,81      41.56,64      49.07,60      84.7%,75      680.85,65      177.99,62      20.30,63      22.91,63      88.6%,55      16.60,69      19.09,68      86.9%,63      3.40,65      4.18,40      81.3%,98      0.12,69      1.41,77      4.45,70      1.20,75      0.12,50      47.33,64      1.65,52      1.02,64      0.18,48      0.18,28      1.17,57      0.57,75      0.03,46      0.00,29      0.00,32      0.00,42      0.09,74      0.81,69      3.31,82      2.83,91      0.09,60      0.15,70      0.12,56      0.09,50      0.03,45      0.51,91      0.48,94      0.00,40      0.00,39      0.03,73      0.00,36      0.00,44      1.02,4      0.81,11      0.33,6      0.54,14      0.15,20      0.48,10      1.23,6      39.0%,34      0.75,79      0.84,11      0.30,58      0.54,6      0.45,8      1.47,5      1.35,64      0.03,33      56.86,53      2.53,60      10.25,29      27.06,40      19.79,75      3.19,87      56.86,53      0.84,17      0.45,22      53.6%,63      0.30,78      35.7%,49      33.47,60      127.59,30      65.01,41      1.14,49      0.27,63      1.05,69      0.75,63      42.01,68      0.00,53      0.78,85      1.17,52      0.15,15      0.00,43      0.00,57      0.00,54      4.57,7      1.11,73      0.90,52      55.2%,73       https://fbref.com/req/202302030/images/headshots/e61b8aee_2022.jpg
Thomas Partey
MF      0.11,59      0.00,13      0.11,36      0.11,60      0.00,46      0.00,45      0.18,51      0.00,55      0.08,40      0.08,42      0.05,27      0.14,32      1.23,52      8.37,96      1.27,33      1.01,44      0.15,21      14.3%,13      0.11,65      0.75,93      20.40,46      0.00,35      0.08,49      +0.03,67      +0.03,65      62.74,96      71.95,96      87.2%,88      1092.18,96      333.72,96      29.14,90      31.75,90      91.8%,85      25.81,98      29.03,98      88.9%,76      6.45,94      8.70,86      74.2%,89      0.09,49      0.94,49      8.37,99      0.87,49      0.07,37      69.70,96      2.14,61      1.16,70      0.40,81      0.44,75      0.33,23      0.98,89      0.00,22      0.00,29      0.00,32      0.00,42      0.11,66      0.72,76      2.57,50      2.25,62      0.07,56      0.04,35      0.07,30      0.04,29      0.11,83      0.22,50      0.22,63      0.00,40      0.00,39      0.00,36      0.00,36      0.00,44      2.54,74      1.45,67      0.72,36      1.27,82      0.54,96      0.91,56      1.88,49      48.1%,64      0.98,63      0.94,21      0.18,30      0.76,21      1.01,50      3.55,69      1.49,73      0.04,28      82.17,96      2.83,76      15.15,71      50.96,97      16.89,62      1.05,40      82.17,96      1.63,48      1.27,78      77.8%,97      0.29,80      17.8%,91      50.67,94      248.87,92      139.44,98      1.38,58      0.11,39      1.20,56      0.69,73      59.95,94      0.00,53      1.34,44      0.83,32      0.00,80      0.00,43      0.00,57      0.00,54      8.16,92      1.34,82      0.91,51      59.7%,84       https://fbref.com/req/202302030/images/headshots/529f49ab_2022.jpg
Kieran Tierney
FB      0.00,25      0.11,83      0.11,63      0.00,25      0.00,50      0.00,50      0.00,96      0.00,54      0.03,45      0.03,45      0.03,22      0.08,33      2.83,86      4.08,66      3.51,52      0.79,72      0.23,74      28.6%,66      0.00,25      0.00,25      23.10,15      0.00,43      0.05,28      -0.03,20      -0.03,20      40.98,51      55.02,60      74.5%,31      751.25,68      231.85,46      17.21,23      19.47,23      88.4%,45      19.25,73      24.34,77      79.1%,39      3.96,79      7.81,75      50.7%,59      0.05,32      0.45,27      3.96,79      1.02,69      0.11,13      46.98,64      7.58,31      1.25,69      0.11,73      0.11,37      2.72,62      6.34,28      0.00,30      0.00,34      0.00,36      0.00,47      0.45,1      1.25,48      1.36,31      1.13,39      0.00,16      0.11,83      0.11,74      0.00,19      0.00,30      0.45,92      0.45,98      0.00,40      0.00,45      0.00,40      0.00,45      0.00,48      2.26,67      1.25,52      1.02,38      1.02,89      0.23,58      1.36,77      1.81,46      75.0%,93      0.45,85      0.91,21      0.23,26      0.68,27      1.25,67      3.51,67      2.83,64      0.00,75      65.55,57      2.60,10      17.32,21      27.62,60      20.72,80      1.70,69      65.55,57      1.36,46      0.34,30      25.0%,9      0.34,68      25.0%,87      35.77,70      204.00,77      94.75,64      1.36,63      0.34,75      0.79,66      0.00,99      38.26,61      0.00,50      0.57,87      1.02,69      0.11,26      0.00,45      0.00,66      0.00,56      4.87,32      0.68,19      2.04,5      25.0%,7       https://fbref.com/req/202302030/images/headshots/fce2302c_2022.jpg
Gabriel Martinelli
AM      0.48,91      0.16,59      0.65,86      0.48,93      0.00,40      0.00,40      0.10,60      0.00,53      0.30,78      0.30,84      0.29,92      0.59,92      4.00,84      3.03,43      11.29,91      2.55,86      0.97,77      38.0%,64      0.19,93      0.50,91      15.40,74      0.06,71      0.12,71      +0.18,96      +0.18,96      26.88,60      35.72,60      75.2%,55      418.21,64      84.22,39      14.42,47      17.01,43      84.8%,44      9.52,73      11.49,65      82.9%,77      1.97,59      3.97,63      49.6%,40      0.23,93      1.90,80      1.06,16      1.39,66      0.32,71      32.69,58      2.84,66      0.39,61      0.26,65      0.06,21      3.65,77      0.36,51      2.03,80      1.29,91      0.00,28      0.00,40      0.19,41      1.42,24      4.10,81      2.87,79      0.26,66      0.39,80      0.39,91      0.13,36      0.06,71      0.55,85      0.32,73      0.00,36      0.06,76      0.16,99      0.00,32      0.00,43      1.00,23      0.58,35      0.42,37      0.39,26      0.19,21      0.29,18      0.71,6      40.9%,56      0.42,94      0.77,24      0.03,34      0.74,25      0.29,23      1.29,22      0.45,41      0.00,59      48.08,60      0.61,26      4.16,18      13.52,18      31.14,91      7.20,95      48.08,60      4.26,70      1.90,76      44.7%,60      1.77,37      41.7%,64      32.88,75      231.70,84      106.39,73      2.10,60      2.26,90      2.68,24      1.81,28      35.98,66      0.00,51      1.26,40      1.19,43      0.26,42      0.00,35      0.00,56      0.00,52      3.32,12      0.45,38      2.03,14      18.2%,9       https://fbref.com/req/202302030/images/headshots/48a5a5d6_2022.jpg
Takehiro Tomiyasu
FB      0.00,25      0.14,85      0.14,72      0.00,25      0.00,50      0.00,50      0.27,21      0.00,54      0.03,42      0.03,42      0.08,66      0.11,50      1.90,60      6.92,91      3.80,58      0.41,36      0.00,10      0.0%,10      0.00,25      12.10,90      0.00,43      0.07,54      -0.03,26      -0.03,26      52.13,78      64.34,78      81.0%,70      875.97,80      276.38,75      23.48,61      27.15,66      86.5%,28      23.21,85      27.01,85      85.9%,78      4.07,83      7.60,73      53.6%,67      0.03,3      0.54,42      5.57,90      0.81,56      0.27,33      57.01,83      7.19,22      0.54,30      0.27,96      0.27,61      1.63,39      6.65,32      0.00,30      0.00,34      0.00,36      0.00,47      0.14,58      1.22,51      1.36,30      1.09,32      0.27,75      0.00,26      0.00,16      0.00,19      0.00,30      0.27,83      0.27,85      0.00,40      0.00,45      0.00,40      0.00,45      0.00,48      3.67,98      2.44,99      1.63,79      1.36,98      0.68,99      1.76,90      2.44,77      72.2%,87      0.68,57      0.95,26      0.00,2      0.95,64      1.90,98      5.57,99      2.04,32      0.14,3      75.61,83      3.53,44      18.73,33      39.77,90      17.65,60      2.31,80      75.61,83      0.54,10      0.14,4      25.0%,9      0.27,85      50.0%,23      42.22,79      187.33,70      84.71,52      0.95,33      0.14,37      0.95,56      0.54,51      46.70,77      0.00,50      0.81,73      0.41,16      0.00,80      0.00,45      0.00,66      0.00,56      5.70,62      2.31,93      2.71,1      45.9%,37       https://fbref.com/req/202302030/images/headshots/b3af9be1_2022.jpg
Albert Sambi Lokonga
MF      0.00,16      0.00,13      0.00,7      0.00,16      0.00,46      0.00,45      0.25,36      0.00,55      0.02,16      0.02,17      0.01,5      0.02,3      0.25,5      3.92,38      0.49,10      0.25,5      0.12,18      50.0%,93      0.00,16      0.00,16      17.90,68      0.00,35      0.08,49      -0.02,39      -0.02,40      44.14,69      49.54,61      89.1%,95      745.99,71      198.52,69      20.97,65      22.81,61      91.9%,87      19.13,80      20.11,70      95.1%,99      3.43,66      4.90,57      70.0%,77      0.02,10      0.25,6      4.90,80      0.12,5      0.00,12      47.21,62      1.84,56      1.72,81      0.37,77      0.25,44      0.00,1      0.12,35      0.00,22      0.00,29      0.00,32      0.00,42      0.49,3      0.37,97      1.23,13      0.98,12      0.00,20      0.00,15      0.00,7      0.25,88      0.00,21      0.00,7      0.00,8      0.00,40      0.00,39      0.00,36      0.00,36      0.00,44      1.72,26      1.35,63      0.86,45      0.49,9      0.37,70      0.98,70      1.72,35      57.1%,86      0.74,81      1.10,31      0.37,67      0.74,19      1.47,85      3.19,55      1.47,70      0.00,69      58.73,59      3.43,87      17.29,84      32.49,60      9.32,22      0.25,8      58.73,59      0.86,19      0.25,7      28.6%,1      0.25,86      28.6%,74      32.86,59      146.77,44      62.90,37      0.98,41      0.00,9      0.49,99      0.86,57      39.73,62      0.00,53      0.98,72      2.08,91      0.00,80      0.00,43      0.00,57      0.00,54      5.89,41      0.98,62      1.59,11      38.1%,26       https://fbref.com/req/202302030/images/headshots/1b4f1169_2022.jpg
Pierre-Emerick Aubameyang
FW      0.16,19      0.00,9      0.16,8      0.16,19      0.00,32      0.00,30      0.16,44      0.00,53      0.24,25      0.24,30      0.07,19      0.31,21      1.46,47      0.49,1      4.71,21      2.60,60      1.14,70      43.8%,67      0.06,15      0.14,11      13.70,64      0.00,36      0.09,14      -0.08,30      -0.08,31      13.32,28      18.03,26      73.9%,60      171.07,30      32.98,33      9.10,42      11.37,36      80.0%,55      3.57,40      4.22,18      84.6%,94      0.32,16      0.65,18      50.0%,38      0.03,8      0.65,9      0.32,1      0.32,19      0.16,84      16.41,16      1.62,69      0.00,25      0.00,8      0.00,14      0.49,45      0.00,14      0.00,33      0.00,40      0.00,45      0.00,47      0.00,86      0.81,62      1.30,8      0.97,6      0.00,33      0.00,3      0.32,69      0.00,5      0.00,28      0.00,3      0.00,4      0.00,45      0.00,26      0.00,27      0.00,31      0.00,47      0.16,3      0.00,1      0.16,43      0.00,3      0.00,3      0.00,3      0.16,3      0.0%,3      0.16,92      0.32,6      0.00,14      0.32,13      0.32,65      0.49,9      0.65,48      0.32,1      26.16,9      1.14,62      2.60,25      11.21,18      12.83,11      3.74,28      26.16,9      0.81,4      0.49,14      60.0%,97      0.32,97      40.0%,75      13.97,13      85.94,42      42.08,43      0.97,43      0.65,38      1.79,84      0.65,97      18.84,11      0.00,50      0.81,87      0.16,1      0.00,99      0.00,33      0.00,53      0.00,50      1.79,6      0.49,13      1.79,67      21.4%,9       https://fbref.com/req/202302030/images/headshots/d5dd5f1f_2022.jpg
Rob Holding
CB      0.16,97      0.00,32      0.16,93      0.16,97      0.00,50      0.00,50      0.00,95      0.00,52      0.05,49      0.05,49      0.00,4      0.05,25      0.48,46      3.82,70      0.32,67      0.80,82      0.32,94      40.0%,78      0.20,87      0.50,75      12.80,31      0.00,46      0.07,18      +0.11,99      +0.11,99      60.74,80      70.28,81      86.4%,61      1191.63,86      429.49,83      22.42,75      24.17,73      92.8%,75      30.37,73      32.92,75      92.3%,66      7.31,93      10.97,92      66.7%,79      0.02,25      0.00,2      3.66,64      0.16,46      0.00,30      68.37,82      1.59,31      1.27,51      0.16,94      0.32,48      0.00,10      0.32,54      0.00,48      0.00,49      0.00,49      0.00,50      0.32,8      0.48,35      0.95,76      0.64,55      0.00,30      0.16,98      0.16,93      0.00,36      0.00,36      0.00,14      0.00,18      0.00,47      0.00,49      0.00,41      0.00,46      0.00,49      1.27,41      0.80,51      0.64,27      0.64,76      0.00,19      0.48,23      0.95,39      50.0%,21      0.48,40      0.95,24      0.80,61      0.16,7      0.48,4      1.75,13      4.29,59      0.16,7      79.35,81      9.22,51      38.16,73      38.96,78      2.39,36      1.11,61      79.35,81      0.16,18      0.16,43      100.0%,93      0.00,88      0.0%,88      50.72,80      233.11,75      140.09,75      0.16,17      0.16,96      0.48,34      0.00,94      53.90,78      0.00,52      0.80,43      0.32,29      0.00,74      0.00,48      0.16,2      0.00,63      6.36,78      3.50,93      2.70,3      56.4%,28       https://fbref.com/req/202302030/images/headshots/d79a8c87_2022.jpg
Eddie Nketiah
FW      0.33,60      0.08,42      0.41,52      0.33,62      0.00,32      0.00,30      0.25,16      0.00,53      0.68,96      0.68,96      0.11,47      0.79,92      2.64,81      1.24,25      6.78,72      3.39,89      1.16,72      34.1%,28      0.10,34      0.29,38      11.30,96      0.00,36      0.20,93      -0.35,1      -0.35,1      16.94,55      21.07,40      80.4%,96      239.17,57      28.93,21      10.83,65      12.48,52      86.8%,87      4.79,64      5.70,50      84.1%,92      0.74,50      0.99,33      75.0%,89      0.11,70      0.74,30      0.74,33      0.50,40      0.00,19      19.09,36      1.98,75      0.00,25      0.00,8      0.08,52      0.41,33      0.00,14      0.00,33      0.00,40      0.00,45      0.00,47      0.00,86      0.91,47      2.40,57      1.16,23      0.00,33      0.50,94      0.50,94      0.25,81      0.00,28      0.25,42      0.17,45      0.00,45      0.00,26      0.00,27      0.08,87      0.00,47      1.07,70      0.74,81      0.50,86      0.17,21      0.41,84      0.17,23      0.83,55      20.0%,16      0.66,38      0.58,25      0.08,45      0.50,28      0.08,11      1.16,48      0.58,42      0.00,57      33.64,45      0.83,45      2.89,42      12.98,31      18.26,64      7.19,94      33.64,45      2.81,67      1.24,67      44.1%,61      1.07,38      38.2%,81      21.41,62      139.01,74      49.83,53      1.32,69      1.82,94      2.48,57      1.65,47      25.21,50      0.00,50      2.48,3      2.07,87      0.66,30      0.08,91      0.00,53      0.00,50      2.48,42      0.83,23      2.56,45      24.4%,14       https://fbref.com/req/202302030/images/headshots/a53649b7_2022.jpg
Bernd Leno
GK      1.42,55      5.33,95      3.94,95      77.1%,95      0.42,63      0.14,16      0.44,57      0.22,34      22.2%,32      0.22,84      0.19,13      0.03,63      0.00,39      12.5%,50      0.03,45      0.22,30      0.06,45      1.61,16      0.27,29      +0.25,95      3.44,52      10.86,34      31.7%,38      32.03,80      5.28,77      26.0%,23      30.0,23      6.72,41      37.6%,27      36.0,34      12.89,34      0.97,66      7.5%,70      1.28,63      14.9,45       https://fbref.com/req/202302030/images/headshots/2628fd2b_2022.jpg
Ainsley Maitland-Niles
FB      0.00,25      0.00,20      0.00,11      0.00,25      0.00,50      0.00,50      0.19,45      0.00,54      0.00,2      0.00,2      0.04,36      0.04,14      0.96,20      3.65,52      2.24,26      0.06,3      0.06,31      100.0%,98      0.00,25      0.00,25      31.40,2      0.00,43      0.02,3      0.00,66      0.00,66      36.14,33      45.61,25      79.2%,55      596.29,40      207.57,37      18.42,34      21.17,33      87.0%,31      13.69,37      16.50,31      82.9%,66      3.20,66      5.37,48      59.5%,84      0.04,28      0.64,52      3.33,66      0.77,51      0.32,48      40.49,38      4.93,14      0.70,43      0.13,79      0.19,50      1.28,25      4.22,15      0.00,30      0.00,34      0.00,36      0.00,47      0.19,32      0.77,90      1.54,46      1.41,60      0.00,16      0.06,69      0.00,16      0.06,60      0.00,30      0.13,50      0.06,32      0.00,40      0.00,45      0.00,40      0.06,97      0.00,48      2.88,85      1.54,74      1.47,68      1.15,93      0.26,69      1.79,91      2.81,85      63.6%,62      1.02,27      1.79,95      0.45,73      1.34,95      1.41,85      4.29,86      2.88,72      0.06,25      58.34,28      4.67,79      20.98,55      28.15,61      9.91,16      0.45,9      58.34,28      1.41,54      1.09,85      77.3%,96      0.32,75      22.7%,90      26.03,25      130.23,31      56.61,20      0.83,25      0.13,36      1.66,9      0.83,26      32.56,38      0.00,50      0.83,69      0.51,36      0.00,80      0.06,95      0.06,7      0.00,56      5.76,66      0.96,39      0.70,87      57.7%,69       https://fbref.com/req/202302030/images/headshots/e3a5814e_2022.jpg