
Edouard Mendy
GK      1.47,48      4.11,41      2.63,34      64.1%,30      0.32,45      0.21,48      0.42,50      0.11,13      11.1%,13      0.00,2      0.00,98      0.00,25      0.00,39      0.00,73      0.42,9      0.00,91      1.25,59      0.33,86      -0.22,20      2.84,16      8.11,16      35.1%,63      23.79,38      4.95,59      22.1%,16      27.6,13      6.63,38      42.9%,34      34.4,23      13.47,41      0.95,59      7.0%,63      1.16,41      13.7,36       https://fbref.com/req/202302030/images/headshots/33887998_2022.jpg
Thiago Silva
CB      0.00,25      0.08,86      0.08,57      0.00,25      0.00,50      0.00,50      0.08,81      0.00,52      0.06,60      0.06,60      0.02,48      0.08,52      0.31,31      3.98,75      0.08,18      0.57,57      0.08,27      13.3%,25      0.00,25      0.00,25      13.00,28      0.00,46      0.10,55      -0.06,17      -0.06,17      71.02,88      78.14,88      90.9%,91      1339.21,93      533.38,96      25.94,85      27.47,82      94.4%,88      38.00,93      39.60,91      95.9%,98      6.58,88      9.87,81      66.7%,79      0.04,80      0.19,36      4.40,78      0.50,92      0.00,30      75.61,88      2.26,57      2.07,94      0.04,55      0.57,75      0.08,38      0.08,14      0.00,48      0.00,49      0.00,49      0.00,50      0.27,17      0.31,66      0.69,36      0.61,49      0.04,65      0.00,41      0.04,36      0.00,36      0.00,36      0.08,59      0.08,69      0.00,47      0.00,49      0.00,41      0.00,46      0.00,49      1.57,65      1.03,71      0.92,54      0.65,77      0.00,19      0.80,66      1.19,57      67.7%,73      0.38,59      1.45,67      1.11,81      0.34,25      1.30,57      2.87,62      4.25,56      0.11,14      88.09,90      13.32,99      44.66,97      41.36,85      2.22,29      0.92,44      88.09,90      0.15,17      0.11,28      75.0%,73      0.00,88      0.0%,88      55.87,88      252.86,82      148.74,80      0.54,64      0.00,27      0.23,80      0.04,86      64.06,90      0.00,52      0.38,94      0.50,62      0.00,74      0.00,48      0.00,68      0.00,63      5.66,61      2.33,60      0.88,88      72.6%,93       https://fbref.com/req/202302030/images/headshots/86e7deaf_2022.jpg
Mason Mount
AM,MF      0.16,38,71      0.11,41,64      0.27,30,70      0.16,43,75      0.00,40,46      0.00,40,45      0.22,22,41      0.00,53,55      0.11,13,60      0.11,13,61      0.16,58,84      0.27,29,77      2.62,37,84      5.35,88,63      6.23,38,90      1.80,41,83      0.49,30,80      27.3%,19,41      0.09,38,60      0.33,56,60      19.70,20,52      0.11,80,80      0.06,6,30      +0.05,75,77      +0.05,73,75      31.95,77,36      42.49,80,42      75.2%,55,20      474.47,73,24      122.11,72,26      19.11,79,55      22.34,80,57      85.6%,55,28      9.01,69,16      11.80,69,20      76.4%,46,13      2.40,73,43      4.59,70,50      52.4%,48,26      0.15,68,81      1.64,66,88      3.00,82,36      1.47,70,87      0.27,65,77      38.56,75,38      3.71,79,80      0.93,80,60      0.33,74,70      0.44,86,76      3.50,71,88      0.27,39,60      1.86,78,88      0.60,72,83      1.04,94,96      0.05,88,90      0.22,31,32      1.26,44,22      3.11,43,70      2.29,54,63      0.49,78,87      0.11,21,60      0.11,15,47      0.11,26,60      0.00,21,21      0.38,56,77      0.27,63,76      0.00,36,40      0.00,25,39      0.05,69,87      0.05,80,89      0.00,43,44      1.80,69,33      1.04,63,29      0.33,25,5      0.87,80,45      0.60,94,98      0.76,70,37      1.47,48,20      51.9%,88,74      0.71,66,83      1.31,78,49      0.33,97,63      0.98,55,22      0.44,44,6      2.24,63,17      0.49,46,11      0.00,59,69      52.92,76,41      0.93,55,9      6.01,53,5      22.66,77,20      24.85,69,90      3.06,31,86      52.92,76,41      1.69,7,49      0.82,10,46      48.4%,72,44      0.71,89,35      41.9%,58,30      28.94,49,40      149.91,27,46      78.04,40,60      1.86,49,80      0.60,24,83      1.97,63,16      1.58,46,13      37.03,71,54      0.00,51,53      1.53,18,31      1.47,60,71      0.05,87,44      0.00,35,43      0.00,56,57      0.00,52,54      4.64,49,10      0.49,45,22      0.76,72,65      39.1%,65,27       https://fbref.com/req/202302030/images/headshots/9674002f_2022.jpg
Jorginho
MF      0.08,52      0.04,36      0.13,41      0.00,16      0.08,98      0.08,97      0.17,58      0.00,55      0.08,40      0.01,7      0.02,7      0.04,6      1.18,50      7.55,90      0.76,20      0.38,10      0.04,9      11.1%,10      0.00,16      0.00,16      26.20,11      0.00,35      0.04,12      0.00,59      -0.01,50      58.62,92      68.32,92      85.8%,80      961.57,90      275.78,90      27.75,86      30.87,87      89.9%,69      25.56,96      28.76,97      88.9%,76      3.88,76      5.69,68      68.1%,67      0.05,27      0.51,17      7.21,95      0.89,50      0.00,12      66.26,93      1.86,57      1.81,83      0.30,68      0.21,34      0.17,10      0.04,19      0.00,22      0.00,29      0.00,32      0.00,42      0.21,37      0.80,72      2.11,36      2.02,57      0.00,20      0.00,15      0.00,7      0.00,9      0.08,74      0.30,60      0.25,71      0.00,40      0.00,39      0.00,36      0.00,36      0.04,96      2.53,72      1.52,76      1.18,76      1.01,60      0.34,64      1.14,83      2.95,91      38.6%,30      1.81,8      1.05,28      0.21,38      0.84,33      1.27,71      3.80,77      0.63,18      0.00,69      77.31,91      2.66,68      18.22,88      44.41,93      14.89,53      0.67,26      77.22,91      0.93,25      0.34,12      36.4%,12      0.38,67      40.9%,33      45.08,90      199.48,77      98.77,80      1.64,70      0.04,24      0.93,76      0.72,68      56.30,91      0.00,53      0.76,89      1.73,80      0.00,80      0.00,43      0.00,57      0.00,54      7.93,90      0.76,42      0.80,61      48.6%,53       https://fbref.com/req/202302030/images/headshots/45db685d_2022.jpg
César Azpilicueta
FB      0.00,25      0.00,20      0.00,11      0.00,25      0.00,50      0.00,50      0.18,50      0.00,54      0.02,34      0.02,34      0.06,54      0.09,42      1.36,37      4.18,69      4.77,74      0.53,51      0.06,29      11.1%,20      0.00,25      0.00,25      18.20,49      0.00,43      0.05,28      -0.02,30      -0.02,30      51.39,75      62.77,77      81.9%,77      759.78,69      256.62,61      29.53,83      31.71,83      93.1%,90      19.86,74      24.40,79      81.4%,55      1.24,7      4.36,26      28.4%,4      0.08,64      0.71,60      2.36,27      1.12,72      0.29,42      52.63,75      9.96,77      1.77,87      0.00,20      0.00,8      1.53,33      8.19,75      0.00,30      0.00,34      0.00,36      0.00,47      0.18,35      0.83,86      1.47,43      1.47,64      0.00,16      0.00,26      0.00,16      0.00,19      0.00,30      0.06,21      0.06,28      0.00,40      0.00,45      0.00,40      0.00,45      0.00,48      2.53,77      1.47,68      1.36,63      0.88,83      0.29,80      1.30,69      2.18,67      59.5%,55      0.88,34      1.53,83      0.29,40      1.24,90      1.12,56      3.65,75      3.18,87      0.06,27      73.38,77      4.95,86      24.99,87      30.06,70      18.80,69      1.47,64      73.38,77      0.77,22      0.41,38      53.8%,78      0.29,78      38.5%,57      36.07,72      158.61,52      92.71,62      1.12,45      0.00,4      0.71,79      0.29,73      44.38,74      0.00,50      1.59,7      0.41,17      0.12,25      0.00,45      0.00,66      0.06,4      3.48,3      1.71,85      1.12,45      60.4%,79       https://fbref.com/req/202302030/images/headshots/53cad200_2022.jpg
Reece James
FB      0.07,79      0.07,68      0.14,74      0.07,79      0.00,50      0.00,50      0.29,16      0.00,54      0.07,79      0.07,79      0.22,91      0.29,90      3.76,96      6.51,89      8.32,93      1.16,86      0.29,83      25.0%,54      0.06,58      0.25,56      22.40,20      0.14,95      0.06,43      0.00,66      0.00,66      64.46,91      76.04,90      84.8%,89      1037.82,89      298.00,84      33.86,90      36.10,92      93.8%,95      24.38,86      28.58,86      85.3%,75      4.85,92      7.89,79      61.5%,85      0.21,93      1.52,86      4.34,84      1.74,91      0.43,68      64.82,90      10.92,85      1.88,90      0.00,20      0.36,75      6.58,93      7.52,51      1.52,85      0.87,89      0.43,85      0.00,47      0.29,16      1.16,62      3.40,93      2.60,97      0.36,81      0.22,92      0.14,84      0.07,64      0.00,30      0.22,72      0.14,70      0.00,40      0.00,45      0.00,40      0.07,99      0.00,48      2.24,63      1.45,66      0.72,22      1.30,97      0.22,55      1.09,44      1.37,22      78.9%,97      0.29,93      1.23,57      0.14,15      1.09,79      0.87,27      3.11,49      1.66,17      0.00,75      85.88,91      2.82,19      18.52,31      39.28,87      28.58,93      1.81,73      85.88,91      2.89,90      1.59,95      55.0%,80      0.72,36      25.0%,87      51.37,91      269.28,93      146.00,92      1.88,86      0.65,91      0.94,57      1.01,10      58.82,90      0.00,50      0.65,83      1.30,83      0.29,5      0.07,98      0.00,66      0.00,56      6.44,85      1.66,81      1.16,40      59.0%,75       https://fbref.com/req/202302030/images/headshots/1265a93a_2022.jpg
Kai Havertz
FW,AM      0.25,38,59      0.04,21,16      0.28,25,32      0.21,30,55      0.04,70,87      0.04,62,84      0.18,35,34      0.00,53,53      0.41,60,91      0.38,55,90      0.13,64,41      0.51,65,78      2.07,64,21      3.12,86,46      7.64,82,57      2.45,55,79      1.09,67,85      44.3%,69,81      0.09,29,38      0.19,18,29      12.70,72,95      0.04,74,63      0.15,62,91      -0.16,19,6      -0.17,13,5      25.47,91,52      31.32,86,37      81.3%,97,86      327.45,82,37      65.93,75,21      16.05,94,64      18.92,96,69      84.8%,74,44      6.83,86,36      7.74,75,26      88.2%,99,95      0.81,55,20      1.12,36,7      71.9%,87,90      0.10,58,32      1.33,74,44      1.72,87,54      0.91,75,34      0.07,52,18      29.78,87,38      1.44,60,45      0.18,79,45      0.07,25,16      0.14,62,42      0.49,47,6      0.32,74,45      0.04,72,26      0.00,40,21      0.00,45,28      0.00,47,40      0.11,36,66      0.84,53,82      2.21,48,14      1.89,67,38      0.07,81,46      0.04,8,9      0.18,36,36      0.04,14,11      0.00,28,21      0.14,18,9      0.11,23,16      0.00,45,36      0.00,26,25      0.04,58,60      0.00,31,32      0.00,47,43      1.19,77,38      0.56,58,32      0.14,36,6      0.70,89,65      0.35,75,63      0.35,72,24      1.05,72,25      33.3%,57,34      0.70,30,68      0.98,70,45      0.00,14,15      0.98,82,82      0.25,52,17      1.44,75,31      1.44,89,95      0.00,57,59      44.07,86,39      1.61,91,82      3.78,60,12      18.18,86,51      22.42,86,53      5.78,84,85      44.04,86,39      2.14,45,14      0.63,31,6      29.5%,6,4      1.33,31,60      62.3%,4,2      25.50,81,29      131.06,65,13      51.95,55,6      1.16,60,8      1.05,74,48      2.77,45,18      1.26,75,74      33.14,86,49      0.00,50,51      2.10,6,2      0.88,30,19      0.98,11,3      0.00,33,35      0.00,53,56      0.00,50,52      2.84,58,6      2.77,87,98      2.07,60,13      57.2%,96,96       https://fbref.com/req/202302030/images/headshots/fed7cb61_2022.jpg
N'Golo Kanté
MF      0.00,16      0.17,81      0.17,55      0.00,16      0.00,46      0.00,45      0.17,56      0.00,55      0.05,29      0.05,32      0.33,96      0.38,89      3.30,93      5.91,74      6.25,90      1.39,70      0.17,24      12.5%,11      0.00,16      0.00,16      20.90,40      0.00,35      0.04,12      -0.05,22      -0.05,22      47.08,77      58.73,78      80.2%,50      683.69,65      179.48,64      29.19,91      33.01,95      88.4%,54      14.59,55      17.37,60      84.0%,41      2.08,31      4.17,39      50.0%,21      0.14,77      2.26,96      4.00,61      1.91,94      0.52,97      58.38,84      0.00,1      0.00,3      0.35,70      0.17,25      1.91,71      0.00,7      0.00,22      0.00,29      0.00,32      0.00,42      0.35,8      2.08,1      4.17,94      3.82,98      0.00,20      0.17,75      0.17,70      0.00,9      0.00,21      0.35,69      0.35,85      0.00,40      0.00,39      0.00,36      0.00,36      0.00,44      2.78,85      1.74,88      0.70,35      1.74,98      0.35,67      0.70,28      1.39,14      50.0%,70      0.70,85      1.91,89      0.00,2      1.91,98      1.04,55      3.82,78      0.35,6      0.00,69      70.19,79      1.91,38      9.21,18      33.88,67      28.32,94      2.78,78      70.19,79      3.13,87      2.08,97      66.7%,87      0.70,38      22.2%,86      39.96,78      244.63,90      139.00,97      2.61,96      0.35,69      2.26,12      0.87,56      48.47,78      0.00,53      0.87,82      0.35,6      0.17,14      0.00,43      0.00,57      0.00,54      9.56,99      0.35,9      0.70,71      33.3%,18       https://fbref.com/req/202302030/images/headshots/b9fbae28_2022.jpg
Trevoh Chalobah
CB,FB      0.00,25,25      0.00,32,20      0.00,17,11      0.00,25,25      0.00,50,50      0.00,50,50      0.22,31,31      0.00,52,54      0.05,54,63      0.05,54,63      0.02,39,4      0.07,43,32      0.95,81,19      3.97,73,62      1.51,93,10      0.50,50,48      0.11,49,48      22.2%,40,48      0.00,25,25      0.00,25,25      9.60,72,97      0.00,46,43      0.10,55,78      -0.05,23,10      -0.05,23,10      58.82,76,86      67.16,76,83      87.6%,75,93      1041.21,72,90      297.54,39,83      23.45,78,60      26.14,78,58      89.7%,44,60      30.84,76,96      33.25,76,95      92.8%,73,97      3.92,40,77      5.99,23,56      65.4%,77,90      0.02,29,2      0.22,50,3      3.58,59,73      0.17,50,5      0.06,77,8      63.36,73,89      3.69,80,7      1.29,54,73      0.00,24,20      0.22,33,55      0.73,93,8      2.41,85,8      0.00,48,30      0.00,49,34      0.00,49,36      0.00,50,47      0.11,56,67      0.62,18,92      0.90,66,10      0.62,50,4      0.00,30,16      0.06,91,66      0.11,70,73      0.11,96,78      0.00,36,30      0.17,90,66      0.17,92,74      0.00,47,40      0.00,49,45      0.00,41,40      0.00,46,45      0.00,49,48      1.74,71,27      1.12,73,42      1.23,80,55      0.34,29,8      0.17,90,39      1.34,92,75      1.96,92,57      68.6%,76,75      0.62,27,66      0.95,23,27      0.39,14,60      0.56,67,92      1.34,64,78      3.08,69,44      3.13,22,81      0.06,49,30      76.62,75,84      7.56,25,97      33.69,49,99      33.81,67,77      9.35,92,11      1.29,77,52      76.62,75,84      0.56,80,11      0.45,90,39      80.0%,80,98      0.06,61,95      10.0%,70,98      43.88,69,84      149.94,30,45      77.97,29,45      0.73,78,20      0.06,71,17      0.34,61,97      0.28,19,75      54.46,80,87      0.00,52,50      0.62,66,84      0.45,48,23      0.00,74,80      0.00,48,45      0.00,68,66      0.06,9,5      4.81,30,28      1.74,24,87      1.79,18,8      49.2%,3,48       https://fbref.com/req/202302030/images/headshots/5515376c_2022.jpg
Mateo Kovačić
MF      0.05,42      0.11,60      0.16,50      0.05,43      0.00,46      0.00,45      0.42,12      0.00,55      0.09,52      0.09,55      0.11,56      0.21,56      1.95,68      8.07,94      1.58,42      1.21,63      0.05,10      4.3%,7      0.04,42      1.00,95      22.10,30      0.00,35      0.08,49      -0.04,30      -0.04,31      59.58,94      69.54,93      85.7%,79      977.35,93      294.15,92      29.26,91      32.37,95      90.4%,73      24.78,94      27.52,94      90.0%,81      4.01,77      6.33,74      63.3%,60      0.11,65      1.21,63      8.33,98      1.21,76      0.05,29      67.96,95      1.53,47      1.37,74      0.53,92      0.53,82      0.32,22      0.16,43      0.00,22      0.00,29      0.00,32      0.00,42      0.05,85      1.32,18      3.27,78      2.79,90      0.05,50      0.11,58      0.21,78      0.00,9      0.11,82      0.16,33      0.16,52      0.00,40      0.00,39      0.00,36      0.00,36      0.00,44      1.90,40      1.27,54      0.84,43      0.74,30      0.32,60      0.74,34      1.90,50      38.9%,33      1.16,40      0.53,1      0.05,8      0.47,3      1.00,49      2.90,36      0.84,31      0.00,69      78.66,93      1.63,25      14.71,69      49.46,96      15.24,57      0.63,24      78.66,93      1.79,53      1.00,60      55.9%,70      0.53,51      29.4%,70      53.25,98      290.88,99      136.61,95      2.06,83      0.11,38      1.37,44      1.37,22      60.32,95      0.00,53      0.95,75      0.63,21      0.00,80      0.00,43      0.00,57      0.00,54      6.38,60      0.53,25      0.53,82      50.0%,56       https://fbref.com/req/202302030/images/headshots/79c0821a_2022.jpg
Hakim Ziyech
AM      0.00,4      0.41,96      0.41,59      0.00,4      0.00,40      0.00,40      0.14,49      0.00,53      0.08,5      0.08,5      0.30,93      0.38,56      2.72,43      5.72,93      9.39,82      2.18,64      0.41,18      18.8%,4      0.00,4      0.00,4      22.70,3      0.00,29      0.04,1      -0.08,16      -0.08,20      35.13,88      54.46,93      64.5%,10      574.86,88      213.77,96      20.15,87      23.01,84      87.6%,76      11.16,81      18.11,93      61.7%,6      3.27,84      8.99,98      36.4%,5      0.20,84      1.91,81      2.72,78      2.59,97      0.95,99      47.52,92      6.40,96      1.63,89      0.54,95      0.41,82      8.99,99      1.91,97      2.72,94      1.63,93      0.54,81      0.14,96      0.54,1      2.04,4      4.36,86      3.40,93      0.54,80      0.14,25      0.00,3      0.14,39      0.14,98      0.41,61      0.27,61      0.14,98      0.00,25      0.00,27      0.00,32      0.00,43      2.72,96      1.63,94      1.63,98      0.68,61      0.41,71      0.54,40      1.23,31      44.4%,70      0.68,74      1.09,57      0.00,15      1.09,66      0.68,74      3.40,93      0.68,62      0.14,1      68.76,96      1.63,84      10.08,89      25.05,85      34.18,95      2.31,16      68.76,96      4.49,75      1.91,77      42.4%,48      2.04,27      45.5%,45      41.26,93      204.92,71      89.46,56      2.31,73      0.95,42      1.63,84      1.77,30      48.20,93      0.00,51      1.63,10      1.91,75      0.41,25      0.00,35      0.00,56      0.00,52      6.26,87      0.00,1      0.68,78      0.0%,1       https://fbref.com/req/202302030/images/headshots/6622454d_2022.jpg
Ruben Loftus-Cheek
MF      0.00,16      0.06,40      0.06,19      0.00,16      0.00,46      0.00,45      0.06,90      0.00,55      0.05,26      0.05,29      0.09,45      0.14,33      3.28,92      5.27,61      5.04,79      0.53,17      0.12,14      22.2%,27      0.00,16      0.00,16      18.60,60      0.00,35      0.09,63      -0.05,26      -0.05,26      45.82,75      53.14,69      86.2%,83      668.96,63      168.63,57      27.83,87      31.05,88      89.6%,66      15.41,61      17.05,55      90.4%,83      1.70,17      2.17,6      78.4%,92      0.11,60      0.94,48      4.57,72      1.05,66      0.06,31      50.27,71      2.58,70      0.64,43      0.06,21      0.35,63      1.11,55      1.88,95      0.00,22      0.00,29      0.00,32      0.00,42      0.29,16      1.17,29      2.11,37      1.82,48      0.00,20      0.18,75      0.06,23      0.06,36      0.00,21      0.23,52      0.23,69      0.00,40      0.00,39      0.00,36      0.00,36      0.00,44      1.46,14      0.82,14      0.47,17      0.82,39      0.18,31      0.70,30      1.29,8      54.5%,81      0.59,90      0.88,14      0.12,17      0.76,22      0.70,27      2.17,14      1.35,61      0.00,69      62.58,68      2.34,50      10.84,36      33.75,66      18.87,69      2.46,73      62.58,68      3.52,91      1.76,92      50.0%,50      1.29,13      36.7%,47      38.14,74      219.90,87      129.49,93      1.70,74      0.59,81      1.29,50      1.35,23      45.35,74      0.00,53      0.59,94      1.99,90      0.06,40      0.00,43      0.00,57      0.06,1      5.92,42      1.29,80      1.52,17      45.8%,47       https://fbref.com/req/202302030/images/headshots/e97fd090_2022.jpg
Christian Pulisic
AM      0.11,20      0.11,42      0.22,21      0.11,24      0.00,40      0.00,40      0.11,54      0.00,53      0.19,43      0.19,46      0.08,12      0.25,22      3.84,79      2.52,27      8.33,68      2.08,59      0.66,48      31.6%,31      0.05,23      0.17,26      16.80,50      0.00,29      0.09,35      -0.08,20      -0.08,22      26.09,55      33.00,46      79.1%,75      357.59,46      60.95,15      16.88,72      19.40,71      87.0%,72      7.24,45      9.21,42      78.6%,60      1.10,29      1.97,32      55.6%,58      0.04,3      1.32,42      1.53,44      0.33,3      0.11,28      32.23,56      0.44,11      0.00,13      0.11,28      0.00,6      1.97,47      0.44,57      0.00,12      0.00,21      0.00,28      0.00,40      0.33,9      0.88,75      2.63,24      2.30,55      0.00,16      0.00,4      0.33,79      0.00,4      0.00,21      0.33,43      0.33,75      0.00,36      0.00,25      0.00,27      0.00,32      0.00,43      1.21,39      0.66,41      0.33,26      0.66,57      0.22,25      0.33,22      0.55,2      60.0%,96      0.22,99      0.88,34      0.11,63      0.77,29      0.44,45      1.64,37      0.44,40      0.00,59      47.03,54      0.44,11      5.81,51      18.42,55      23.68,63      4.71,72      47.03,54      4.82,79      1.43,51      29.5%,4      2.41,13      50.0%,21      32.78,74      233.06,85      114.45,82      3.29,95      1.53,70      2.85,13      1.43,58      35.96,65      0.00,51      1.10,54      1.64,68      0.00,97      0.00,35      0.00,56      0.00,52      3.40,15      0.55,51      1.97,19      21.7%,16       https://fbref.com/req/202302030/images/headshots/1bf33a9a_2022.jpg
Ben Chilwell
FB      0.13,90      0.13,84      0.26,91      0.13,90      0.00,50      0.00,50      0.19,46      0.00,54      0.09,86      0.09,86      0.14,83      0.24,84      2.75,84      2.62,17      8.37,95      1.02,81      0.26,79      25.0%,54      0.13,86      0.50,80      16.10,66      0.00,43      0.09,69      +0.04,87      +0.04,87      48.71,73      62.45,75      78.0%,48      700.76,61      206.97,34      29.98,85      32.41,84      92.5%,84      14.25,42      18.15,39      78.5%,36      2.68,48      7.86,78      34.1%,12      0.15,86      1.34,83      2.68,40      0.64,31      0.45,72      49.47,69      12.66,93      1.60,83      0.13,78      0.32,70      5.88,89      7.73,60      3.32,96      1.60,95      1.28,92      0.00,47      0.32,9      1.15,64      2.49,79      1.21,43      1.09,95      0.00,26      0.06,52      0.13,81      0.00,30      0.26,79      0.13,67      0.06,95      0.00,45      0.00,40      0.06,96      0.00,48      1.34,9      1.09,36      0.77,23      0.51,31      0.06,14      0.83,25      1.60,36      52.0%,33      0.77,48      1.34,63      0.13,14      1.21,89      1.15,60      2.49,21      1.66,16      0.00,75      72.42,74      1.47,2      18.15,27      27.23,55      27.23,92      2.30,79      72.42,74      1.47,61      0.51,48      34.8%,26      0.77,32      52.2%,17      40.21,75      217.39,81      118.38,86      2.30,92      0.51,85      1.60,13      1.15,5      46.15,75      0.00,50      0.83,70      1.47,87      0.19,15      0.06,93      0.00,66      0.00,56      4.35,13      1.60,73      1.28,31      55.6%,63       https://fbref.com/req/202302030/images/headshots/d2424d1b_2022.jpg
Kepa Arrizabalaga
GK      1.16,77      4.21,45      3.16,77      73.3%,77      0.28,38      0.32,77      0.42,50      0.32,71      32.1%,70      0.04,5      0.04,91      0.00,25      0.00,39      0.0%,25      0.04,27      0.14,77      0.11,30      1.23,66      0.29,59      +0.18,91      2.39,5      7.47,5      31.9%,41      30.32,73      5.30,80      17.1%,5      26.3,5      6.39,34      35.7%,16      31.5,16      11.65,27      0.53,16      4.5%,20      1.82,84      16.9,91       https://fbref.com/req/202302030/images/headshots/28d596a0_2022.jpg
Emerson Palmieri
FB      0.07,77      0.00,20      0.07,49      0.07,77      0.00,50      0.00,50      0.14,66      0.00,54      0.05,66      0.05,66      0.06,49      0.12,54      2.66,80      3.07,31      3.89,61      0.75,70      0.34,90      45.5%,92      0.09,70      0.20,48      14.50,78      0.00,43      0.07,54      +0.01,75      +0.01,75      39.00,42      49.70,38      78.5%,50      539.32,28      198.55,28      25.02,68      27.27,67      91.8%,79      10.57,14      13.30,9      79.5%,43      2.05,31      5.05,43      40.5%,26      0.05,46      0.89,72      2.52,37      0.75,50      0.27,34      41.32,43      8.25,45      0.61,34      0.00,20      0.00,8      3.20,70      6.68,33      0.95,80      0.07,70      0.68,86      0.00,47      0.14,56      1.84,15      1.98,68      1.36,54      0.27,77      0.07,70      0.07,56      0.14,86      0.07,85      0.00,8      0.00,11      0.00,40      0.00,45      0.00,40      0.00,45      0.00,48      1.77,36      0.95,23      0.61,15      1.02,90      0.14,32      0.82,22      1.64,39      50.0%,23      0.82,42      1.16,48      0.27,34      0.89,58      1.02,48      2.80,34      2.45,52      0.00,75      60.95,39      4.09,67      16.43,16      26.32,50      18.61,68      1.70,70      60.95,39      1.98,79      0.41,37      20.7%,5      0.95,19      48.3%,27      28.02,33      162.95,56      93.00,63      1.77,81      0.48,81      0.61,90      0.75,31      36.27,50      0.00,50      0.89,62      1.02,70      0.00,80      0.00,45      0.00,66      0.00,56      4.50,16      1.23,60      0.61,93      66.7%,92       https://fbref.com/req/202302030/images/headshots/e0bc6fdc_2022.jpg
Lewis Hall
FB      0.00,25      0.00,20      0.00,11      0.00,25      0.00,50      0.00,50      0.14,64      0.00,54      0.12,91      0.12,91      0.30,96      0.43,97      2.61,77      3.44,45      5.50,79      1.51,96      0.69,98      45.5%,92      0.00,25      0.00,25      15.00,73      0.00,43      0.08,61      -0.12,2      -0.12,2      47.20,67      58.76,67      80.3%,66      816.33,75      242.06,52      25.05,69      27.80,72      90.1%,63      16.65,56      20.64,61      80.7%,46      5.23,93      7.98,80      65.5%,91      0.19,91      1.93,91      3.44,68      1.24,83      0.55,83      50.78,72      7.84,34      0.96,54      0.00,20      0.41,78      4.68,83      5.09,20      1.79,86      1.65,96      0.00,36      0.00,47      0.14,55      1.10,68      3.44,95      1.79,80      0.83,91      0.28,96      0.28,95      0.28,99      0.00,30      0.00,8      0.00,11      0.00,40      0.00,45      0.00,40      0.00,45      0.00,48      3.17,92      1.65,86      2.61,99      0.55,38      0.00,4      2.06,98      3.03,89      68.2%,73      0.96,30      1.10,39      0.00,2      1.10,81      1.51,86      4.68,95      1.51,14      0.14,2      73.35,75      3.03,23      22.71,75      28.49,62      22.98,84      2.89,91      73.35,75      3.72,93      1.51,91      40.7%,40      1.79,4      48.1%,28      44.04,85      223.90,84      116.70,84      1.24,54      0.83,92      2.20,4      0.96,19      48.30,80      0.00,50      0.41,95      1.51,89      0.14,22      0.00,45      0.00,66      0.00,56      6.61,89      0.96,42      0.69,90      58.3%,72       https://fbref.com/req/202302030/images/headshots/da011f18_2022.jpg
Kurt Zouma
CB      0.09,83      0.00,32      0.09,69      0.09,83      0.00,50      0.00,50      0.00,95      0.00,52      0.10,88      0.10,88      0.00,12      0.10,76      0.14,10      1.40,4      0.05,12      0.86,91      0.23,81      26.3%,51      0.11,71      0.40,64      10.10,62      0.00,46      0.12,71      -0.01,60      -0.01,60      31.72,10      37.60,6      84.4%,49      609.95,13      200.77,3      11.18,14      12.26,9      91.1%,62      16.43,14      18.42,8      89.2%,38      3.57,35      5.84,20      61.2%,66      0.00,3      0.05,4      0.86,2      0.09,22      0.00,30      36.24,8      1.27,17      0.63,14      0.00,24      0.63,78      0.00,10      0.14,23      0.00,48      0.00,49      0.00,49      0.00,50      0.09,71      0.14,92      0.41,10      0.32,7      0.05,72      0.00,41      0.05,45      0.00,36      0.00,36      0.09,64      0.05,46      0.00,47      0.00,49      0.05,93      0.00,46      0.00,49      0.41,1      0.18,1      0.18,1      0.23,12      0.00,19      0.23,1      0.36,1      62.5%,50      0.14,96      0.77,12      0.63,39      0.14,4      1.36,65      1.76,15      5.43,90      0.05,52      47.47,4      10.41,77      29.59,23      16.43,4      1.58,9      1.31,80      47.47,4      0.23,30      0.09,19      40.0%,25      0.14,29      60.0%,10      23.67,7      97.29,8      46.06,6      0.05,3      0.00,27      0.23,83      0.09,72      28.10,13      0.00,52      0.63,65      0.32,28      0.00,74      0.00,48      0.00,68      0.00,63      3.80,6      2.49,62      0.59,98      80.9%,98       https://fbref.com/req/202302030/images/headshots/ce4246f5_2022.jpg