
Robin Koch
CB      0.00,25      0.00,32      0.00,17      0.00,25      0.00,50      0.00,50      0.20,39      0.00,52      0.04,40      0.04,40      0.01,27      0.05,29      0.31,33      3.23,52      0.31,65      0.48,45      0.11,51      23.5%,44      0.00,25      0.00,25      11.10,55      0.00,46      0.09,40      -0.04,30      -0.04,30      34.84,23      45.18,24      77.1%,15      678.76,23      302.54,43      11.59,18      13.75,22      84.3%,15      18.85,25      21.88,25      86.1%,22      4.00,46      8.08,54      49.5%,22      0.01,18      0.17,31      3.43,55      0.20,64      0.00,30      43.77,27      1.30,20      1.30,56      0.06,67      0.14,18      0.03,22      0.00,4      0.00,48      0.00,49      0.00,49      0.00,50      0.11,55      0.71,13      0.43,12      0.31,6      0.06,82      0.00,41      0.06,52      0.00,36      0.00,36      0.06,48      0.06,56      0.00,47      0.00,49      0.00,41      0.00,46      0.00,49      1.50,61      0.85,57      0.91,51      0.45,61      0.14,85      0.68,54      1.59,75      42.9%,5      0.91,9      1.25,49      0.60,31      0.65,77      1.22,48      2.72,55      4.31,61      0.03,59      55.64,22      7.46,23      29.79,24      23.24,27      3.00,54      0.91,41      55.64,22      0.09,10      0.03,8      33.3%,16      0.06,60      66.7%,8      28.72,24      133.23,23      73.22,27      0.23,34      0.00,27      0.43,50      0.03,87      31.24,20      0.00,52      0.99,19      0.48,59      0.03,44      0.00,48      0.00,68      0.03,22      5.47,56      3.15,86      1.96,13      61.7%,55       https://fbref.com/req/202302030/images/headshots/ea6bc03a_2022.jpg
Illan Meslier
GK      1.97,9      4.65,63      2.71,38      59.5%,13      0.21,20      0.26,70      0.53,77      0.15,20      14.7%,20      0.09,30      0.09,45      0.00,25      0.00,39      0.0%,25      0.03,34      0.21,41      0.03,59      1.58,23      0.32,79      -0.36,13      3.12,23      13.21,59      23.6%,9      23.35,30      5.71,88      39.4%,66      33.7,66      7.12,52      56.2%,55      43.5,52      12.71,30      1.00,71      7.9%,79      1.94,88      15.8,71       https://fbref.com/req/202302030/images/headshots/6b625ac2_2022.jpg
Jack Harrison
AM      0.17,39      0.23,77      0.40,57      0.17,44      0.00,40      0.00,40      0.07,74      0.00,53      0.16,32      0.16,35      0.17,60      0.33,43      3.42,68      3.42,52      8.47,70      1.30,15      0.47,28      35.9%,53      0.13,66      0.36,66      17.80,41      0.10,78      0.12,71      +0.01,57      +0.01,56      24.33,43      38.22,68      63.7%,7      358.14,47      136.76,80      14.72,54      18.08,60      81.4%,25      6.28,31      10.50,60      59.8%,5      1.99,61      5.48,79      36.4%,5      0.17,75      1.76,71      1.89,64      1.70,79      0.70,96      33.63,61      4.35,85      1.26,86      0.13,35      0.37,78      6.18,93      0.80,84      2.26,86      1.13,86      0.70,86      0.10,92      0.23,26      1.83,6      3.79,73      2.26,52      0.90,93      0.23,53      0.17,34      0.17,49      0.07,73      0.30,40      0.20,44      0.03,74      0.03,57      0.03,57      0.00,32      0.00,43      1.36,42      0.57,34      0.17,8      0.50,40      0.70,97      0.40,31      1.73,60      23.1%,7      1.33,16      1.56,86      0.07,47      1.50,90      0.73,78      2.09,56      0.83,72      0.00,59      51.71,71      1.03,62      6.38,63      18.25,53      27.78,76      2.69,19      51.71,72      3.92,62      1.60,59      40.7%,38      1.96,29      50.0%,22      31.87,70      175.18,47      85.88,52      1.86,51      0.80,37      3.06,10      2.03,19      34.46,58      0.00,51      1.26,38      1.23,46      0.10,78      0.00,35      0.00,56      0.00,52      5.78,80      0.17,10      1.40,42      10.6%,4       https://fbref.com/req/202302030/images/headshots/aa849a12_2022.jpg
Marc Roca
MF      0.04,37      0.08,50      0.12,40      0.04,38      0.00,46      0.00,45      0.27,32      0.00,55      0.08,42      0.08,44      0.11,57      0.19,49      0.97,39      6.69,83      1.09,28      1.36,69      0.51,80      37.1%,74      0.03,36      0.08,30      22.30,29      0.16,87      0.06,30      -0.04,30      -0.04,30      38.02,57      50.35,64      75.5%,22      644.27,59      255.23,85      19.24,57      22.35,58      86.1%,31      13.96,53      17.49,60      79.8%,20      3.65,71      7.81,81      46.8%,14      0.10,58      1.28,70      6.10,89      0.66,38      0.08,39      46.19,60      3.97,82      2.14,89      0.27,62      0.39,70      2.95,82      0.12,32      1.56,85      0.78,89      0.62,90      0.00,42      0.19,40      0.66,82      2.02,32      1.32,24      0.39,83      0.08,50      0.12,52      0.08,44      0.04,55      0.16,32      0.04,18      0.04,89      0.00,39      0.04,83      0.04,82      0.00,44      2.57,77      1.56,78      1.05,67      1.32,84      0.19,36      0.78,38      2.53,84      30.8%,11      1.75,10      1.32,50      0.39,71      0.93,42      0.89,41      3.46,65      0.93,39      0.08,10      61.08,64      1.83,32      12.95,60      35.53,73      12.95,41      1.01,38      61.08,64      1.17,35      0.66,34      56.7%,73      0.39,65      33.3%,62      31.96,55      141.01,40      74.41,51      0.70,18      0.23,59      1.01,71      1.01,50      36.86,53      0.00,53      1.56,29      1.13,50      0.00,80      0.00,43      0.00,57      0.00,54      6.57,66      0.70,35      0.51,89      58.1%,79       https://fbref.com/req/202302030/images/headshots/da27e268_2022.jpg
Brenden Aaronson
AM      0.04,10      0.11,44      0.15,13      0.04,10      0.00,40      0.00,40      0.08,70      0.00,53      0.15,30      0.15,30      0.16,55      0.31,38      1.63,10      3.26,49      5.73,28      1.56,24      0.34,10      22.0%,8      0.02,9      0.11,15      18.40,31      0.08,73      0.09,35      -0.11,9      -0.11,9      22.46,34      30.24,32      74.3%,45      287.49,25      82.79,38      13.13,37      16.05,38      81.8%,26      5.69,25      7.40,24      76.9%,51      0.95,23      2.47,40      38.5%,12      0.10,35      1.75,70      1.78,60      0.61,9      0.15,41      26.98,28      3.23,76      0.99,81      0.30,72      0.08,23      2.73,61      0.19,26      1.44,73      0.65,76      0.53,80      0.04,84      0.04,84      1.02,64      3.60,70      2.16,47      0.65,82      0.27,59      0.19,41      0.30,82      0.04,49      0.27,35      0.11,22      0.04,80      0.00,25      0.04,63      0.04,74      0.04,92      1.71,59      0.68,44      0.61,58      0.83,78      0.27,37      0.57,45      1.75,63      32.6%,30      1.18,28      1.63,90      0.11,65      1.52,91      0.19,10      1.90,45      0.23,13      0.04,10      43.37,35      0.46,12      4.40,25      18.78,59      21.02,42      2.73,20      43.37,35      3.79,57      1.29,43      34.0%,15      1.82,36      48.0%,32      26.03,35      138.34,20      58.13,11      1.29,14      0.49,14      2.69,22      3.11,3      29.10,35      0.00,51      0.61,84      2.09,85      0.23,49      0.00,35      0.00,56      0.00,52      4.86,59      0.30,26      1.48,36      17.0%,7       https://fbref.com/req/202302030/images/headshots/5bc43860_2022.jpg
Pascal Struijk
FB      0.08,81      0.04,50      0.12,64      0.08,81      0.00,50      0.00,50      0.20,38      0.00,54      0.06,69      0.06,69      0.10,74      0.15,73      0.98,22      4.87,77      2.17,22      0.65,67      0.29,81      43.8%,90      0.13,86      0.29,60      13.40,83      0.00,43      0.09,69      +0.02,80      +0.02,80      42.79,58      54.00,56      79.2%,55      647.96,48      276.42,77      23.36,58      26.80,62      87.2%,34      16.20,52      19.84,51      81.6%,57      2.09,32      4.25,22      49.0%,54      0.05,39      0.57,43      3.68,77      0.53,19      0.16,19      43.57,52      10.23,79      1.15,63      0.00,20      0.12,39      0.86,14      9.08,90      0.00,30      0.00,34      0.00,36      0.00,47      0.20,31      1.06,72      1.43,39      1.02,30      0.16,64      0.00,26      0.20,91      0.00,19      0.04,67      0.08,28      0.00,11      0.00,40      0.00,45      0.08,96      0.00,45      0.00,48      3.44,93      2.33,98      1.76,84      1.27,96      0.41,92      2.00,96      3.07,90      65.3%,67      1.06,25      1.31,62      0.49,81      0.82,52      1.31,72      4.75,97      2.86,69      0.04,36      66.23,62      3.76,55      22.01,67      28.96,64      15.50,45      1.27,51      66.23,62      0.74,20      0.37,32      50.0%,69      0.29,80      38.9%,56      28.64,37      114.79,20      59.93,23      1.02,36      0.04,14      1.02,48      0.49,60      32.85,39      0.00,50      1.19,28      0.49,33      0.00,80      0.00,45      0.08,4      0.00,56      5.69,60      2.45,97      1.76,9      58.3%,72       https://fbref.com/req/202302030/images/headshots/f4d296e4_2022.jpg
Tyler Adams
MF      0.00,16      0.00,13      0.00,7      0.00,16      0.00,46      0.00,45      0.25,33      0.04,5      0.00,2      0.00,2      0.06,30      0.06,15      0.79,23      5.68,70      0.83,22      0.17,2      0.00,4      0.0%,4      0.00,16      27.50,5      0.00,35      0.03,5      0.00,54      0.00,55      46.25,77      56.06,73      82.5%,63      692.62,69      211.27,77      25.34,80      28.64,80      88.5%,54      16.28,64      19.20,69      84.8%,47      2.63,49      4.47,45      58.9%,48      0.04,24      1.00,53      4.59,73      0.54,30      0.00,12      53.06,73      3.01,74      2.42,93      0.04,16      0.08,14      0.08,3      0.58,76      0.00,22      0.00,29      0.00,32      0.00,42      0.00,95      1.00,51      1.80,26      1.75,46      0.00,20      0.00,15      0.00,7      0.04,30      0.00,21      0.04,15      0.04,20      0.00,40      0.00,39      0.00,36      0.00,36      0.00,44      3.72,97      1.92,92      1.84,97      1.46,90      0.42,77      2.09,99      3.21,94      64.9%,96      1.13,46      2.00,91      0.33,64      1.67,92      1.46,83      5.18,96      1.21,52      0.00,68      67.96,75      1.84,33      15.70,74      42.16,89      10.60,30      0.21,6      67.96,76      0.92,23      0.29,10      31.8%,4      0.50,57      54.5%,9      34.15,61      139.51,40      64.91,40      0.88,31      0.00,9      1.17,58      0.75,64      38.36,58      0.04,3      1.54,30      0.88,36      0.04,50      0.00,43      0.00,57      0.00,54      8.31,93      1.04,68      0.63,73      62.5%,89       https://fbref.com/req/202302030/images/headshots/2b09d998_2022.jpg
Rodrigo
FW,AM      0.60,87,98      0.05,26,22      0.65,75,88      0.56,89,98      0.05,74,90      0.05,65,86      0.28,11,11      0.00,53,53      0.38,53,88      0.34,53,89      0.08,31,15      0.42,38,64      1.86,57,15      2.05,58,14      6.65,69,44      3.07,77,92      1.16,74,89      37.9%,44,63      0.18,83,90      0.48,90,88      15.80,35,70      0.09,86,76      0.11,25,57      +0.23,96,97      +0.22,96,97      18.09,65,14      25.58,72,18      70.7%,47,29      262.84,69,19      52.93,62,9      10.19,57,13      12.88,58,14      79.1%,50,15      5.12,65,22      7.35,74,22      69.6%,38,20      1.49,82,49      2.60,82,43      57.1%,55,62      0.06,36,10      0.74,31,11      1.07,53,18      0.79,67,27      0.23,91,55      22.88,58,9      2.47,87,60      0.00,25,13      0.19,62,52      0.47,94,88      0.98,70,25      0.33,75,46      0.09,79,36      0.00,40,21      0.00,45,28      0.00,47,40      0.23,14,26      0.42,92,97      2.09,43,12      1.40,42,8      0.00,33,16      0.19,52,38      0.37,79,87      0.09,25,21      0.05,69,57      0.19,26,21      0.09,18,12      0.00,45,36      0.00,26,25      0.09,87,89      0.00,31,32      0.00,47,43      1.12,74,35      0.47,48,20      0.09,25,1      0.70,87,64      0.33,69,52      0.37,79,27      0.88,58,13      42.1%,79,62      0.51,47,87      0.74,45,19      0.19,77,82      0.56,33,97      0.28,60,22      1.40,70,27      0.98,69,78      0.05,4,8      37.40,69,12      1.21,65,69      4.37,75,24      17.30,81,42      15.86,52,12      5.12,70,74      37.35,69,12      1.35,16,5      0.56,23,3      41.4%,51,42      0.70,74,91      51.7%,31,14      20.98,60,10      103.12,47,4      38.37,42,2      0.79,35,4      1.12,75,52      2.65,52,26      1.12,87,85      25.44,53,10      0.00,50,51      1.35,48,30      0.51,8,3      0.47,65,21      0.00,33,35      0.00,53,56      0.00,50,52      3.07,62,7      1.58,48,87      3.07,35,3      34.0%,40,55       https://fbref.com/req/202302030/images/headshots/1fb1c435_2022.jpg
Luke Ayling
FB      0.09,84      0.04,54      0.13,68      0.09,84      0.00,50      0.00,50      0.13,73      0.00,54      0.14,93      0.14,93      0.09,68      0.23,83      1.23,32      3.37,39      4.38,68      1.05,83      0.22,73      20.8%,45      0.08,67      0.40,70      15.10,72      0.00,43      0.13,92      -0.05,8      -0.05,8      34.44,28      49.60,36      69.4%,11      548.72,30      273.24,72      19.24,40      22.26,45      86.4%,26      11.70,19      16.39,30      71.4%,14      2.72,51      6.79,68      40.0%,25      0.10,70      0.53,38      2.67,39      0.79,52      0.44,69      39.96,33      9.29,64      0.96,55      0.00,20      0.48,85      2.72,61      8.33,79      0.00,30      0.00,34      0.00,36      0.00,47      0.35,4      2.02,5      1.75,55      1.45,63      0.00,16      0.00,26      0.13,79      0.09,68      0.09,93      0.04,19      0.04,25      0.00,40      0.00,45      0.00,40      0.00,45      0.00,48      2.89,86      1.62,84      1.84,90      0.66,55      0.39,90      1.84,93      3.72,98      49.4%,20      1.88,4      1.49,75      0.48,78      1.01,68      1.14,57      4.03,81      2.28,40      0.09,14      61.91,45      3.46,42      20.42,51      25.33,40      17.09,55      2.45,85      61.91,45      1.45,56      0.57,52      39.4%,35      0.74,34      51.5%,20      28.39,36      129.83,30      64.85,32      0.88,28      0.18,48      1.01,50      0.53,55      30.67,30      0.00,50      0.66,81      1.53,90      0.04,52      0.00,45      0.04,16      0.00,56      6.66,90      2.06,90      2.50,2      45.2%,34       https://fbref.com/req/202302030/images/headshots/420d7c7d_2022.jpg
Rasmus Nissen
FB,CB      0.14,92,96      0.05,55,77      0.18,79,96      0.14,92,96      0.00,50,50      0.00,50,50      0.18,49,46      0.00,54,52      0.04,49,33      0.04,49,33      0.05,38,86      0.09,39,61      0.69,7,65      4.09,67,80      3.21,46,99      0.60,58,64      0.23,75,82      38.5%,83,76      0.23,96,91      0.60,84,85      15.20,70,15      0.00,43,46      0.06,43,14      +0.10,99,97      +0.10,99,97      33.98,26,17      47.94,31,28      70.9%,16,4      565.99,33,10      245.89,56,19      16.71,21,55      19.97,26,61      83.7%,13,13      14.23,40,8      18.83,44,10      75.6%,25,2      2.39,40,4      6.15,60,27      38.8%,22,1      0.04,21,83      0.41,22,88      2.89,52,35      0.73,44,98      0.09,10,82      39.54,32,14      8.31,48,97      0.32,11,2      0.00,20,24      0.14,44,17      1.61,37,98      7.99,72,99      0.00,30,48      0.00,34,49      0.00,36,49      0.00,47,50      0.09,80,67      1.74,19,1      1.61,49,97      1.38,56,97      0.05,42,75      0.09,74,96      0.05,44,46      0.00,19,36      0.05,72,86      0.14,52,78      0.09,48,73      0.00,40,47      0.05,96,99      0.00,40,41      0.00,45,46      0.00,48,49      2.85,84,99      1.61,80,99      1.61,77,92      0.96,85,98      0.28,73,98      1.93,95,99      3.49,96,99      55.3%,48,34      1.56,9,1      1.47,73,70      0.64,93,41      0.83,54,1      1.61,95,88      4.45,90,97      2.80,63,15      0.00,73,81      58.59,31,30      4.13,69,4      21.58,58,2      24.29,33,30      12.95,32,97      1.06,42,57      58.59,31,30      0.69,16,90      0.32,26,80      46.7%,59,28      0.32,74,4      46.7%,36,19      25.16,21,14      79.21,3,2      38.25,3,3      0.46,2,57      0.18,50,97      0.28,98,69      0.23,86,28      29.07,19,14      0.00,50,52      0.87,64,30      0.28,9,22      0.05,50,35      0.00,45,48      0.00,66,68      0.00,56,63      5.46,52,55      1.56,70,17      1.24,34,59      55.7%,64,21       https://fbref.com/req/202302030/images/headshots/39769cff_2022.jpg
Patrick Bamford
FW      0.24,35      0.12,53      0.36,40      0.24,40      0.00,32      0.12,91      0.18,31      0.00,53      0.51,81      0.42,74      0.06,11      0.48,53      1.01,16      1.37,36      5.70,57      2.85,67      0.95,47      33.3%,24      0.08,23      0.25,26      14.70,50      0.06,79      0.15,62      -0.27,8      -0.18,11      13.60,33      19.78,31      68.8%,36      143.82,23      31.90,28      9.86,53      12.53,53      78.7%,43      2.08,3      3.80,11      54.7%,6      0.12,1      0.48,6      25.0%,3      0.05,28      0.71,21      1.07,52      0.53,43      0.00,19      17.47,28      2.26,81      0.00,25      0.06,21      0.00,14      0.30,23      0.06,30      0.00,33      0.00,40      0.00,45      0.00,47      0.06,65      0.59,86      1.60,14      1.01,9      0.00,33      0.06,13      0.30,57      0.18,60      0.06,79      0.36,62      0.24,67      0.00,45      0.06,77      0.06,70      0.00,31      0.00,47      0.53,19      0.36,36      0.00,8      0.36,52      0.18,30      0.24,45      1.19,81      20.0%,15      0.95,16      0.71,35      0.30,96      0.42,21      0.30,64      0.83,30      0.77,55      0.00,57      32.67,38      1.13,58      2.02,11      15.27,57      15.80,48      4.93,67      32.55,36      2.02,42      0.65,33      32.4%,13      1.13,36      55.9%,13      17.23,31      70.46,16      26.55,19      1.01,47      0.77,53      3.33,18      1.25,77      22.93,35      0.00,50      1.49,38      1.60,74      1.07,8      0.00,33      0.00,53      0.00,50      2.97,60      2.14,74      2.50,47      46.2%,77       https://fbref.com/req/202302030/images/headshots/93feac6e_2022.jpg
Weston McKennie
MF      0.00,16      0.06,42      0.06,20      0.00,16      0.00,46      0.00,45      0.44,8      0.00,55      0.05,29      0.05,31      0.04,20      0.09,19      0.88,29      5.14,58      2.07,50      0.81,31      0.13,19      15.4%,15      0.00,16      0.00,16      15.90,85      0.00,35      0.06,30      -0.05,23      -0.05,23      29.56,26      39.33,30      75.2%,20      479.00,26      168.23,56      15.41,30      18.91,40      81.5%,9      9.65,20      12.34,24      78.2%,15      2.94,53      4.95,58      59.5%,49      0.03,16      0.81,40      3.13,43      0.94,54      0.19,66      36.89,30      2.25,65      0.50,32      0.25,60      0.38,70      0.56,36      1.63,92      0.00,22      0.00,29      0.00,32      0.00,42      0.19,41      1.00,50      1.82,27      1.57,35      0.19,68      0.00,15      0.06,24      0.00,9      0.00,21      0.19,43      0.13,40      0.06,91      0.00,39      0.00,36      0.00,36      0.00,44      1.88,39      0.81,12      0.31,4      1.13,70      0.44,80      0.63,22      1.82,42      34.5%,20      1.19,37      1.38,54      0.19,32      1.19,64      1.38,80      3.26,60      1.63,82      0.00,68      50.54,30      2.57,61      11.77,49      25.11,31      14.28,49      1.06,41      50.54,30      1.00,30      0.69,38      68.8%,90      0.25,83      25.0%,84      25.05,23      108.85,18      49.54,18      1.00,42      0.00,9      1.75,30      1.57,16      27.87,18      0.00,53      1.32,45      0.31,6      0.06,39      0.00,43      0.00,57      0.00,54      5.95,45      1.57,88      1.44,20      52.1%,61       https://fbref.com/req/202302030/images/headshots/01c3aff5_2022.jpg
Liam Cooper
CB      0.06,71      0.00,32      0.06,52      0.06,71      0.00,50      0.00,50      0.32,7      0.00,52      0.06,70      0.06,70      0.04,82      0.11,78      0.19,17      2.97,43      0.13,30      0.63,69      0.13,54      20.0%,35      0.10,67      0.50,75      9.50,74      0.00,46      0.11,65      0.00,70      0.00,70      39.13,31      49.80,34      78.6%,20      725.24,29      288.30,31      15.21,43      17.29,45      88.0%,28      20.07,34      23.73,35      84.6%,14      3.28,23      7.38,46      44.4%,12      0.02,34      0.32,76      3.09,43      0.06,15      0.06,80      47.71,36      2.08,50      1.83,81      0.00,24      0.50,66      0.06,34      0.25,38      0.00,48      0.00,49      0.00,49      0.00,50      0.00,95      0.19,85      1.01,81      0.82,76      0.06,85      0.00,41      0.13,76      0.00,36      0.00,36      0.19,93      0.19,94      0.00,47      0.00,49      0.00,41      0.00,46      0.00,49      2.40,93      1.45,93      1.70,96      0.57,70      0.13,81      1.45,94      2.27,96      63.9%,62      0.82,14      1.01,28      0.50,20      0.50,56      2.15,97      4.54,98      3.60,34      0.19,4      61.22,40      6.50,14      31.49,39      27.77,49      2.34,34      1.33,82      61.22,40      0.25,34      0.06,15      25.0%,10      0.06,56      25.0%,48      30.11,27      137.08,27      57.62,13      0.19,25      0.06,73      0.57,19      0.06,77      31.62,22      0.00,52      0.76,45      0.63,73      0.00,74      0.00,48      0.00,68      0.00,63      6.75,87      3.53,96      2.02,10      63.6%,64       https://fbref.com/req/202302030/images/headshots/dc64b8b3_2022.jpg
Junior Firpo
FB      0.07,75      0.07,63      0.13,69      0.07,75      0.00,50      0.00,50      0.39,3      0.07,3      0.01,7      0.01,7      0.05,44      0.06,21      1.32,34      3.55,49      2.24,25      0.13,5      0.07,32      50.0%,96      0.50,98      1.00,89      12.20,88      0.00,43      0.06,43      +0.06,95      +0.06,95      29.87,13      40.86,14      73.1%,27      472.50,15      216.18,43      15.13,15      18.29,17      82.7%,10      13.09,33      16.64,33      78.7%,37      1.32,10      3.62,11      36.4%,19      0.05,34      0.53,39      2.50,36      0.59,26      0.26,32      33.22,13      7.50,30      0.53,28      0.07,55      0.07,26      0.79,11      6.97,40      0.00,30      0.00,34      0.00,36      0.00,47      0.13,61      1.18,58      1.38,32      0.99,26      0.13,58      0.00,26      0.00,16      0.20,95      0.07,83      0.13,51      0.13,68      0.00,40      0.00,45      0.00,40      0.00,45      0.00,48      3.09,91      1.64,85      1.78,85      0.99,86      0.33,84      1.58,86      3.03,86      52.2%,33      1.45,11      1.51,80      0.46,74      1.05,74      1.58,92      4.67,93      2.63,61      0.00,73      52.11,13      3.16,28      18.82,34      24.21,32      9.61,13      0.86,27      52.11,13      0.99,38      0.39,36      40.0%,37      0.59,42      60.0%,5      23.16,9      96.38,8      51.64,16      1.05,39      0.07,19      0.59,91      0.59,46      24.14,8      0.00,50      1.58,8      0.53,38      0.00,80      0.07,96      0.07,5      0.00,56      5.72,64      1.12,52      1.05,52      51.5%,55       https://fbref.com/req/202302030/images/headshots/24f59bb2_2022.jpg
Degnand Gnonto
AM      0.13,26      0.27,81      0.40,57      0.13,32      0.00,40      0.00,40      0.47,3      0.00,53      0.12,18      0.12,18      0.15,51      0.27,27      4.39,87      2.33,21      9.04,77      1.46,18      0.53,32      36.4%,56      0.09,38      0.25,39      17.40,45      0.00,29      0.08,21      +0.01,58      +0.01,57      24.59,45      34.03,51      72.3%,32      320.58,34      82.02,37      15.29,58      17.95,58      85.2%,50      6.91,39      9.11,41      75.9%,42      0.80,18      1.60,23      50.0%,44      0.15,62      1.46,57      0.80,10      1.26,60      0.33,73      32.04,54      1.73,51      0.07,35      0.27,68      0.00,6      2.79,63      0.86,87      0.66,57      0.13,49      0.07,60      0.00,40      0.27,14      2.33,1      3.32,55      1.99,44      0.20,58      0.27,60      0.27,63      0.53,93      0.07,73      0.47,72      0.40,87      0.07,86      0.00,25      0.00,27      0.00,32      0.00,43      1.79,65      1.13,73      0.47,44      1.00,91      0.33,57      0.66,60      1.99,77      33.3%,34      1.33,16      1.60,89      0.07,47      1.53,93      0.33,26      2.13,58      0.47,42      0.00,59      47.79,58      0.80,46      6.31,60      16.48,36      26.12,73      2.86,25      47.79,58      5.12,87      1.40,48      27.3%,2      2.86,3      55.8%,6      32.17,71      223.07,78      114.00,81      2.46,77      1.13,54      1.99,62      1.26,73      33.77,53      0.00,51      1.86,5      2.59,93      0.20,56      0.00,35      0.00,56      0.00,52      5.45,72      0.53,48      1.20,49      30.8%,44       https://fbref.com/req/202302030/images/headshots/75fdd638_2022.jpg
Maximilian Wöber
CB      0.00,25      0.00,32      0.00,17      0.00,25      0.00,50      0.00,50      0.21,35      0.00,52      0.05,52      0.05,52      0.04,81      0.10,70      1.07,83      3.84,71      1.07,88      0.64,72      0.14,60      22.2%,40      0.00,25      0.00,25      13.30,27      0.07,98      0.08,26      -0.05,24      -0.05,24      34.34,18      48.63,30      70.6%,3      670.38,20      295.52,38      12.44,23      15.71,33      79.2%,2      18.13,18      22.68,31      79.9%,7      3.55,31      8.67,67      41.0%,4      0.03,65      0.43,90      4.48,80      0.21,66      0.14,92      45.36,30      3.06,72      0.92,29      0.00,24      0.14,19      0.50,82      2.13,80      0.00,48      0.00,49      0.00,49      0.00,50      0.21,25      0.71,12      0.85,64      0.57,40      0.14,92      0.00,41      0.14,87      0.00,36      0.00,36      0.07,55      0.07,65      0.00,47      0.00,49      0.00,41      0.00,46      0.00,49      1.78,75      1.28,85      0.64,28      1.07,99      0.07,55      1.14,87      1.71,81      66.7%,70      0.57,27      2.27,96      1.00,72      1.28,97      1.92,93      3.70,83      4.76,76      0.07,34      61.00,39      7.82,30      27.09,13      28.44,50      5.76,83      1.21,71      61.00,39      0.07,6      0.00,4      0.0%,4      0.07,51      100.0%,3      30.28,28      160.95,38      93.20,45      0.64,73      0.00,27      0.43,49      0.14,55      31.14,18      0.00,52      1.07,14      0.07,1      0.07,23      0.00,48      0.07,14      0.00,63      5.33,50      1.92,39      1.49,29      56.3%,27       https://fbref.com/req/202302030/images/headshots/4b803b3c_2022.jpg
Luis Sinisterra
AM      0.52,92      0.00,6      0.52,77      0.52,94      0.00,40      0.00,40      0.31,9      0.10,1      0.38,90      0.38,91      0.04,1      0.44,65      3.11,56      4.05,61      8.72,73      2.91,89      1.14,88      39.3%,70      0.18,90      0.45,83      16.20,60      0.00,29      0.13,80      +0.13,91      +0.13,91      28.34,63      35.19,56      80.5%,84      385.12,53      103.08,59      16.71,71      19.52,72      85.6%,55      7.47,49      8.72,36      85.7%,89      1.45,46      1.97,31      73.7%,93      0.09,26      0.93,20      1.87,63      1.76,85      0.21,53      34.88,64      0.31,6      0.00,13      0.21,56      0.42,84      0.73,15      0.31,44      0.00,12      0.00,21      0.00,28      0.00,40      0.00,92      0.93,71      3.43,62      2.70,76      0.00,16      0.21,42      0.21,45      0.21,66      0.10,92      0.21,26      0.00,2      0.00,36      0.10,85      0.00,27      0.00,32      0.10,99      2.18,85      1.45,88      0.83,74      0.93,87      0.42,73      1.14,98      1.87,72      61.1%,97      0.73,63      1.14,62      0.10,59      1.04,60      0.83,88      3.01,86      0.21,8      0.00,59      48.69,63      0.73,38      5.19,36      22.01,74      22.32,52      3.32,39      48.69,63      4.36,73      1.97,82      45.2%,62      1.76,39      40.5%,67      29.17,51      180.62,51      96.64,64      1.76,45      0.83,39      1.66,81      2.39,7      35.40,61      0.10,1      1.45,21      1.25,47      0.52,14      0.00,35      0.10,1      0.00,52      6.75,95      1.87,92      1.87,23      50.0%,88       https://fbref.com/req/202302030/images/headshots/8e16dd48_2022.jpg
Crysencio Summerville
AM      0.25,63      0.13,48      0.38,53      0.25,66      0.00,40      0.00,40      0.25,16      0.00,53      0.18,41      0.18,45      0.10,22      0.28,30      3.22,58      2.84,37      5.81,31      1.83,43      0.57,37      31.0%,28      0.14,74      0.44,81      15.30,77      0.00,29      0.10,46      +0.07,78      +0.07,76      19.44,19      25.94,19      74.9%,48      242.29,10      67.34,25      13.13,36      16.16,39      81.3%,24      4.54,10      5.81,5      78.3%,58      0.57,9      1.51,15      37.5%,9      0.07,14      1.01,29      1.26,30      0.76,25      0.13,35      25.37,22      0.38,8      0.06,34      0.06,15      0.06,20      0.88,18      0.06,10      0.19,44      0.00,21      0.00,28      0.00,40      0.19,42      0.95,70      3.09,42      1.83,28      0.06,43      0.19,40      0.25,58      0.63,96      0.13,97      0.32,42      0.19,43      0.00,36      0.00,25      0.00,27      0.06,85      0.06,96      1.89,75      1.26,82      0.88,76      0.88,85      0.13,11      0.69,63      1.45,44      47.8%,79      0.76,62      1.26,73      0.13,73      1.14,72      0.82,87      2.71,79      0.69,65      0.00,59      40.20,21      0.63,28      6.25,57      15.21,25      19.63,28      4.42,68      40.20,21      3.79,56      1.51,57      40.0%,35      1.39,56      36.7%,82      26.51,37      165.17,39      83.69,46      1.70,41      1.20,57      2.84,14      2.27,10      27.64,24      0.00,51      1.39,25      2.59,92      0.50,15      0.06,87      0.00,56      0.00,52      5.68,79      0.32,28      1.07,61      22.7%,21       https://fbref.com/req/202302030/images/headshots/df04eb4b_2022.jpg
Diego Llorente
CB      0.00,25      0.00,32      0.00,17      0.00,25      0.00,50      0.00,50      0.14,59      0.00,52      0.10,87      0.10,87      0.00,4      0.10,67      0.28,28      3.74,67      0.14,34      0.83,86      0.00,8      0.0%,8      0.00,25      12.50,35      0.00,46      0.12,71      -0.10,4      -0.10,4      49.37,54      59.49,55      83.0%,41      966.43,57      316.73,48      16.36,51      18.03,50      90.8%,57      28.15,61      31.62,66      89.0%,36      4.58,55      8.18,57      55.9%,42      0.00,1      0.00,2      2.36,24      0.00,6      0.00,30      57.83,60      1.53,30      1.39,60      0.00,24      0.55,72      0.14,59      0.00,4      0.00,48      0.00,49      0.00,49      0.00,50      0.14,43      0.28,77      0.83,60      0.69,67      0.00,30      0.00,41      0.14,85      0.00,36      0.00,36      0.14,80      0.14,86      0.00,47      0.00,49      0.00,41      0.00,46      0.00,49      1.80,76      1.39,92      1.11,76      0.69,85      0.00,19      0.55,36      1.11,50      50.0%,21      0.55,29      0.83,15      0.28,6      0.55,66      2.08,94      3.88,92      3.33,28      0.28,1      70.17,57      8.18,38      39.25,78      29.12,52      2.08,27      0.83,36      70.17,57      0.42,65      0.28,67      66.7%,58      0.14,27      33.3%,33      42.02,59      217.16,67      99.98,50      0.14,14      0.00,27      0.83,4      0.14,57      43.27,52      0.00,52      0.83,36      0.28,23      0.00,74      0.00,48      0.00,68      0.00,63      7.90,99      2.50,64      0.97,83      72.0%,91       https://fbref.com/req/202302030/images/headshots/bba30585_2022.jpg
Adam Forshaw
MF      0.00,16      0.00,13      0.00,7      0.00,16      0.00,46      0.00,45      0.00,97      0.00,55      0.00,1      0.00,1      0.17,85      0.17,41      0.75,23      6.20,76      1.32,35      0.19,3      0.00,4      0.0%,4      0.00,16      26.40,10      0.00,35      0.03,5      0.00,56      0.00,57      36.83,55      45.85,54      80.3%,51      623.42,56      211.75,77      19.16,55      20.86,50      91.9%,87      11.09,31      12.59,26      88.1%,73      5.26,89      9.58,93      54.9%,39      0.11,65      1.50,84      5.64,85      0.75,44      0.38,87      41.71,46      4.13,84      1.32,72      0.00,7      0.38,70      3.76,90      0.38,67      1.69,85      1.13,91      0.38,85      0.00,42      0.00,95      0.75,75      3.01,68      1.88,52      1.13,95      0.00,15      0.00,7      0.00,9      0.00,21      0.00,7      0.00,8      0.00,40      0.00,39      0.00,36      0.00,36      0.00,44      2.25,59      1.69,86      0.94,58      1.32,84      0.00,1      1.32,91      3.19,94      41.2%,42      1.88,5      1.69,75      0.19,32      1.50,82      0.75,29      3.01,40      0.38,8      0.00,68      55.05,48      1.32,17      12.03,54      32.13,59      11.65,35      0.19,5      55.05,48      2.07,65      1.50,87      72.7%,93      0.56,50      27.3%,76      33.63,60      203.86,79      67.64,44      1.50,64      0.00,9      1.13,60      1.50,17      34.95,45      0.00,53      1.13,62      0.94,38      0.00,80      0.00,43      0.00,57      0.00,54      6.95,75      0.38,13      1.13,35      25.0%,6       https://fbref.com/req/202302030/images/headshots/9f1938ab_2022.jpg
Daniel James
AM      0.22,54      0.11,43      0.33,40      0.22,59      0.00,40      0.00,40      0.00,94      0.00,53      0.22,49      0.22,57      0.12,32      0.33,44      3.30,62      1.98,12      6.26,39      1.87,45      0.44,24      23.5%,13      0.12,60      0.50,91      13.80,90      0.00,29      0.12,71      0.00,53      0.00,52      15.82,10      24.84,10      63.7%,7      201.21,5      41.87,7      10.77,15      13.08,16      82.4%,30      3.52,4      5.93,7      59.3%,4      0.44,4      1.76,29      25.0%,2      0.09,24      0.88,16      0.33,3      1.21,56      0.44,81      24.40,16      0.44,12      0.00,13      0.00,5      0.00,6      3.52,72      0.44,58      0.00,12      0.00,21      0.00,28      0.00,40      0.00,92      2.20,3      1.65,2      1.43,11      0.00,16      0.00,4      0.00,3      0.22,68      0.00,21      0.00,1      0.00,2      0.00,36      0.00,25      0.00,27      0.00,32      0.00,43      1.65,53      0.77,46      0.55,53      0.77,74      0.33,56      0.77,71      1.54,52      50.0%,84      0.77,58      0.99,46      0.11,64      0.88,45      0.33,25      1.98,49      0.77,69      0.00,59      35.16,7      1.10,65      3.96,16      11.43,5      20.66,38      3.85,55      35.16,7      2.20,15      0.66,9      30.0%,7      0.55,94      25.0%,98      20.99,11      160.66,35      80.22,43      1.43,21      1.21,58      1.43,93      1.54,49      23.30,8      0.00,51      0.44,95      2.20,88      0.22,52      0.11,96      0.00,56      0.00,52      4.62,45      0.11,5      1.98,18      5.3%,3       https://fbref.com/req/202302030/images/headshots/c931d9f9_2022.jpg