
Kasper Schmeichel
GK      1.57,40      5.05,75      3.46,75      72.7%,71      0.35,56      0.27,67      0.38,52      0.19,37      18.9%,37      0.24,79      0.19,21      0.05,87      0.00,37      22.2%,75      0.03,46      0.38,6      0.03,67      1.50,25      0.26,37      -0.04,56      5.24,63      13.14,40      39.9%,71      27.00,71      4.49,44      36.0%,48      34.1,48      7.86,79      43.3%,38      37.5,48      14.41,44      0.41,10      2.8%,10      1.03,44      14.8,48       https://fbref.com/req/202302030/images/headshots/53af52f3_2022.jpg
Youri Tielemans
MF      0.21,81      0.14,77      0.34,83      0.14,73      0.07,95      0.07,95      0.10,73      0.00,54      0.15,75      0.10,61      0.14,79      0.24,70      1.06,30      6.91,86      2.36,50      1.95,82      0.51,70      26.3%,38      0.07,56      0.27,63      25.00,15      0.00,32      0.05,29      +0.05,86      +0.04,80      49.64,79      61.06,80      81.3%,59      815.61,75      251.53,85      24.63,81      27.64,81      89.1%,67      19.64,77      22.99,83      85.4%,58      4.07,67      7.15,76      56.9%,44      0.13,79      1.27,70      5.85,86      0.96,61      0.24,68      57.57,80      3.25,73      1.68,83      0.41,88      0.72,86      1.92,61      0.48,76      0.89,71      0.48,71      0.24,77      0.00,43      0.24,17      0.92,48      3.46,82      2.74,85      0.17,68      0.21,73      0.21,77      0.03,25      0.10,87      0.51,93      0.48,96      0.00,37      0.00,40      0.03,73      0.00,41      0.00,46      2.53,77      1.30,67      0.79,41      1.54,94      0.21,46      1.44,95      3.42,94      42.0%,59      1.98,10      1.61,78      0.44,84      1.16,67      0.72,26      3.25,56      1.40,68      0.10,6      72.21,85      2.67,67      15.29,71      41.70,83      16.08,57      1.23,41      72.14,85      1.33,34      0.86,43      64.1%,60      0.48,62      35.9%,60      38.55,75      144.32,38      73.68,48      1.23,46      0.17,44      1.51,49      1.03,44      51.79,82      0.00,52      1.09,58      1.23,66      0.00,77      0.00,42      0.14,1      0.00,51      6.43,58      0.82,53      0.65,81      55.8%,79       https://fbref.com/req/202302030/images/headshots/56f7a928_2022.jpg
Çağlar Söyüncü
CB      0.04,49      0.00,33      0.04,34      0.04,49      0.00,50      0.00,50      0.18,51      0.00,59      0.04,35      0.04,35      0.00,14      0.04,23      0.68,62      2.56,40      0.18,49      0.29,15      0.04,12      12.5%,14      0.13,70      1.00,87      12.00,42      0.00,47      0.13,80      0.00,59      0.00,59      58.75,77      69.74,82      84.2%,54      1052.35,75      366.85,75      23.57,85      25.95,85      90.8%,60      29.81,73      32.22,73      92.5%,69      4.51,59      9.48,73      47.5%,20      0.01,12      0.11,19      2.52,39      0.11,46      0.07,81      67.65,81      1.87,54      1.59,81      0.07,72      0.58,76      0.18,69      0.14,24      0.00,49      0.00,49      0.00,50      0.00,50      0.22,15      0.40,46      0.50,31      0.47,39      0.00,34      0.00,38      0.04,36      0.00,38      0.00,31      0.00,17      0.00,20      0.00,47      0.00,48      0.00,35      0.00,46      0.00,48      1.69,72      1.08,75      1.15,72      0.43,59      0.11,73      0.94,77      1.51,77      61.9%,49      0.58,22      1.59,80      0.97,65      0.61,75      1.15,52      2.85,62      4.15,65      0.04,56      79.87,82      10.24,78      42.75,96      35.39,81      2.34,38      0.58,15      79.87,82      0.29,57      0.14,41      50.0%,21      0.14,23      50.0%,21      50.21,86      251.73,85      122.58,70      0.54,65      0.00,30      0.32,61      0.11,60      54.39,80      0.00,54      0.87,46      0.50,62      0.04,38      0.00,47      0.07,13      0.00,57      5.91,71      3.32,83      1.73,30      65.7%,70       https://fbref.com/req/202302030/images/headshots/21166ff4_2022.jpg
James Maddison
AM,MF      0.44,85,97      0.29,85,96      0.73,89,99      0.44,88,97      0.00,40,46      0.00,38,45      0.11,53,70      0.00,53,54      0.27,66,95      0.27,75,97      0.19,62,89      0.46,75,96      1.94,20,60      4.98,83,60      5.16,20,76      2.64,76,97      1.21,89,99      45.8%,89,92      0.17,83,91      0.36,67,77      20.70,16,52      0.48,99,98      0.10,50,82      +0.16,93,97      +0.16,92,97      29.13,67,29      39.86,70,38      73.1%,43,21      490.48,74,36      151.09,81,42      14.24,39,33      16.58,37,30      85.9%,55,41      10.69,80,33      13.36,81,36      80.0%,72,35      3.26,89,59      7.25,92,78      44.9%,33,21      0.14,63,83      1.76,72,89      3.00,81,42      1.39,66,82      0.26,53,71      34.44,57,28      5.23,90,85      1.76,96,84      0.51,92,93      0.29,67,55      4.54,79,88      0.18,29,46      2.89,92,95      1.57,89,95      0.84,90,92      0.04,88,89      0.18,42,32      1.02,61,38      3.88,71,89      2.38,48,74      0.51,79,78      0.26,52,84      0.33,76,95      0.33,87,96      0.07,84,73      0.66,92,97      0.48,90,95      0.04,78,77      0.04,67,86      0.04,52,77      0.07,85,92      0.00,46,46      1.46,63,23      0.73,57,22      0.29,24,5      0.88,88,51      0.29,60,67      0.51,60,17      1.68,61,27      30.4%,47,23      1.17,37,56      0.66,22,7      0.11,72,26      0.55,19,38      0.40,34,5      1.87,52,10      0.44,42,4      0.00,60,71      49.15,58,30      0.70,43,4      6.33,63,10      23.72,81,26      19.58,26,73      2.67,16,80      49.15,58,30      1.76,12,54      1.13,24,57      64.6%,90,61      0.62,96,54      35.4%,90,61      31.15,62,53      164.85,33,53      72.51,29,46      1.57,28,59      0.48,24,75      1.54,89,46      1.17,79,35      35.61,56,48      0.00,52,52      0.81,67,81      2.34,92,95      0.15,75,21      0.04,85,89      0.00,53,59      0.00,51,51      3.92,28,4      0.18,6,1      0.44,99,98      29.4%,37,11       https://fbref.com/req/202302030/images/headshots/ee38d9c5_2022.jpg
Harvey Barnes
AM      0.26,54      0.43,97      0.69,87      0.26,58      0.00,40      0.00,38      0.09,63      0.00,53      0.24,57      0.24,62      0.20,67      0.44,69      4.58,92      2.53,31      10.15,85      2.83,80      1.03,78      36.4%,52      0.09,38      0.25,30      16.10,71      0.00,27      0.09,38      +0.02,53      +0.02,54      23.56,37      32.38,38      72.8%,42      295.53,22      81.65,40      15.68,54      18.93,57      82.8%,34      5.87,24      8.52,29      68.8%,19      0.64,15      1.46,15      44.1%,29      0.14,57      1.24,34      1.11,28      1.03,42      0.30,66      32.00,43      0.30,8      0.00,6      0.30,69      0.09,28      1.93,44      0.21,37      0.00,12      0.00,19      0.00,23      0.00,42      0.09,72      1.03,60      2.70,22      2.06,37      0.00,18      0.30,56      0.17,37      0.13,31      0.04,65      0.56,83      0.47,89      0.00,37      0.00,30      0.09,92      0.00,31      0.00,46      1.33,56      0.69,52      0.39,42      0.47,47      0.47,89      0.30,29      0.99,22      30.4%,47      0.69,74      1.03,62      0.04,37      0.99,66      0.21,12      1.54,37      0.30,25      0.00,60      45.06,35      0.73,47      4.93,38      15.46,29      25.23,71      5.57,81      45.06,35      3.21,61      1.33,34      41.3%,10      1.88,25      58.7%,10      31.36,65      221.94,87      126.88,89      2.61,85      2.06,89      2.48,53      1.84,30      35.73,60      0.00,52      0.81,65      0.86,16      0.43,28      0.00,37      0.00,53      0.00,51      3.98,29      1.03,76      1.76,30      36.9%,63       https://fbref.com/req/202302030/images/headshots/3ea50f67_2022.jpg
Daniel Amartey
CB      0.00,18      0.00,33      0.00,14      0.00,18      0.00,50      0.00,50      0.17,57      0.00,59      0.00,1      0.00,1      0.01,28      0.01,1      0.59,56      2.63,45      0.00,6      0.08,2      0.04,13      50.0%,88      0.00,18      0.00,18      34.10,1      0.00,47      0.01,1      0.00,59      0.00,59      59.31,80      65.54,73      90.5%,93      1070.25,76      356.10,70      21.54,77      23.32,75      92.4%,81      32.60,81      34.34,77      94.9%,95      4.37,53      5.94,19      73.6%,91      0.02,39      0.17,34      3.01,57      0.04,22      0.00,32      64.27,76      1.19,22      0.81,29      0.00,24      0.08,14      0.00,12      0.38,52      0.00,49      0.00,49      0.00,50      0.00,50      0.08,57      0.68,15      0.76,55      0.76,72      0.00,34      0.00,38      0.00,14      0.00,38      0.00,31      0.04,43      0.04,52      0.00,47      0.00,48      0.00,35      0.00,46      0.00,48      1.10,36      0.55,28      0.81,48      0.30,36      0.00,17      0.81,67      1.23,60      65.5%,70      0.42,51      1.27,46      0.93,61      0.34,39      0.89,27      1.99,33      3.94,54      0.17,2      74.27,71      10.43,82      36.97,78      35.27,80      2.20,33      0.25,1      74.27,71      0.30,59      0.25,66      85.7%,72      0.04,66      14.3%,72      48.03,81      213.66,71      118.11,66      0.51,61      0.04,72      0.30,69      0.04,82      54.18,78      0.00,54      0.59,66      0.34,39      0.04,35      0.00,47      0.00,67      0.00,57      6.15,81      1.40,6      1.57,45      47.1%,6       https://fbref.com/req/202302030/images/headshots/1a4ef233_2022.jpg
Kiernan Dewsbury-Hall
MF,AM      0.04,39,6      0.09,52,25      0.13,43,7      0.04,41,6      0.00,46,40      0.00,45,38      0.17,55,31      0.00,54,53      0.05,32,2      0.05,33,2      0.12,67,24      0.17,52,3      3.51,92,67      5.64,74,87      4.19,71,8      0.90,35,4      0.13,17,3      14.3%,9,2      0.05,47,17      0.33,72,53      21.60,39,8      0.04,69,56      0.06,44,6      -0.01,51,43      -0.01,50,43      40.62,60,92      53.44,66,93      76.0%,34,62      596.31,48,89      161.53,50,85      23.17,75,90      26.64,75,90      87.0%,48,70      13.17,47,90      16.85,54,92      78.2%,27,60      2.35,42,69      5.73,61,84      41.0%,15,16      0.11,69,36      1.50,82,49      4.40,67,93      1.11,73,53      0.30,81,65      51.01,69,94      2.18,57,61      0.51,33,63      0.21,58,56      0.34,62,75      3.68,83,70      0.43,72,69      1.11,74,65      0.90,80,74      0.00,28,23      0.00,43,42      0.26,13,19      1.33,15,24      3.29,76,46      2.48,79,58      0.21,71,62      0.34,91,63      0.13,58,20      0.13,63,30      0.00,20,25      0.26,60,33      0.21,67,47      0.04,79,81      0.00,40,30      0.00,35,23      0.00,41,31      0.00,46,46      1.67,30,74      1.03,42,80      0.86,48,87      0.60,24,56      0.21,47,39      0.81,46,87      1.71,28,62      47.5%,77,92      0.90,80,57      1.58,76,96      0.34,65,97      1.24,75,24      0.90,44,87      2.57,35,81      1.11,53,92      0.04,27,12      64.82,67,89      2.01,46,94      12.23,52,96      32.32,60,96      21.29,81,37      1.75,58,4      64.82,67,89      2.10,70,24      1.28,66,31      61.2%,49,79      0.81,33,84      38.8%,49,78      38.91,76,89      251.27,90,90      131.81,91,92      2.82,93,87      0.30,61,6      2.39,17,56      1.97,9,21      46.00,75,89      0.00,52,52      0.86,77,60      1.24,67,40      0.00,77,97      0.00,42,37      0.00,59,53      0.00,51,51      6.63,63,98      0.68,42,53      0.98,56,69      41.0%,38,80       https://fbref.com/req/202302030/images/headshots/5c74c0f5_2022.jpg
Timothy Castagne
FB      0.04,60      0.00,10      0.04,15      0.04,60      0.00,50      0.00,50      0.04,86      0.00,55      0.03,46      0.03,46      0.06,32      0.09,32      1.35,25      3.05,28      4.87,64      0.30,15      0.13,46      42.9%,88      0.14,85      0.33,65      15.20,82      0.00,41      0.10,90      +0.01,72      +0.01,72      45.57,69      56.28,64      81.0%,89      693.55,72      234.37,56      25.85,73      29.37,73      88.0%,44      16.63,76      19.76,67      84.2%,90      2.37,41      4.27,20      55.4%,86      0.04,15      0.63,32      2.79,55      0.59,20      0.34,46      47.90,68      8.25,31      0.42,27      0.00,19      0.04,18      1.69,29      7.83,46      0.00,24      0.00,30      0.00,31      0.00,47      0.13,68      0.89,82      1.14,12      1.06,24      0.08,33      0.00,16      0.00,16      0.00,14      0.00,29      0.04,5      0.04,14      0.00,31      0.00,41      0.00,41      0.00,40      0.00,47      2.84,85      1.31,56      1.61,77      0.93,81      0.30,76      1.14,62      1.82,50      62.8%,76      0.68,64      1.18,58      0.38,60      0.80,50      1.23,51      4.06,77      2.28,46      0.04,29      67.70,62      4.15,71      23.31,86      32.03,75      12.48,20      0.89,34      67.70,62      0.80,21      0.25,2      31.6%,3      0.55,53      68.4%,3      33.05,58      137.05,29      70.11,29      0.93,21      0.00,5      1.14,51      0.47,62      40.07,65      0.00,53      0.63,81      0.30,8      0.04,60      0.00,46      0.00,68      0.00,56      4.32,10      1.65,82      1.61,15      50.6%,53       https://fbref.com/req/202302030/images/headshots/197640fd_2022.jpg
Luke Thomas
FB      0.00,24      0.05,32      0.05,18      0.00,24      0.00,50      0.00,50      0.09,68      0.00,55      0.00,2      0.00,2      0.06,31      0.07,18      1.32,23      4.47,71      2.78,34      0.19,6      0.00,5      0.0%,5      0.00,24      19.00,51      0.00,41      0.04,23      0.00,60      0.00,60      47.40,76      59.87,77      79.2%,77      678.01,67      241.19,60      28.10,84      31.07,84      90.5%,83      16.29,71      20.43,73      79.7%,62      1.74,18      4.52,28      38.5%,32      0.06,36      0.56,23      3.53,72      0.61,24      0.14,14      48.95,72      10.87,76      0.56,42      0.14,80      0.05,19      1.55,24      10.21,94      0.09,55      0.05,63      0.05,66      0.00,47      0.05,92      1.69,16      1.32,15      0.80,11      0.28,71      0.09,64      0.09,72      0.00,14      0.05,71      0.05,6      0.05,18      0.00,31      0.00,41      0.00,41      0.00,40      0.00,47      2.35,68      1.46,68      1.55,75      0.61,46      0.19,49      1.32,73      3.06,90      43.1%,14      1.74,3      1.65,92      0.66,92      0.99,72      1.88,94      4.24,88      2.59,60      0.00,72      72.16,77      4.05,68      23.02,85      34.69,88      14.87,40      0.71,19      72.16,77      1.08,44      0.71,53      65.2%,81      0.38,75      34.8%,81      35.02,66      139.75,32      76.82,37      1.32,42      0.09,24      1.55,25      0.94,20      41.52,71      0.00,53      0.71,72      0.75,53      0.00,84      0.00,46      0.00,68      0.00,56      4.57,14      1.13,51      1.51,21      42.9%,24       https://fbref.com/req/202302030/images/headshots/fc027d02_2022.jpg
Jamie Vardy
FW      0.75,99      0.10,35      0.85,99      0.75,99      0.00,32      0.00,30      0.10,68      0.00,55      0.54,94      0.54,94      0.07,12      0.61,86      1.84,48      1.40,25      5.58,35      2.69,73      1.25,89      46.3%,88      0.28,99      0.60,98      12.40,93      0.00,39      0.20,98      +0.21,98      +0.21,98      9.17,2      13.21,2      69.4%,46      133.51,7      27.41,16      4.29,2      6.03,2      71.1%,16      3.44,37      4.39,20      78.4%,80      0.40,24      0.65,20      61.5%,60      0.05,12      0.90,37      0.45,6      0.75,55      0.10,66      11.21,2      1.89,81      0.05,54      0.10,34      0.00,14      0.60,48      0.00,8      0.00,37      0.00,40      0.00,42      0.00,48      0.10,60      0.50,80      1.94,24      1.45,32      0.00,34      0.20,53      0.15,19      0.10,20      0.05,68      0.30,48      0.10,17      0.00,44      0.10,93      0.05,51      0.05,74      0.00,44      0.30,7      0.25,17      0.00,4      0.20,17      0.10,17      0.05,6      0.35,6      14.3%,17      0.30,91      0.45,9      0.00,11      0.45,20      0.05,11      0.35,2      0.85,65      0.00,54      20.38,1      0.90,53      1.30,2      7.57,1      11.66,4      5.18,70      20.38,1      1.10,12      0.45,7      40.9%,20      0.65,81      59.1%,20      9.97,1      69.37,20      37.28,37      0.85,39      1.25,68      1.25,99      0.40,98      13.60,1      0.00,53      0.65,86      0.60,14      0.95,14      0.00,30      0.00,52      0.05,1      1.25,1      1.20,39      2.49,57      32.4%,39       https://fbref.com/req/202302030/images/headshots/45963054_2022.jpg
Wilfred Ndidi
MF      0.00,16      0.00,10      0.00,6      0.00,17      0.00,46      0.00,45      0.22,36      0.00,54      0.04,21      0.04,21      0.00,2      0.04,3      0.78,18      3.17,29      0.72,12      0.78,26      0.22,29      28.6%,46      0.00,17      0.00,17      19.70,64      0.00,32      0.05,29      -0.04,26      -0.04,25      41.50,62      52.01,63      79.8%,54      626.22,54      172.66,54      21.86,67      25.87,74      84.5%,29      15.52,62      18.47,63      84.0%,49      2.28,38      3.62,29      63.1%,62      0.01,2      0.11,1      2.00,22      0.22,5      0.00,9      50.84,68      1.00,27      0.89,57      0.11,33      0.33,61      0.06,3      0.11,28      0.00,22      0.00,28      0.00,28      0.00,43      0.17,39      1.06,37      1.00,5      0.72,4      0.00,23      0.00,13      0.17,69      0.06,33      0.06,63      0.11,17      0.06,17      0.00,37      0.00,40      0.06,89      0.00,41      0.00,46      3.34,97      1.78,92      1.78,96      1.50,93      0.06,6      1.22,85      3.06,86      40.0%,52      1.84,15      2.00,95      0.45,85      1.56,91      2.34,99      5.67,99      3.00,98      0.06,21      66.53,70      5.40,99      23.53,99      36.32,71      7.45,7      0.95,33      66.53,70      0.95,22      0.61,21      64.7%,63      0.33,75      35.3%,63      33.37,61      137.45,33      55.18,23      0.56,10      0.06,17      1.39,56      0.83,59      36.66,54      0.00,52      1.67,15      1.22,65      0.06,47      0.00,42      0.11,2      0.00,51      9.18,99      2.34,95      1.78,17      56.8%,83       https://fbref.com/req/202302030/images/headshots/6b47c5db_2022.jpg
Ademola Lookman
AM      0.37,76      0.00,3      0.37,49      0.37,79      0.00,40      0.00,38      0.12,47      0.00,53      0.28,67      0.28,76      0.12,28      0.40,58      2.66,37      3.34,57      8.61,72      1.61,24      0.74,48      46.2%,90      0.23,96      0.50,90      15.00,84      0.00,27      0.17,91      +0.09,84      +0.09,84      25.09,40      33.20,40      75.6%,58      317.38,29      80.89,39      16.10,57      19.39,60      83.1%,35      7.00,38      8.42,26      83.1%,81      0.50,6      1.30,12      38.1%,12      0.11,38      1.42,44      1.18,29      1.24,62      0.06,12      31.59,42      1.30,43      0.31,54      0.19,47      0.06,20      1.11,11      0.37,61      0.25,46      0.12,47      0.06,53      0.00,42      0.31,15      1.61,8      2.85,29      2.17,43      0.06,44      0.25,49      0.19,39      0.19,48      0.00,25      0.19,19      0.12,21      0.00,37      0.00,30      0.00,23      0.06,83      0.00,46      1.98,87      0.87,70      0.62,67      0.81,83      0.56,97      0.62,67      1.73,63      35.7%,69      1.11,38      1.18,72      0.06,51      1.11,79      0.62,60      2.60,84      0.25,20      0.00,60      46.77,48      0.43,19      5.76,58      20.25,66      21.37,38      5.45,80      46.77,48      3.59,69      2.35,87      65.5%,93      1.24,58      34.5%,93      31.03,61      166.00,34      79.16,34      1.61,29      1.49,69      3.65,11      3.22,3      34.56,51      0.00,52      1.67,7      2.04,81      0.37,40      0.00,37      0.00,53      0.00,51      6.32,96      0.19,7      0.68,90      21.4%,12       https://fbref.com/req/202302030/images/headshots/7c104bb7_2022.jpg
Jonny Evans
CB      0.07,65      0.07,86      0.13,83      0.07,65      0.00,50      0.00,50      0.20,39      0.00,59      0.04,46      0.04,46      0.05,90      0.09,70      0.07,7      3.27,65      0.27,66      0.20,10      0.13,48      66.7%,96      0.33,94      0.50,67      5.60,98      0.00,47      0.20,98      +0.03,75      +0.03,75      56.48,73      68.10,76      82.9%,48      1117.79,78      412.08,83      16.76,57      19.36,61      86.6%,31      32.85,82      35.52,81      92.5%,69      6.34,80      11.82,94      53.7%,49      0.05,86      0.27,57      3.47,69      0.33,75      0.00,32      65.03,77      2.94,81      2.40,96      0.07,71      0.07,12      0.20,71      0.53,64      0.00,49      0.00,49      0.00,50      0.00,50      0.13,41      0.20,75      0.67,48      0.53,50      0.13,90      0.00,38      0.00,14      0.00,38      0.00,31      0.13,77      0.07,67      0.07,99      0.00,48      0.00,35      0.00,46      0.00,48      1.60,69      0.93,69      0.93,56      0.53,71      0.13,83      0.93,76      1.47,75      63.6%,59      0.53,28      1.14,39      0.87,52      0.27,28      1.34,66      2.94,66      3.94,52      0.00,81      76.58,76      10.28,81      42.20,88      32.31,67      2.54,44      0.80,38      76.58,76      0.20,41      0.13,38      66.7%,41      0.07,49      33.3%,41      43.87,71      187.14,56      102.62,56      0.20,31      0.00,30      0.27,72      0.00,93      49.87,70      0.00,54      1.00,24      0.73,82      0.00,75      0.00,47      0.00,67      0.00,57      7.01,90      3.20,82      1.14,80      73.8%,91       https://fbref.com/req/202302030/images/headshots/f8fcd2a5_2022.jpg
Kelechi Iheanacho
FW      0.28,45      0.36,94      0.64,84      0.28,55      0.00,32      0.00,30      0.07,71      0.00,55      0.26,29      0.26,35      0.18,80      0.43,53      1.99,52      2.63,73      6.05,45      2.21,42      0.85,52      38.7%,66      0.13,63      0.33,59      18.00,11      0.00,39      0.12,34      +0.03,77      +0.03,78      19.65,70      25.70,65      76.5%,81      256.54,66      54.68,68      12.10,71      13.88,63      87.2%,89      4.70,60      6.05,52      77.6%,77      0.85,71      1.71,70      50.0%,35      0.12,71      1.21,65      1.57,73      0.93,65      0.07,53      24.42,63      1.14,55      0.07,65      0.71,99      0.21,80      0.43,35      0.28,66      0.07,80      0.07,89      0.00,42      0.00,48      0.14,40      1.14,27      2.71,58      2.14,71      0.07,88      0.14,40      0.14,14      0.07,11      0.14,96      0.57,93      0.36,88      0.00,44      0.00,29      0.07,75      0.00,27      0.14,98      0.71,40      0.50,53      0.14,42      0.36,52      0.21,40      0.21,50      1.00,57      21.4%,32      0.78,40      1.35,91      0.00,11      1.35,93      0.28,50      1.00,43      0.71,52      0.00,54      37.81,63      0.78,47      3.28,47      16.52,68      18.51,60      3.56,16      37.81,63      2.35,55      1.14,58      48.5%,43      1.21,40      51.5%,43      22.36,65      113.85,52      48.20,52      1.28,60      0.78,45      3.70,12      1.50,48      28.20,65      0.00,53      1.21,45      0.78,24      0.50,55      0.00,30      0.00,52      0.00,51      2.99,45      1.14,37      2.71,47      29.6%,29       https://fbref.com/req/202302030/images/headshots/c92e1a31_2022.jpg
Patson Daka
FW      0.39,76      0.23,81      0.62,83      0.39,80      0.00,32      0.00,30      0.16,48      0.00,55      0.33,45      0.33,63      0.16,71      0.47,63      0.78,12      1.32,19      5.13,19      2.02,22      1.16,84      57.7%,99      0.19,94      0.33,59      15.20,45      0.00,39      0.16,83      +0.06,83      +0.06,84      12.81,24      17.32,9      74.0%,70      167.58,29      25.08,11      7.69,19      9.71,11      79.2%,52      3.81,48      4.58,24      83.1%,93      0.31,16      0.54,12      57.1%,52      0.06,17      1.01,45      0.47,11      0.39,19      0.00,16      15.84,9      1.48,68      0.00,22      0.08,30      0.00,14      0.08,4      0.16,47      0.00,37      0.00,40      0.00,42      0.00,48      0.00,92      0.70,70      2.33,42      1.79,57      0.00,34      0.00,6      0.23,37      0.16,29      0.16,98      0.70,96      0.47,96      0.00,44      0.00,29      0.08,78      0.00,27      0.16,99      1.16,80      0.78,84      0.16,47      0.62,88      0.39,86      0.16,29      1.48,89      10.5%,9      1.32,4      0.54,19      0.00,11      0.54,34      0.16,25      1.32,60      0.62,48      0.00,54      28.73,14      0.78,43      2.41,22      13.20,34      13.28,11      3.88,22      28.73,14      1.24,19      0.23,6      18.8%,2      1.01,48      81.3%,2      15.14,17      59.48,9      23.22,12      0.31,4      0.23,11      3.26,32      1.40,57      18.95,11      0.00,53      1.32,32      1.09,42      0.54,48      0.00,30      0.00,52      0.00,51      2.25,22      1.32,45      3.42,29      27.9%,24       https://fbref.com/req/202302030/images/headshots/ca45605e_2022.jpg
Ricardo Pereira
FB      0.09,85      0.27,93      0.36,93      0.09,85      0.00,50      0.00,50      0.27,16      0.00,55      0.06,81      0.06,81      0.12,73      0.18,75      2.54,72      3.91,62      3.09,36      0.91,77      0.18,67      20.0%,40      0.10,73      0.50,78      16.60,75      0.00,41      0.07,65      +0.03,79      +0.03,79      47.13,75      59.49,75      79.2%,77      650.89,66      216.15,45      29.88,89      33.60,90      88.9%,63      14.71,56      18.71,54      78.6%,59      1.63,14      3.45,7      47.4%,69      0.11,71      0.91,58      1.73,18      1.54,89      0.18,23      49.86,76      9.63,56      0.27,18      0.00,19      0.09,29      1.27,12      9.35,80      0.00,24      0.00,30      0.00,31      0.00,47      0.00,97      2.09,6      2.91,79      2.18,82      0.09,38      0.27,95      0.09,69      0.18,90      0.09,94      0.54,95      0.36,93      0.00,31      0.09,99      0.00,41      0.09,98      0.00,47      3.36,97      1.82,92      1.73,84      1.18,94      0.45,95      1.91,95      3.63,98      52.5%,35      1.73,5      1.18,55      0.09,6      1.09,85      1.54,81      4.90,97      3.54,89      0.00,72      74.11,81      3.54,42      22.43,77      34.42,86      17.98,54      1.63,64      74.11,81      1.73,71      1.00,77      57.9%,64      0.73,38      42.1%,64      33.78,60      157.57,46      96.18,67      1.63,69      0.45,69      1.09,55      0.54,50      42.68,75      0.00,53      0.54,85      1.45,84      0.00,84      0.00,46      0.00,68      0.00,56      5.81,62      1.36,67      1.27,40      51.7%,55       https://fbref.com/req/202302030/images/headshots/75a72a99_2022.jpg
Boubakary Soumaré
MF      0.00,16      0.08,48      0.08,24      0.00,17      0.00,46      0.00,45      0.00,96      0.00,54      0.03,15      0.03,16      0.03,9      0.06,7      0.82,21      3.68,39      1.31,29      0.49,10      0.16,20      33.3%,65      0.00,17      0.00,17      18.60,71      0.00,32      0.06,44      -0.03,31      -0.03,30      36.26,51      44.27,46      81.9%,63      547.27,45      137.04,35      19.68,59      22.87,60      86.1%,43      12.74,46      15.03,44      84.8%,54      2.53,46      3.76,34      67.4%,71      0.02,7      0.49,11      3.10,44      0.41,19      0.08,34      44.02,55      0.16,2      0.08,10      0.00,7      0.41,68      0.33,17      0.08,19      0.00,22      0.00,28      0.00,28      0.00,43      0.08,68      0.49,91      1.47,12      1.14,13      0.00,23      0.16,66      0.00,8      0.08,45      0.08,79      0.16,29      0.16,54      0.00,37      0.00,40      0.00,35      0.00,41      0.00,46      1.55,25      1.06,44      0.82,46      0.65,30      0.08,13      0.65,32      1.39,13      47.1%,76      0.74,90      1.06,39      0.08,20      0.98,53      1.14,69      2.70,38      1.47,72      0.00,71      54.23,44      2.29,57      14.21,65      32.34,61      8.25,9      0.57,21      54.23,44      1.96,65      1.14,58      58.3%,41      0.82,32      41.7%,41      29.32,46      144.72,39      47.78,15      1.31,50      0.08,22      2.04,28      1.06,43      38.79,62      0.00,52      1.31,37      1.39,77      0.00,77      0.00,42      0.00,59      0.00,51      5.06,21      2.21,91      0.90,65      71.1%,98       https://fbref.com/req/202302030/images/headshots/ae59b359_2022.jpg
Nampalys Mendy
MF      0.00,16      0.00,10      0.00,6      0.00,17      0.00,46      0.00,45      0.26,25      0.00,54      0.00,1      0.00,1      0.00,2      0.00,1      0.78,19      3.14,28      0.70,11      0.09,1      0.09,11      100.0%,99      0.00,17      0.00,17      25.30,12      0.00,32      0.02,2      0.00,57      0.00,58      51.72,82      56.25,70      91.9%,99      809.48,73      142.67,39      26.51,84      28.17,83      94.1%,98      20.32,82      21.54,76      94.3%,97      3.05,55      3.75,33      81.4%,97      0.01,1      0.09,1      3.40,53      0.00,1      0.00,9      55.20,75      1.05,29      1.05,66      0.00,7      0.26,48      0.00,1      0.00,5      0.00,22      0.00,28      0.00,28      0.00,43      0.00,93      0.52,86      0.44,1      0.44,1      0.00,23      0.00,13      0.00,8      0.00,11      0.00,20      0.26,61      0.26,77      0.00,37      0.00,40      0.00,35      0.00,41      0.00,46      1.05,6      0.52,8      0.70,30      0.35,4      0.00,2      0.52,18      1.48,17      35.3%,34      0.96,72      0.61,4      0.35,67      0.26,1      0.96,49      2.01,13      0.96,40      0.09,13      63.23,63      1.83,38      16.22,79      42.38,85      5.06,2      0.00,1      63.23,63      0.35,4      0.35,8      100.0%,99      0.00,99      0.0%,99      40.99,82      207.38,79      86.25,62      1.05,33      0.00,5      1.05,82      0.78,63      47.27,76      0.00,52      1.48,26      1.57,84      0.00,77      0.00,42      0.00,59      0.00,51      6.28,53      0.44,13      0.78,70      35.7%,25       https://fbref.com/req/202302030/images/headshots/1598599e_2022.jpg
Marc Albrighton
AM      0.08,11      0.16,56      0.24,20      0.08,11      0.00,40      0.00,38      0.24,15      0.00,53      0.04,1      0.04,1      0.16,56      0.20,10      1.67,13      2.07,15      4.45,12      0.32,1      0.08,1      25.0%,13      0.25,97      1.00,99      16.30,68      0.00,27      0.12,67      +0.04,66      +0.04,66      27.59,56      44.36,79      62.2%,4      409.61,60      162.19,87      17.49,70      20.51,69      85.3%,47      6.84,34      11.53,65      59.3%,3      2.07,63      7.47,93      27.7%,1      0.08,15      0.87,12      1.83,61      0.64,12      0.48,93      35.94,65      8.03,99      1.19,92      0.16,40      0.24,61      6.20,96      3.82,98      2.94,93      2.15,97      0.48,78      0.00,42      0.40,8      2.15,1      1.51,2      0.95,2      0.32,71      0.00,2      0.00,3      0.24,63      0.00,25      0.16,13      0.16,31      0.00,37      0.00,30      0.00,23      0.00,31      0.00,46      2.46,96      1.51,96      1.27,98      0.72,75      0.48,90      0.80,83      3.74,99      21.3%,15      2.94,1      1.19,75      0.24,92      0.95,62      1.11,98      3.58,98      1.59,99      0.00,60      56.05,83      2.78,98      13.20,98      24.01,83      19.32,24      0.95,2      56.05,83      3.18,57      1.19,26      37.5%,6      1.99,21      62.5%,6      28.38,42      128.48,11      54.94,7      1.11,11      0.16,2      1.67,85      0.64,98      31.56,31      0.00,52      0.48,92      1.03,30      0.16,70      0.00,37      0.00,53      0.00,51      5.17,71      0.32,20      1.03,66      23.5%,19       https://fbref.com/req/202302030/images/headshots/b827d5b3_2022.jpg
James Justin
FB      0.00,24      0.00,10      0.00,6      0.00,24      0.00,50      0.00,50      0.00,95      0.00,55      0.03,38      0.03,38      0.09,56      0.12,46      2.07,50      3.97,63      4.69,60      0.45,34      0.09,36      20.0%,40      0.00,24      0.00,24      11.10,97      0.00,41      0.07,65      -0.03,28      -0.03,28      48.70,82      61.05,79      79.8%,80      694.48,73      240.69,59      29.58,88      32.46,86      91.1%,92      14.97,62      18.76,55      79.8%,63      2.16,36      5.14,38      42.1%,45      0.06,38      0.81,50      2.07,36      0.63,28      0.27,34      50.95,80      9.92,62      0.72,53      0.00,19      0.36,71      1.35,18      9.20,73      0.00,24      0.00,30      0.00,31      0.00,47      0.18,46      1.62,20      1.53,28      1.44,50      0.00,9      0.00,16      0.00,16      0.09,58      0.00,29      0.18,45      0.18,71      0.00,31      0.00,41      0.00,41      0.00,40      0.00,47      1.98,42      1.17,41      0.99,38      0.72,60      0.27,71      0.63,14      1.35,20      46.7%,20      0.72,58      1.44,86      0.36,53      1.08,82      1.53,80      3.52,60      3.07,75      0.00,72      71.96,76      3.88,56      23.72,89      32.19,77      16.41,47      1.35,55      71.96,76      1.35,56      0.45,27      33.3%,5      0.90,25      66.7%,5      36.52,72      173.33,59      82.15,51      1.62,66      0.09,22      0.45,99      0.90,21      42.38,72      0.00,53      0.63,82      1.08,75      0.09,25      0.00,46      0.00,68      0.00,56      5.59,54      1.17,56      1.44,23      44.8%,32       https://fbref.com/req/202302030/images/headshots/fb614c44_2022.jpg
Wesley Fofana
CB      0.00,18      0.00,33      0.00,14      0.00,18      0.00,50      0.00,50      0.29,23      0.00,59      0.06,60      0.06,60      0.00,6      0.06,38      1.43,88      4.00,76      0.14,39      0.43,39      0.14,52      33.3%,62      0.00,18      0.00,18      7.90,91      0.00,47      0.13,80      -0.06,7      -0.06,7      67.14,90      75.43,87      89.0%,86      1240.86,87      405.57,81      24.00,86      26.14,86      91.8%,70      38.00,94      40.57,94      93.7%,85      4.14,46      7.14,41      58.0%,62      0.01,29      0.29,64      3.57,70      0.00,9      0.00,32      74.29,90      1.14,19      1.00,35      0.00,24      0.14,23      0.00,12      0.14,23      0.00,49      0.00,49      0.00,50      0.00,50      0.00,93      0.57,23      0.57,39      0.57,57      0.00,34      0.00,38      0.00,14      0.00,38      0.00,31      0.00,17      0.00,20      0.00,47      0.00,48      0.00,35      0.00,46      0.00,48      1.71,75      1.14,78      1.57,93      0.14,9      0.00,17      1.00,82      1.57,81      63.6%,59      0.57,23      0.71,9      0.29,3      0.43,54      1.71,87      3.43,78      3.71,46      0.14,6      84.86,87      7.86,51      43.57,98      39.29,83      2.71,49      0.71,29      84.86,87      0.43,73      0.43,83      100.0%,88      0.00,88      0.0%,88      62.00,94      422.57,99      244.29,98      1.29,87      0.14,97      0.71,13      0.29,20      62.71,90      0.00,54      1.00,27      1.00,94      0.00,75      0.00,47      0.00,67      0.00,57      6.14,80      2.86,67      1.43,54      66.7%,75       https://fbref.com/req/202302030/images/headshots/132a82f1_2022.jpg
Jannik Vestergaard
CB      0.00,18      0.00,33      0.00,14      0.00,18      0.00,50      0.00,50      0.32,15      0.00,59      0.02,9      0.02,9      0.00,6      0.02,3      0.32,30      3.02,54      0.00,6      0.16,7      0.00,6      0.0%,6      0.00,18      4.00,99      0.00,47      0.12,70      -0.02,40      -0.02,40      53.17,67      59.84,64      88.9%,85      1050.48,73      356.67,71      18.73,69      20.48,67      91.5%,64      27.14,69      28.89,64      94.0%,86      6.67,87      9.37,72      71.2%,90      0.02,34      0.16,31      2.22,31      0.16,57      0.00,32      58.41,70      1.43,36      1.43,69      0.00,24      0.95,92      0.00,12      0.00,4      0.00,49      0.00,49      0.00,50      0.00,50      0.00,93      0.48,34      0.48,27      0.48,41      0.00,34      0.00,38      0.00,14      0.00,38      0.00,31      0.00,17      0.00,20      0.00,47      0.00,48      0.00,35      0.00,46      0.00,48      2.38,91      1.59,92      1.90,99      0.48,69      0.00,17      1.27,94      2.38,98      53.3%,27      1.11,3      1.59,81      1.27,90      0.32,34      1.11,48      3.49,82      5.71,98      0.00,81      72.54,67      14.76,99      40.48,86      30.48,59      1.59,14      0.79,35      72.54,67      0.63,85      0.63,92      100.0%,88      0.00,88      0.0%,88      43.33,70      188.73,59      89.37,46      0.48,59      0.00,30      0.63,17      0.00,93      48.89,69      0.00,54      0.63,64      0.16,6      0.00,75      0.00,47      0.16,3      0.00,57      5.08,45      2.06,40      1.59,43      56.5%,31       https://fbref.com/req/202302030/images/headshots/1900032e_2022.jpg