
Alisson
GK      0.67,98      2.75,6      2.11,10      75.8%,90      0.75,94      0.19,44      0.06,2      0.56,98      55.6%,98      0.00,4      0.00,94      0.00,37      0.00,37      0.00,77      0.08,87      0.03,58      0.68,98      0.25,23      +0.04,94      3.17,25      7.17,10      44.2%,92      33.78,87      5.86,87      16.5%,6      26.3,10      4.78,6      33.1%,13      33.4,21      9.44,6      0.61,29      6.5%,60      2.47,98      18.7,94       https://fbref.com/req/202302030/images/headshots/7a2e46a8_2022.jpg
Virgil van Dijk
CB      0.09,75      0.03,70      0.12,76      0.09,75      0.00,50      0.00,50      0.09,85      0.00,59      0.06,62      0.06,62      0.04,77      0.11,77      0.32,31      4.26,80      0.12,33      1.03,93      0.41,98      40.0%,78      0.09,56      0.21,41      13.30,26      0.03,94      0.06,22      +0.03,77      +0.03,77      69.88,91      78.09,91      89.5%,89      1378.21,96      534.18,97      22.94,82      24.94,82      92.0%,77      38.18,96      40.44,92      94.4%,91      8.18,98      11.62,91      70.4%,88      0.03,61      0.26,56      4.59,82      0.12,51      0.00,32      75.74,91      2.29,69      2.09,93      0.18,92      0.53,71      0.00,12      0.21,35      0.00,49      0.00,49      0.00,50      0.00,50      0.06,77      0.15,90      0.91,62      0.65,62      0.03,70      0.00,38      0.18,91      0.00,38      0.06,90      0.18,88      0.12,88      0.00,47      0.00,48      0.06,90      0.00,46      0.00,48      0.47,4      0.29,7      0.32,4      0.15,10      0.00,17      0.32,12      0.47,9      68.8%,76      0.15,91      0.62,6      0.41,15      0.21,15      0.91,28      1.38,6      3.21,31      0.00,81      85.12,88      8.82,64      38.12,81      44.53,87      2.65,46      1.68,88      85.12,88      0.24,46      0.18,46      75.0%,54      0.06,56      25.0%,54      50.50,87      192.06,62      99.38,54      0.12,18      0.00,30      0.15,96      0.09,69      61.65,87      0.00,54      0.26,96      0.24,22      0.00,75      0.00,47      0.00,67      0.00,57      6.00,77      3.44,86      1.00,87      77.5%,96       https://fbref.com/req/202302030/images/headshots/e06683ca_2022.jpg
Trent Alexander-Arnold
FB      0.06,73      0.38,97      0.44,94      0.06,73      0.00,50      0.00,50      0.06,80      0.00,55      0.08,85      0.08,85      0.38,99      0.45,98      1.67,32      8.42,97      6.34,81      1.61,90      0.47,92      29.4%,66      0.04,53      0.13,46      24.00,8      0.25,95      0.05,35      -0.01,47      -0.01,47      64.32,92      86.97,97      74.0%,40      1265.36,98      494.73,99      26.53,77      30.41,82      87.2%,37      25.58,94      33.06,97      77.4%,53      10.85,99      20.06,99      54.1%,82      0.41,99      2.84,99      7.73,95      2.68,99      0.79,95      69.53,93      17.29,99      2.93,99      0.54,98      2.18,99      8.61,98      10.22,95      4.13,97      0.91,89      2.81,98      0.00,47      0.16,56      1.07,68      5.05,99      3.03,97      1.67,99      0.09,66      0.22,92      0.03,32      0.00,29      0.57,97      0.41,94      0.13,93      0.00,41      0.03,82      0.00,40      0.00,47      1.26,8      0.73,12      0.60,14      0.41,14      0.25,64      0.85,29      1.89,56      45.0%,18      1.04,28      0.69,5      0.13,12      0.57,20      1.36,63      2.62,20      1.26,10      0.00,72      95.77,97      2.24,12      18.99,49      43.72,95      33.75,95      2.62,84      95.77,97      1.23,50      0.60,41      48.7%,27      0.63,46      51.3%,27      47.44,92      179.40,64      89.09,56      1.74,76      0.44,68      1.29,40      0.60,47      59.84,92      0.00,53      0.38,94      0.22,5      0.35,3      0.00,46      0.00,68      0.00,56      7.41,94      0.47,7      0.41,99      53.6%,63       https://fbref.com/req/202302030/images/headshots/cd1acf9d_2022.jpg
Sadio Mané
AM,FW      0.51,92,91      0.06,15,20      0.57,76,78      0.51,94,93      0.00,40,32      0.00,38,30      0.16,34,45      0.00,53,55      0.55,94,96      0.55,97,96      0.17,57,73      0.72,96,98      3.35,58,88      4.15,69,88      9.74,81,91      3.13,89,91      1.18,88,86      37.8%,60,61      0.16,79,79      0.43,79,86      14.20,89,61      0.00,27,39      0.18,94,94      -0.04,30,42      -0.04,29,40      26.12,48,83      35.12,48,84      74.4%,49,71      385.06,52,84      87.73,47,83      14.69,44,83      17.56,44,81      83.6%,40,78      8.75,63,91      11.49,63,91      76.1%,48,70      1.40,46,84      2.14,31,81      65.7%,84,75      0.14,58,78      1.31,37,68      2.01,66,86      1.95,84,93      0.16,35,71      34.54,58,88      0.38,10,25      0.10,25,71      0.51,90,96      0.10,37,58      1.60,33,78      0.26,42,63      0.00,12,37      0.00,19,40      0.00,23,42      0.00,42,48      0.19,35,20      1.31,25,12      3.64,62,88      2.52,60,81      0.00,18,34      0.26,51,63      0.54,97,98      0.32,84,81      0.00,25,28      0.42,62,73      0.22,52,60      0.00,37,44      0.03,62,63      0.13,97,98      0.03,65,61      0.00,46,44      1.05,34,68      0.64,38,70      0.22,17,61      0.45,39,70      0.38,78,84      0.26,25,61      0.83,13,43      30.8%,49,63      0.57,81,55      0.96,53,68      0.03,28,27      0.93,58,12      0.26,16,45      1.31,25,58      0.48,49,39      0.00,60,54      47.63,51,86      0.64,35,30      3.00,7,42      19.70,61,89      25.73,75,89      6.42,87,91      47.63,51,86      2.46,34,58      1.50,48,68      61.0%,78,84      0.93,75,55      37.7%,83,86      32.79,72,89      188.27,54,89      85.02,44,86      1.82,47,78      1.44,66,81      3.32,17,25      1.88,28,27      38.89,75,93      0.00,52,53      1.60,11,19      1.60,69,86      0.61,8,37      0.03,76,66      0.00,53,52      0.00,51,51      3.48,7,60      0.96,72,32      1.60,35,83      37.5%,66,57       https://fbref.com/req/202302030/images/headshots/c691bfe2_2022.jpg
Joël Matip
CB      0.10,80      0.10,97      0.19,96      0.10,80      0.00,50      0.00,50      0.06,87      0.00,59      0.11,96      0.11,96      0.04,75      0.15,93      1.77,93      6.00,96      0.23,60      1.13,97      0.23,78      20.0%,28      0.09,56      0.43,62      9.90,69      0.00,47      0.10,56      -0.01,43      -0.01,43      66.90,88      75.61,88      88.5%,83      1270.00,90      423.13,87      21.77,80      24.42,80      89.2%,48      37.74,93      40.71,96      92.7%,72      6.52,85      8.74,62      74.5%,94      0.06,93      0.39,82      6.00,90      0.29,70      0.00,32      73.55,88      1.97,59      1.29,59      0.10,81      0.16,25      0.03,30      0.68,67      0.00,49      0.00,49      0.00,50      0.00,50      0.10,56      0.32,57      1.35,91      1.06,90      0.00,34      0.00,38      0.26,97      0.03,81      0.00,31      0.29,97      0.23,97      0.00,47      0.00,48      0.03,77      0.03,96      0.00,48      1.52,66      1.10,76      0.74,40      0.61,77      0.16,88      0.65,52      1.00,46      64.5%,64      0.35,62      0.84,12      0.45,18      0.39,49      1.42,72      2.94,65      3.00,28      0.03,60      85.52,90      7.48,41      31.97,60      48.03,92      5.97,81      2.03,96      85.52,90      0.32,60      0.29,70      90.0%,76      0.03,71      10.0%,76      52.00,91      314.94,92      231.42,96      2.00,96      0.06,83      0.42,40      0.23,27      59.26,86      0.00,54      0.42,86      0.35,45      0.00,75      0.00,47      0.00,67      0.00,57      5.97,75      3.48,87      1.61,39      68.4%,78       https://fbref.com/req/202302030/images/headshots/b217ef29_2022.jpg
Mohamed Salah
AM      0.75,99      0.42,96      1.17,99      0.59,97      0.16,97      0.20,97      0.03,83      0.00,53      0.74,99      0.58,98      0.33,98      0.91,99      4.07,81      3.98,63      14.70,99      4.33,99      1.60,99      36.8%,54      0.14,69      0.37,69      15.80,73      0.03,54      0.13,76      +0.01,52      +0.01,51      28.51,61      37.02,58      77.0%,67      375.25,49      99.81,56      18.48,71      21.12,74      87.5%,78      7.59,49      10.07,49      75.4%,46      0.95,22      1.60,21      59.2%,75      0.24,96      2.02,85      1.50,47      1.86,81      0.13,28      36.23,66      0.49,15      0.03,13      0.59,94      0.10,38      1.34,24      0.23,38      0.03,25      0.03,38      0.00,23      0.00,42      0.29,16      1.24,31      4.59,89      3.39,92      0.00,18      0.55,90      0.59,99      0.07,13      0.00,25      0.81,97      0.55,96      0.00,37      0.16,98      0.07,73      0.03,67      0.00,46      0.55,6      0.26,7      0.16,8      0.29,22      0.10,15      0.20,15      0.62,4      31.6%,52      0.42,96      0.23,1      0.03,30      0.20,1      0.20,11      0.75,3      0.16,8      0.00,60      50.57,70      0.23,7      1.79,1      14.83,21      34.41,90      9.81,99      50.38,70      4.04,81      1.73,65      42.7%,17      2.31,13      57.3%,17      33.56,76      192.19,58      94.79,65      1.86,49      3.16,98      3.23,20      2.64,8      42.36,79      0.00,52      0.39,96      0.75,10      0.39,37      0.07,93      0.00,53      0.00,51      2.80,2      0.23,11      1.08,62      17.5%,7       https://fbref.com/req/202302030/images/headshots/e342ad68_2022.jpg
Jordan Henderson
MF      0.07,53      0.17,83      0.24,65      0.07,54      0.00,46      0.00,45      0.10,72      0.00,54      0.05,33      0.05,33      0.12,71      0.17,54      1.87,59      8.49,97      4.02,69      1.07,45      0.21,26      19.4%,19      0.06,51      0.33,72      24.50,19      0.03,67      0.05,29      +0.02,66      +0.02,66      65.36,96      77.84,96      84.0%,75      1102.32,96      297.14,93      30.29,91      33.79,93      89.6%,69      27.76,96      31.92,96      87.0%,63      5.30,85      7.90,83      67.1%,70      0.13,78      1.32,74      7.45,95      1.80,95      0.49,92      74.79,96      2.84,69      0.87,54      0.31,72      0.45,73      1.94,63      0.94,92      0.07,51      0.00,28      0.03,58      0.00,43      0.21,25      1.39,13      3.33,78      2.98,89      0.14,66      0.07,43      0.07,29      0.03,26      0.03,49      0.49,92      0.49,97      0.00,37      0.00,40      0.00,35      0.00,41      0.00,46      1.25,17      0.69,19      0.31,6      0.87,49      0.07,12      0.59,25      1.52,20      38.6%,46      0.94,75      0.87,19      0.03,8      0.83,39      0.80,31      2.04,16      0.49,10      0.00,71      84.70,96      1.18,18      10.12,37      50.87,96      24.05,90      1.32,43      84.70,96      0.87,20      0.55,20      64.0%,59      0.31,79      36.0%,59      48.69,92      211.85,79      94.89,72      1.63,63      0.17,45      0.97,85      0.42,94      64.42,96      0.00,52      0.80,82      0.24,1      0.10,32      0.00,42      0.00,59      0.00,51      7.90,86      0.62,29      0.45,97      58.1%,85       https://fbref.com/req/202302030/images/headshots/935e6b8f_2022.jpg
Andrew Robertson
FB      0.11,89      0.35,95      0.46,95      0.11,89      0.00,50      0.00,50      0.18,42      0.04,10      0.05,71      0.05,71      0.20,90      0.25,85      3.41,92      6.60,93      8.48,95      0.64,55      0.28,82      44.4%,90      0.17,88      0.38,69      16.90,71      0.00,41      0.08,78      +0.06,94      +0.06,94      66.87,94      83.37,94      80.2%,83      1083.05,94      364.68,95      34.77,94      38.24,94      90.9%,88      26.93,97      32.14,95      83.8%,84      4.26,88      9.51,88      44.8%,58      0.20,94      1.95,94      4.65,92      1.60,90      0.46,71      70.45,94      12.63,92      1.99,94      0.11,73      0.35,69      6.92,95      7.77,41      2.87,93      0.28,75      2.41,97      0.00,47      0.28,19      1.21,55      3.97,95      2.87,95      0.85,92      0.04,36      0.07,55      0.11,66      0.04,63      0.60,98      0.50,98      0.11,92      0.00,41      0.00,41      0.00,40      0.00,47      1.28,10      0.75,15      0.57,10      0.53,32      0.18,44      0.71,24      1.24,16      57.1%,56      0.53,82      0.85,12      0.11,10      0.75,46      0.82,11      2.09,8      2.16,40      0.00,72      90.67,93      2.73,19      18.73,44      41.58,94      31.29,92      3.12,92      90.67,93      0.82,25      0.46,29      56.5%,62      0.35,79      43.5%,62      50.94,94      249.85,95      153.61,97      3.02,95      0.67,79      0.85,75      0.53,53      61.41,93      0.00,53      0.67,75      0.32,11      0.14,16      0.00,46      0.00,68      0.00,56      6.39,80      0.92,34      0.50,97      65.0%,92       https://fbref.com/req/202302030/images/headshots/2e4f5f03_2022.jpg
Diogo Jota
FW,AM      0.57,96,94      0.15,65,51      0.72,91,88      0.57,98,96      0.00,32,40      0.00,30,38      0.11,63,52      0.00,55,53      0.62,98,98      0.62,99,99      0.22,91,75      0.84,99,98      2.82,75,40      3.31,80,56      7.27,78,57      3.43,96,96      1.22,88,90      35.6%,48,47      0.17,85,83      0.47,89,83      12.30,96,99      0.00,39,27      0.19,96,97      -0.05,39,24      -0.05,39,22      21.28,75,26      29.31,75,24      72.6%,65,40      296.92,75,24      73.40,80,31      12.34,73,31      15.11,68,26      81.6%,65,29      6.97,80,35      8.79,80,33      79.2%,83,67      0.84,70,19      1.75,73,24      47.8%,25,43      0.13,76,53      1.52,88,56      1.75,81,60      0.99,75,38      0.08,58,19      29.12,75,29      0.00,1,1      0.00,22,6      0.38,89,80      0.04,32,15      0.80,58,6      0.00,8,2      0.00,37,12      0.00,40,19      0.00,42,23      0.00,48,42      0.19,22,37      0.88,55,79      3.73,89,67      2.40,76,51      0.00,34,18      0.46,84,80      0.34,78,79      0.49,96,97      0.04,61,62      0.49,86,75      0.27,73,62      0.00,44,37      0.08,83,85      0.08,76,85      0.08,88,88      0.00,44,46      1.48,91,65      0.69,78,51      0.46,88,52      0.69,91,70      0.34,76,66      0.49,91,57      2.09,96,72      23.6%,45,24      1.60,1,13      0.72,45,29      0.08,52,62      0.65,47,79      0.23,40,13      1.71,88,44      0.23,12,15      0.00,54,60      41.76,76,26      0.49,20,25      3.31,48,12      16.52,70,37      22.69,80,56      6.93,94,89      41.76,76,26      2.63,63,39      1.03,52,21      39.1%,17,8      1.60,22,44      60.9%,17,8      24.71,73,22      146.99,71,21      77.25,78,33      1.98,81,58      1.29,71,58      2.40,68,54      1.26,68,72      32.13,76,35      0.00,53,52      1.56,20,12      1.52,80,62      0.19,93,62      0.08,89,94      0.00,52,53      0.00,51,51      3.81,73,24      1.41,50,84      3.16,37,7      30.8%,32,43       https://fbref.com/req/202302030/images/headshots/178ae8f8_2022.jpg
Fabinho
MF      0.19,80      0.04,29      0.23,63      0.12,68      0.08,96      0.08,96      0.27,23      0.00,54      0.15,76      0.09,58      0.05,25      0.14,40      0.70,16      5.21,66      1.44,33      0.74,23      0.27,41      36.8%,73      0.16,88      0.43,83      19.90,61      0.08,75      0.14,92      +0.04,80      +0.02,72      52.51,83      60.29,78      87.1%,86      848.70,81      222.16,72      26.29,83      28.82,83      91.2%,84      21.31,84      23.65,85      90.1%,85      3.66,63      5.25,54      69.6%,75      0.07,44      0.62,21      5.87,87      0.47,24      0.04,19      59.31,83      0.89,23      0.89,58      0.19,55      0.16,33      0.23,13      0.00,5      0.00,22      0.00,28      0.00,28      0.00,43      0.08,71      0.66,77      2.06,33      1.63,43      0.00,23      0.00,13      0.12,51      0.23,80      0.08,75      0.19,45      0.12,37      0.00,37      0.00,40      0.08,96      0.00,41      0.00,46      1.79,36      0.97,36      0.66,27      0.89,54      0.23,50      0.93,57      2.72,79      34.3%,30      1.79,17      1.28,54      0.39,77      0.89,43      1.52,84      3.31,59      0.97,41      0.04,32      69.54,76      1.63,31      13.34,57      45.70,90      10.93,23      0.82,25      69.46,75      0.58,9      0.43,15      73.3%,85      0.16,93      26.7%,85      36.64,72      153.75,47      72.89,46      1.05,34      0.04,13      0.93,88      0.51,89      47.88,78      0.00,52      1.56,21      1.09,55      0.00,77      0.00,42      0.00,59      0.00,51      7.51,79      1.67,84      0.93,62      64.2%,92       https://fbref.com/req/202302030/images/headshots/7f3b388c_2022.jpg
Thiago Alcántara
MF      0.06,47      0.23,92      0.29,74      0.06,49      0.00,46      0.00,45      0.12,65      0.00,54      0.11,61      0.11,67      0.13,74      0.25,72      1.41,45      12.56,99      2.64,54      1.47,66      0.35,51      24.0%,30      0.04,42      0.17,42      19.30,68      0.00,32      0.08,65      -0.05,18      -0.05,17      78.62,99      88.47,99      88.9%,91      1451.32,99      419.49,99      33.62,98      36.61,98      91.8%,85      34.85,99      37.55,99      92.8%,94      8.80,97      11.15,94      78.9%,93      0.10,66      1.70,88      12.38,99      1.53,87      0.06,28      87.30,99      1.06,30      0.59,40      0.23,65      1.00,96      0.23,14      0.23,52      0.06,49      0.00,28      0.06,60      0.00,43      0.12,57      0.76,61      3.93,90      3.34,96      0.00,23      0.06,34      0.41,98      0.06,34      0.06,64      0.35,78      0.35,86      0.00,37      0.00,40      0.00,35      0.00,41      0.00,46      2.82,84      1.70,87      0.82,46      1.41,90      0.59,95      0.59,25      2.46,70      23.8%,6      1.88,13      1.29,55      0.12,30      1.17,68      1.53,85      4.34,88      0.76,23      0.12,5      99.74,99      1.88,40      14.49,68      64.89,99      21.24,80      1.17,39      99.74,99      1.88,59      1.17,61      62.5%,53      0.70,41      37.5%,53      60.96,99      293.53,99      140.40,94      2.52,91      0.06,19      0.94,87      0.76,68      75.04,99      0.00,52      1.11,56      0.76,29      0.00,77      0.00,42      0.00,59      0.00,51      7.39,77      1.82,88      0.70,76      72.1%,99       https://fbref.com/req/202302030/images/headshots/77e84962_2022.jpg
Naby Keïta
MF      0.23,86      0.08,44      0.31,77      0.23,88      0.00,46      0.00,45      0.23,33      0.00,54      0.17,83      0.17,84      0.15,80      0.31,83      2.99,85      5.75,75      3.22,61      1.99,84      0.54,72      26.9%,41      0.12,81      0.43,83      22.60,31      0.00,32      0.08,65      +0.06,87      +0.06,87      49.34,78      58.08,73      84.9%,78      701.36,64      191.89,58      29.16,89      32.61,91      89.4%,68      16.80,67      19.26,66      87.3%,66      1.69,25      2.53,13      66.7%,67      0.16,88      1.15,59      4.30,66      1.61,92      0.00,9      56.85,79      1.07,33      0.00,2      0.46,90      0.00,4      0.61,30      0.31,61      0.00,22      0.00,28      0.00,28      0.00,43      0.15,46      1.23,21      3.53,84      2.99,90      0.00,23      0.00,13      0.31,92      0.00,11      0.23,99      0.46,89      0.38,88      0.00,37      0.00,40      0.08,96      0.00,41      0.00,46      3.53,99      1.76,88      1.30,88      1.46,92      0.77,99      1.99,99      3.22,90      61.9%,96      1.23,53      2.53,99      0.15,35      2.38,99      1.07,61      4.60,93      0.61,13      0.00,71      71.59,81      1.00,13      9.28,29      39.74,79      23.25,86      2.30,73      71.59,81      1.84,57      1.15,59      62.5%,53      0.69,43      37.5%,53      39.44,79      216.29,82      122.15,89      2.30,87      0.61,79      2.30,20      0.77,67      50.49,81      0.00,52      1.61,18      0.69,24      0.00,77      0.00,42      0.00,59      0.00,51      5.22,25      0.46,18      1.15,42      28.6%,9       https://fbref.com/req/202302030/images/headshots/f25c8e3a_2022.jpg
Ibrahima Konaté
CB      0.00,18      0.00,33      0.00,14      0.00,18      0.00,50      0.00,50      0.18,49      0.00,59      0.02,14      0.02,14      0.00,6      0.02,6      0.64,60      4.64,82      0.18,50      0.36,29      0.00,6      0.0%,6      0.00,18      11.50,46      0.00,47      0.05,12      -0.02,35      -0.02,35      60.27,83      68.55,78      87.9%,81      1094.73,77      462.91,92      21.55,78      23.36,76      92.2%,78      34.45,87      37.27,87      92.4%,66      3.45,33      6.09,23      56.7%,57      0.02,43      0.00,2      4.27,78      0.45,87      0.00,32      67.73,82      0.64,4      0.45,10      0.18,93      0.09,15      0.00,12      0.18,33      0.00,49      0.00,49      0.00,50      0.00,50      0.18,20      0.09,94      0.55,36      0.45,36      0.00,34      0.00,38      0.00,14      0.00,38      0.09,96      0.27,96      0.27,99      0.00,47      0.00,48      0.00,35      0.00,46      0.00,48      1.45,61      0.91,66      0.82,49      0.55,72      0.09,67      0.64,51      0.91,38      70.0%,81      0.27,76      1.18,40      0.82,49      0.36,44      1.45,75      2.91,64      3.36,35      0.09,25      77.73,80      6.27,18      31.00,49      45.09,88      1.82,23      0.55,14      77.73,80      0.27,55      0.18,50      66.7%,41      0.09,38      33.3%,41      45.18,72      207.82,69      133.36,80      0.18,29      0.00,30      0.36,51      0.09,67      52.82,75      0.00,54      0.91,38      0.27,29      0.00,75      0.00,47      0.00,67      0.00,57      5.82,69      3.09,76      1.73,31      64.2%,61       https://fbref.com/req/202302030/images/headshots/5ed9b537_2022.jpg
Luis Díaz
AM      0.38,78      0.28,81      0.66,83      0.38,80      0.00,40      0.00,38      0.00,92      0.00,53      0.34,81      0.34,84      0.24,85      0.58,88      4.98,93      3.57,60      11.93,93      3.57,98      1.22,92      34.2%,42      0.11,52      0.31,45      16.70,60      0.00,27      0.09,38      +0.04,63      +0.04,63      36.83,83      42.75,74      86.2%,98      507.87,78      102.68,58      22.55,85      24.80,84      90.9%,92      10.90,84      12.49,74      87.2%,94      2.07,62      2.35,33      88.0%,99      0.14,60      1.88,79      1.32,35      2.07,92      0.38,79      42.56,83      0.19,4      0.00,6      0.00,4      0.19,56      1.32,21      0.19,31      0.00,12      0.00,19      0.00,23      0.00,42      0.00,96      1.03,58      5.64,98      3.85,96      0.00,18      1.03,98      0.56,98      0.09,21      0.09,88      0.38,56      0.28,69      0.00,37      0.00,30      0.09,93      0.00,31      0.00,46      0.85,21      0.66,46      0.28,21      0.47,44      0.09,12      0.19,13      0.75,11      25.0%,26      0.56,84      0.66,21      0.00,13      0.66,30      0.38,29      1.22,19      0.19,11      0.00,60      55.90,80      0.38,16      3.01,8      20.57,67      32.79,88      7.23,90      55.90,80      4.60,87      2.91,94      63.3%,87      1.69,35      36.7%,87      37.48,87      254.78,92      121.47,87      2.07,63      2.91,97      2.54,51      2.44,11      44.72,87      0.00,52      1.32,21      1.32,48      0.28,48      0.00,37      0.00,53      0.00,51      5.07,67      1.41,85      1.50,37      48.4%,92       https://fbref.com/req/202302030/images/headshots/4a1a9578_2022.jpg
Roberto Firmino
FW      0.45,83      0.36,96      0.82,98      0.45,88      0.00,32      0.00,30      0.27,19      0.00,55      0.43,78      0.43,81      0.15,70      0.58,84      2.45,65      3.64,81      9.09,89      2.73,75      1.00,73      36.7%,56      0.17,85      0.45,88      15.30,42      0.00,39      0.16,83      +0.03,75      +0.03,76      35.45,94      45.55,94      77.8%,88      466.55,94      107.09,93      21.55,94      24.18,94      89.1%,94      9.73,94      13.64,98      71.3%,52      1.36,83      1.91,76      71.4%,91      0.15,86      1.45,80      2.82,98      1.09,78      0.09,63      44.18,98      1.36,65      0.09,70      0.45,91      0.18,76      0.73,55      0.64,98      0.00,37      0.00,40      0.00,42      0.00,48      0.00,92      1.45,7      3.64,86      3.18,96      0.00,34      0.09,27      0.27,47      0.09,16      0.00,28      0.45,80      0.36,89      0.00,44      0.00,29      0.09,88      0.00,27      0.00,44      2.09,99      1.27,99      0.45,84      0.73,94      0.91,99      0.27,66      1.45,86      18.8%,24      1.18,11      1.82,99      0.00,11      1.82,99      0.36,65      2.45,99      0.27,14      0.00,54      60.36,98      0.36,17      4.45,75      27.45,98      29.27,93      6.18,86      60.36,98      3.00,80      1.55,76      51.5%,53      1.45,27      48.5%,53      33.64,93      171.09,81      80.27,80      2.18,86      0.55,30      3.00,42      2.27,12      45.45,96      0.00,53      0.64,88      0.55,6      0.27,83      0.00,30      0.00,52      0.00,51      4.82,94      1.27,42      2.45,58      34.1%,42       https://fbref.com/req/202302030/images/headshots/4c370d81_2022.jpg
Curtis Jones
MF      0.11,65      0.11,66      0.21,61      0.11,66      0.00,46      0.00,45      0.00,96      0.00,54      0.10,55      0.10,60      0.06,32      0.16,50      2.64,78      6.13,80      5.71,83      2.12,89      0.74,89      35.0%,71      0.05,47      0.14,40      23.20,28      0.00,32      0.05,29      +0.01,64      +0.01,64      56.90,88      63.35,87      89.8%,96      867.00,83      191.53,58      30.56,92      32.26,90      94.8%,99      21.57,85      23.16,84      93.2%,95      3.28,60      4.65,47      70.5%,77      0.05,27      1.16,62      5.61,83      1.06,67      0.11,45      61.55,88      1.69,49      0.53,36      0.11,31      0.32,58      0.63,33      0.53,80      0.42,65      0.00,28      0.21,75      0.00,43      0.11,61      1.06,36      2.96,70      1.80,50      0.11,59      0.21,75      0.32,93      0.32,93      0.21,98      0.32,71      0.21,67      0.00,37      0.00,40      0.11,97      0.00,41      0.00,46      1.16,12      0.95,34      0.32,8      0.63,28      0.21,46      0.11,1      1.06,5      10.0%,1      0.95,75      0.42,1      0.00,3      0.42,3      0.63,20      1.80,8      0.42,4      0.00,71      72.44,86      0.85,8      8.99,26      40.19,81      23.90,88      1.80,60      72.44,86      3.49,92      2.64,98      75.8%,89      0.85,31      24.2%,89      50.34,95      272.01,94      121.83,88      1.90,77      0.32,63      1.80,36      1.90,11      59.75,94      0.00,52      1.16,49      2.01,91      0.11,30      0.00,42      0.00,59      0.00,51      5.71,35      0.74,47      0.74,73      50.0%,65       https://fbref.com/req/202302030/images/headshots/4fb9c88f_2022.jpgForbidden File Requested (403 error)