
Ederson
GK      0.70,94      2.24,2      1.54,2      69.9%,52      0.76,98      0.16,21      0.08,6      0.54,94      54.1%,94      0.03,10      0.03,87      0.00,37      0.00,37      0.0%,37      0.00,77      0.03,98      0.00,88      0.69,94      0.30,75      -0.01,77      2.35,2      4.92,2      47.8%,98      26.70,67      4.46,40      15.7%,2      25.7,6      3.73,2      19.6%,2      26.8,10      8.11,2      0.57,17      7.0%,71      1.49,79      19.0,98       https://fbref.com/req/202302030/images/headshots/3bb7b8b4_2022.jpg
João Cancelo
FB      0.03,49      0.20,88      0.22,86      0.03,49      0.00,50      0.00,50      0.20,34      0.00,55      0.11,89      0.11,89      0.15,84      0.26,88      3.49,93      9.96,99      7.53,88      2.26,99      0.64,98      28.4%,64      0.01,49      0.04,44      22.00,20      0.03,82      0.05,35      -0.08,1      -0.08,1      78.34,98      93.85,99      83.5%,95      1242.15,97      351.97,90      44.90,98      48.30,98      93.0%,95      26.16,95      31.52,94      83.0%,79      5.80,94      9.65,89      60.1%,92      0.18,92      1.09,69      8.59,97      2.68,98      0.33,45      84.20,98      9.43,53      1.53,89      0.59,99      1.14,97      3.46,67      7.86,47      0.03,50      0.03,60      0.00,31      0.00,47      0.22,29      1.65,19      3.51,89      2.73,93      0.03,19      0.22,92      0.45,98      0.06,44      0.03,58      0.50,93      0.36,92      0.03,62      0.03,84      0.08,94      0.00,40      0.00,47      2.31,63      1.51,72      0.92,29      0.98,88      0.42,94      1.28,69      2.54,79      50.5%,29      1.26,16      0.70,6      0.08,3      0.61,24      1.65,84      3.96,72      1.26,8      0.03,44      105.12,99      1.87,6      17.24,32      53.86,99      34.72,98      2.82,86      105.12,99      2.96,93      1.56,90      52.8%,49      1.39,3      47.2%,49      67.24,99      315.52,99      161.34,99      3.60,99      1.00,95      1.26,42      0.67,37      76.67,99      0.00,53      0.95,50      0.73,49      0.06,47      0.00,46      0.00,68      0.00,56      6.05,72      1.59,73      1.42,24      52.8%,60       https://fbref.com/req/202302030/images/headshots/bd6351cd_2022.jpg
Rodri
MF      0.22,83      0.06,42      0.28,72      0.22,85      0.00,46      0.00,45      0.16,59      0.00,54      0.07,47      0.07,49      0.04,17      0.12,24      1.34,42      8.89,98      1.47,35      1.40,61      0.44,63      31.1%,54      0.16,88      0.50,91      19.80,63      0.00,32      0.05,29      +0.15,96      +0.15,96      82.39,99      90.09,99      91.4%,98      1505.19,99      352.64,96      34.55,99      36.98,99      93.4%,94      37.67,99      39.66,99      95.0%,99      9.17,98      11.17,95      82.1%,98      0.08,51      0.91,43      8.86,99      1.15,75      0.09,42      88.53,99      1.37,42      1.15,71      0.12,39      0.78,92      0.28,15      0.22,50      0.00,22      0.00,28      0.00,28      0.00,43      0.19,30      0.50,88      2.90,66      2.56,82      0.03,46      0.03,26      0.16,65      0.03,25      0.09,85      0.19,42      0.19,59      0.00,37      0.00,40      0.00,35      0.00,41      0.00,46      2.25,63      1.34,71      0.75,31      1.19,78      0.31,71      1.00,64      1.84,33      54.2%,91      0.84,83      0.87,20      0.16,36      0.72,24      0.87,39      3.12,54      1.40,69      0.00,71      98.96,99      2.81,73      18.26,92      61.95,99      19.41,71      1.81,62      98.96,99      0.69,14      0.37,10      54.5%,31      0.31,79      45.5%,31      62.51,99      265.66,92      139.59,93      1.69,69      0.22,51      0.56,96      0.72,74      75.80,99      0.00,52      1.34,35      0.62,21      0.00,77      0.00,42      0.00,59      0.00,51      9.11,98      2.65,98      1.03,54      72.0%,99       https://fbref.com/req/202302030/images/headshots/6434f10d_2022.jpg
Bernardo Silva
MF,FW      0.25,88,37      0.13,74,47      0.38,88,39      0.25,90,45      0.00,46,32      0.00,45,30      0.19,49,42      0.00,54,55      0.21,87,14      0.21,89,19      0.20,92,88      0.42,94,48      4.60,99,96      5.36,71,99      8.73,98,88      1.48,67,4      0.60,80,17      40.4%,83,70      0.17,91,85      0.42,81,84      12.60,99,89      0.00,32,39      0.14,92,62      +0.04,79,80      +0.04,80,81      54.43,84,99      62.28,84,99      87.4%,87,99      773.43,70,99      140.28,37,99      32.35,96,99      35.06,96,99      92.3%,88,98      17.11,69,99      19.34,67,99      88.4%,71,98      2.30,39,91      3.43,27,89      67.0%,69,81      0.13,77,75      1.86,91,96      3.34,50,99      1.32,80,86      0.19,64,80      59.44,84,99      2.74,67,94      0.82,50,99      0.19,54,65      0.16,34,73      1.83,58,84      0.88,90,99      0.50,67,91      0.03,57,81      0.00,28,42      0.00,43,48      0.09,63,65      1.01,39,39      4.32,95,98      3.47,98,98      0.06,52,81      0.32,88,73      0.28,88,52      0.19,74,45      0.00,20,28      0.54,94,89      0.41,94,93      0.03,76,91      0.00,40,29      0.06,92,65      0.03,82,60      0.00,46,44      1.80,37,98      0.91,32,94      0.60,23,93      0.60,23,84      0.60,96,96      0.98,61,99      2.11,50,98      46.3%,73,94      1.13,60,17      0.76,13,50      0.06,16,42      0.69,22,39      0.63,19,96      2.43,29,98      0.60,13,45      0.00,71,54      71.92,82,99      1.13,16,66      9.14,28,99      31.79,58,99      31.56,99,96      5.64,99,80      71.92,82,99      2.90,82,73      1.67,86,81      57.6%,39,74      1.23,17,39      42.4%,39,74      48.89,92,99      293.12,98,98      157.82,97,98      3.21,96,96      1.07,92,65      1.70,39,91      0.79,63,88      55.63,88,99      0.00,52,53      0.95,72,65      1.04,49,37      0.28,11,80      0.03,86,65      0.00,59,52      0.00,51,51      4.91,15,96      0.22,3,4      0.47,94,99      31.8%,17,37       https://fbref.com/req/202302030/images/headshots/3eb22ec9_2022.jpg
Aymeric Laporte
CB      0.13,91      0.00,33      0.13,80      0.13,91      0.00,50      0.00,50      0.16,61      0.03,15      0.16,99      0.16,99      0.02,52      0.18,97      1.62,92      8.62,99      0.25,64      1.11,96      0.22,77      20.0%,28      0.11,64      0.57,72      11.60,44      0.00,47      0.14,86      -0.03,25      -0.03,25      88.54,99      93.56,99      94.6%,99      1706.02,99      558.49,98      29.69,92      30.74,91      96.6%,98      50.12,99      51.68,99      97.0%,99      7.99,96      10.06,82      79.4%,98      0.04,81      0.29,66      9.83,99      0.29,69      0.06,80      91.91,99      1.59,43      1.18,52      0.13,85      0.70,85      0.16,62      0.41,56      0.00,49      0.00,49      0.00,50      0.00,50      0.06,70      0.06,97      1.27,85      1.08,92      0.00,34      0.03,81      0.13,78      0.03,80      0.00,31      0.19,91      0.10,78      0.00,47      0.00,48      0.06,93      0.03,94      0.00,48      1.05,31      0.48,18      0.70,36      0.32,38      0.03,39      0.45,27      0.64,17      70.0%,81      0.19,87      0.48,2      0.32,4      0.16,9      0.64,7      1.69,15      2.04,2      0.06,41      99.77,99      6.68,25      33.35,64      61.64,99      5.03,75      1.34,71      99.77,99      0.25,52      0.19,51      75.0%,54      0.06,52      25.0%,54      73.99,99      407.32,98      294.57,99      1.56,92      0.00,30      0.13,98      0.22,28      81.15,99      0.00,54      0.45,82      0.32,33      0.06,25      0.03,97      0.00,67      0.00,57      5.79,67      1.65,14      1.02,85      61.9%,52       https://fbref.com/req/202302030/images/headshots/119b9a8e_2022.jpg
Rúben Dias
CB      0.07,67      0.15,99      0.22,98      0.07,67      0.00,50      0.00,50      0.19,48      0.00,59      0.10,94      0.10,94      0.12,98      0.22,99      1.24,86      5.21,88      0.15,40      0.67,76      0.11,39      16.7%,22      0.11,64      0.67,77      11.80,43      0.00,47      0.15,90      -0.03,28      -0.03,28      79.92,97      85.69,97      93.3%,98      1499.46,97      472.63,93      27.80,90      29.45,90      94.4%,92      45.00,98      46.76,98      96.2%,98      6.48,82      8.17,52      79.4%,98      0.07,94      0.56,93      7.83,98      0.11,49      0.00,32      83.67,97      1.95,57      1.35,62      0.04,59      0.22,36      0.11,59      0.56,66      0.00,49      0.00,49      0.00,50      0.00,50      0.07,64      0.30,62      1.35,90      1.16,96      0.00,34      0.00,38      0.15,83      0.00,38      0.04,81      0.26,93      0.19,96      0.00,47      0.00,48      0.07,96      0.00,46      0.00,48      0.97,28      0.71,40      0.41,12      0.45,66      0.11,77      0.30,10      0.56,14      53.3%,27      0.26,78      0.71,8      0.49,19      0.22,20      0.86,20      1.84,23      2.47,10      0.00,81      92.59,96      5.66,12      29.11,35      60.17,98      3.45,64      1.24,66      92.59,96      0.15,31      0.07,25      50.0%,21      0.07,46      50.0%,21      64.26,97      354.75,96      241.60,97      0.64,70      0.00,30      0.34,56      0.11,56      74.08,98      0.00,54      1.01,22      0.34,38      0.07,23      0.00,47      0.00,67      0.00,57      4.05,13      1.87,24      1.39,57      57.5%,35       https://fbref.com/req/202302030/images/headshots/31c69ef1_2022.jpg
Kevin De Bruyne
MF,AM      0.61,99,96      0.33,97,90      0.94,99,97      0.61,99,98      0.00,46,40      0.00,45,38      0.08,83,65      0.00,54,53      0.23,90,54      0.23,92,58      0.43,99,99      0.66,99,90      3.43,90,63      8.34,96,99      7.16,94,52      3.19,99,92      1.27,99,93      39.7%,80,71      0.19,94,88      0.48,89,86      19.20,69,28      0.29,93,88      0.07,56,14      +0.38,99,99      +0.38,99,99      47.84,74,97      64.12,88,99      74.6%,27,51      815.68,76,98      219.38,71,97      23.76,76,94      27.11,79,94      87.6%,52,81      17.75,72,98      22.82,80,99      77.8%,25,57      4.99,81,97      10.18,91,98      49.0%,25,47      0.31,99,99      3.56,99,99      5.85,85,98      2.66,99,99      0.41,90,88      56.80,79,97      6.91,92,98      2.00,88,97      0.82,99,98      0.78,91,93      7.36,97,98      0.82,88,85      3.93,97,96      1.80,97,94      0.61,88,83      0.12,96,96      0.41,4,7      1.19,25,42      6.22,99,99      4.29,99,98      1.23,97,99      0.20,72,43      0.37,96,81      0.12,61,28      0.00,20,25      0.57,96,85      0.41,92,83      0.12,98,97      0.04,87,69      0.00,35,23      0.00,41,31      0.00,46,46      1.31,19,53      0.65,15,44      0.16,1,10      0.61,25,57      0.53,92,94      0.49,16,56      1.51,19,54      32.4%,27,57      1.02,67,44      1.31,56,84      0.08,21,66      1.23,74,42      0.25,1,15      1.55,5,38      0.65,16,61      0.00,71,60      74.46,88,99      1.02,14,62      5.19,7,47      28.01,47,92      41.99,99,98      4.38,97,66      74.46,88,99      2.25,72,26      1.27,64,30      56.4%,37,66      0.98,26,71      43.6%,37,65      46.04,86,98      220.69,83,80      131.38,90,90      3.48,98,96      0.82,86,34      1.64,42,87      0.82,60,93      55.20,85,98      0.00,52,52      0.86,76,58      1.10,57,34      0.16,19,67      0.00,42,37      0.00,59,53      0.00,51,51      4.66,14,57      0.45,14,31      0.74,74,88      37.9%,29,71       https://fbref.com/req/202302030/images/headshots/e46012d4_2022.jpg
Phil Foden
AM,FW      0.38,79,73      0.21,73,78      0.59,80,80      0.38,81,78      0.00,40,32      0.00,38,30      0.04,81,84      0.00,53,55      0.40,88,70      0.40,89,76      0.27,92,96      0.66,92,89      3.00,44,80      4.14,67,86      10.49,87,96      2.41,62,60      0.93,71,66      38.6%,64,65      0.16,79,79      0.41,76,82      14.50,88,58      0.00,27,39      0.17,91,90      -0.02,40,58      -0.02,40,57      37.26,85,96      46.61,84,98      79.9%,80,89      545.96,84,98      110.85,67,94      22.92,88,96      25.16,85,96      91.1%,94,96      9.94,74,96      12.43,72,96      79.9%,70,86      2.37,70,93      4.86,71,99      48.7%,46,27      0.22,93,99      1.69,69,93      2.11,70,88      1.56,71,89      0.38,81,94      42.08,81,94      4.40,84,99      0.80,78,98      0.30,67,81      0.34,72,89      5.58,90,99      0.30,48,70      2.75,90,99      1.35,84,99      0.97,94,99      0.00,42,48      0.13,60,53      1.35,19,11      3.76,69,91      2.66,67,88      0.55,81,99      0.13,20,34      0.30,69,55      0.08,19,14      0.04,63,63      0.55,81,91      0.34,79,86      0.13,98,99      0.00,30,29      0.08,90,84      0.00,31,27      0.00,46,44      0.68,16,35      0.34,12,30      0.42,47,81      0.17,7,12      0.08,10,12      0.30,28,71      0.72,10,39      41.2%,82,89      0.42,97,73      0.38,4,6      0.00,13,11      0.38,6,11      0.47,42,84      1.14,16,48      0.21,12,11      0.00,60,54      55.11,74,94      0.25,10,12      2.79,6,30      18.02,48,80      34.68,92,98      5.79,84,83      55.11,74,94      2.45,33,57      1.56,57,78      63.8%,89,93      0.89,83,60      36.2%,89,93      36.88,84,96      187.61,53,88      82.09,40,84      1.82,44,76      1.65,78,89      2.03,72,84      1.44,53,52      43.27,81,94      0.00,52,53      0.63,79,89      0.97,26,34      0.59,10,43      0.00,37,30      0.00,53,52      0.00,51,51      3.51,10,61      0.21,8,2      1.14,54,89      15.6%,4,2       https://fbref.com/req/202302030/images/headshots/ed1e53f3_2022.jpg
Raheem Sterling
AM      0.55,93      0.21,73      0.76,90      0.47,89      0.08,90      0.13,93      0.04,81      0.00,53      0.59,96      0.49,96      0.23,80      0.72,97      4.57,90      2.75,42      13.41,97      2.28,57      1.06,80      46.3%,92      0.20,92      0.44,81      14.00,92      0.00,27      0.21,99      -0.04,29      -0.02,39      30.20,70      37.22,60      81.1%,85      386.56,53      73.13,30      20.26,81      22.29,78      90.9%,92      7.78,52      9.56,44      81.4%,78      0.59,12      1.23,8      48.3%,44      0.19,85      1.78,74      0.63,4      2.03,87      0.38,81      36.50,70      0.47,13      0.13,28      0.17,44      0.08,26      2.11,47      0.17,25      0.08,34      0.04,42      0.00,23      0.00,42      0.25,20      1.27,28      3.93,72      3.05,81      0.04,40      0.51,87      0.17,35      0.17,43      0.00,25      0.42,66      0.21,46      0.00,37      0.00,30      0.08,90      0.13,97      0.00,46      0.97,30      0.42,21      0.13,6      0.47,42      0.38,76      0.42,52      0.97,21      43.5%,87      0.55,85      0.51,13      0.00,13      0.51,17      0.51,49      1.48,33      0.13,6      0.00,60      49.61,66      0.34,12      2.16,2      14.34,16      33.71,89      8.08,98      49.48,65      4.74,89      2.24,84      47.3%,33      2.50,11      52.7%,33      37.47,85      224.03,88      108.86,79      2.28,76      2.75,94      2.62,47      2.28,15      41.91,78      0.00,52      0.80,69      1.56,66      0.42,29      0.08,97      0.00,53      0.00,51      3.64,15      0.17,4      0.76,84      18.2%,8       https://fbref.com/req/202302030/images/headshots/b400bde0_2022.jpg
Jack Grealish
AM,FW      0.14,29,17      0.14,43,57      0.28,25,17      0.14,31,20      0.00,40,32      0.00,38,30      0.14,42,53      0.00,53,55      0.25,58,25      0.25,65,30      0.28,96,99      0.53,80,76      7.19,99,99      4.70,78,96      12.55,96,99      2.12,49,34      0.75,49,34      35.6%,47,48      0.07,26,20      0.19,20,17      14.60,87,56      0.00,27,39      0.12,67,34      -0.11,11,25      -0.11,11,24      39.17,90,98      45.66,83,96      85.8%,97,98      530.17,81,96      101.05,57,86      25.53,97,98      27.18,96,98      93.9%,98,99      10.82,83,98      12.23,70,94      88.5%,97,99      1.41,47,86      1.97,26,78      71.4%,95,91      0.22,92,98      2.49,97,99      1.41,43,68      2.02,85,94      0.05,11,37      44.11,85,96      1.41,46,66      0.24,49,89      0.09,24,32      0.09,34,57      1.50,29,75      0.38,62,84      0.47,53,89      0.14,49,93      0.05,49,84      0.00,42,48      0.14,54,43      1.74,7,1      5.60,97,99      4.61,99,99      0.05,43,78      0.19,37,50      0.24,44,40      0.47,96,93      0.05,67,66      0.28,38,43      0.28,70,76      0.00,37,44      0.00,30,29      0.00,23,21      0.00,31,27      0.00,46,44      0.85,22,52      0.80,62,88      0.19,11,52      0.47,46,71      0.19,35,30      0.24,20,55      0.61,3,29      38.5%,76,84      0.38,98,80      0.52,15,17      0.05,39,32      0.47,11,1      0.38,30,71      1.22,20,53      0.33,28,20      0.00,60,54      55.16,75,96      0.71,44,37      3.20,11,45      16.88,39,71      35.78,94,99      7.62,93,96      55.16,75,96      3.20,60,83      1.88,71,88      58.8%,72,80      1.32,56,30      41.2%,72,80      42.60,93,98      343.64,99,99      184.09,99,99      3.48,97,98      3.90,99,99      1.46,92,93      1.36,58,58      46.88,92,98      0.00,52,53      0.80,70,75      2.59,97,96      0.24,53,88      0.00,37,30      0.00,53,52      0.00,51,51      2.96,3,43      0.66,48,17      1.32,47,88      33.3%,49,40       https://fbref.com/req/202302030/images/headshots/b0b4fd3e_2022.jpg
Gabriel Jesus
AM,FW      0.38,80,75      0.38,93,98      0.77,92,94      0.34,71,70      0.05,85,80      0.05,83,75      0.05,76,83      0.00,53,55      0.47,90,84      0.43,92,84      0.27,93,98      0.70,94,96      2.45,33,63      2.64,33,75      10.55,90,98      3.02,87,86      0.96,74,70      31.7%,35,25      0.11,52,49      0.35,63,68      13.80,93,70      0.00,27,39      0.14,82,62      -0.09,13,30      -0.10,13,25      30.54,71,93      36.92,57,89      82.7%,92,96      405.70,58,88      67.56,26,78      19.08,76,93      21.91,76,93      87.1%,71,88      8.39,60,88      9.88,48,84      85.0%,88,96      1.01,25,73      1.49,19,65      67.7%,88,83      0.17,72,89      1.82,78,94      0.72,7,29      1.44,67,88      0.19,42,81      35.91,63,89      0.96,25,43      0.05,17,50      0.19,49,66      0.24,62,84      1.15,12,65      0.29,46,68      0.00,12,37      0.00,19,40      0.00,23,42      0.00,42,48      0.05,88,81      0.91,75,52      4.08,78,94      2.69,70,89      0.00,18,34      0.77,96,98      0.34,78,75      0.19,51,48      0.10,89,88      0.86,98,99      0.53,94,99      0.00,37,44      0.10,92,88      0.05,60,48      0.10,96,93      0.10,99,96      0.86,24,55      0.58,28,66      0.10,3,30      0.19,11,16      0.58,98,94      0.29,26,68      1.25,40,76      23.1%,21,39      0.96,49,25      0.86,46,61      0.00,13,11      0.86,51,52      0.72,76,98      1.58,40,81      0.38,35,29      0.00,60,54      49.05,57,89      0.58,31,27      3.88,19,61      15.10,24,57      30.40,85,94      7.72,97,99      49.00,57,89      3.40,63,86      2.21,80,93      64.8%,92,94      1.20,60,42      35.2%,92,94      31.98,70,88      174.39,37,83      71.97,28,75      0.96,7,43      1.53,72,88      3.16,21,34      1.29,63,66      38.26,72,91      0.00,52,53      1.25,29,43      1.25,42,58      0.48,22,60      0.10,99,93      0.00,53,52      0.00,51,51      3.64,16,68      1.01,74,34      1.73,31,81      36.8%,61,53       https://fbref.com/req/202302030/images/headshots/b66315ae_2022.jpg
İlkay Gündoğan
MF      0.39,96      0.19,88      0.58,97      0.39,96      0.00,46      0.00,45      0.05,88      0.00,54      0.44,99      0.44,99      0.24,96      0.67,99      2.91,82      6.11,79      5.19,77      2.67,98      0.87,94      32.7%,61      0.15,87      0.44,86      14.50,95      0.10,76      0.16,98      -0.05,20      -0.05,18      56.95,89      64.94,88      87.7%,88      903.73,86      196.48,62      29.47,90      31.41,88      93.8%,96      19.97,79      22.10,78      90.4%,88      5.09,83      7.32,79      69.5%,75      0.20,97      1.84,90      4.60,71      1.07,71      0.05,24      60.97,85      3.93,79      1.16,71      0.39,84      0.29,54      3.25,78      0.15,37      2.47,92      1.45,92      0.44,85      0.00,43      0.05,79      1.07,32      4.07,92      2.91,88      0.68,88      0.29,87      0.15,62      0.00,11      0.05,60      0.44,87      0.34,85      0.00,37      0.05,92      0.05,85      0.00,41      0.00,46      1.11,9      0.44,4      0.48,17      0.58,21      0.05,4      0.58,24      1.50,18      38.7%,47      0.92,78      0.53,3      0.05,12      0.48,6      0.73,27      1.84,8      0.48,9      0.00,71      73.76,88      1.21,20      7.61,19      38.05,75      29.03,97      3.97,94      73.76,88      1.70,51      1.16,60      68.6%,75      0.53,58      31.4%,75      43.72,83      229.10,85      99.45,78      2.18,82      0.63,82      1.21,72      0.92,50      58.59,91      0.00,52      0.63,91      0.48,13      0.10,35      0.00,42      0.00,59      0.00,51      5.33,28      0.53,23      0.58,86      47.8%,56       https://fbref.com/req/202302030/images/headshots/819b3158_2022.jpg
Kyle Walker
FB      0.00,24      0.10,63      0.10,46      0.00,24      0.00,50      0.00,50      0.05,84      0.00,55      0.02,19      0.02,19      0.07,34      0.08,21      2.21,58      7.49,95      3.33,38      0.41,29      0.10,40      25.0%,53      0.00,24      0.00,24      23.70,10      0.05,85      0.03,10      -0.02,44      -0.02,44      75.79,97      85.54,95      88.6%,98      1345.54,99      363.33,93      33.54,93      35.74,93      93.8%,97      34.46,99      37.54,99      91.8%,99      6.97,98      9.85,90      70.8%,97      0.11,69      0.56,21      9.13,99      0.87,46      0.21,27      77.85,97      7.33,23      0.82,59      0.10,72      1.44,98      1.79,34      6.51,23      0.00,24      0.00,30      0.00,31      0.00,47      0.36,7      0.62,95      2.31,68      2.05,76      0.00,9      0.00,16      0.10,76      0.15,84      0.00,29      0.21,56      0.15,59      0.00,31      0.00,41      0.00,41      0.05,86      0.00,47      0.77,1      0.31,1      0.36,2      0.36,8      0.05,7      0.41,5      0.87,6      47.1%,21      0.46,88      0.72,8      0.21,28      0.51,12      0.72,10      1.49,1      0.82,1      0.05,24      90.77,94      2.00,8      17.64,38      53.59,98      19.85,67      1.18,45      90.77,94      0.72,14      0.36,16      50.0%,35      0.36,77      50.0%,35      57.85,97      243.69,92      110.00,80      1.85,77      0.26,54      0.77,84      0.31,81      69.54,97      0.00,53      0.36,97      0.62,38      0.05,54      0.00,46      0.00,68      0.00,56      5.33,42      0.97,44      0.82,84      54.3%,64       https://fbref.com/req/202302030/images/headshots/86dd77d1_2022.jpg
Riyad Mahrez
AM      0.66,97      0.30,87      0.96,98      0.42,87      0.24,99      0.30,99      0.00,92      0.00,53      0.61,97      0.37,88      0.25,87      0.62,89      4.45,89      4.21,72      14.06,98      3.36,93      1.08,83      32.1%,37      0.13,62      0.39,74      17.90,47      0.36,92      0.11,59      +0.05,74      +0.05,70      46.68,96      56.90,94      82.0%,89      719.10,94      128.09,75      26.62,98      29.20,98      91.2%,96      15.86,94      18.81,94      84.3%,84      3.18,88      6.13,87      52.0%,57      0.23,94      2.34,94      1.62,54      2.04,89      0.36,75      50.59,93      5.95,94      0.66,75      0.42,84      0.36,79      5.83,94      1.08,93      4.21,98      2.52,99      0.00,23      0.06,90      0.36,11      0.84,83      4.39,84      3.30,89      0.72,90      0.06,8      0.24,47      0.06,11      0.00,25      0.60,88      0.42,85      0.12,94      0.00,30      0.06,67      0.00,31      0.00,46      0.66,12      0.18,2      0.30,25      0.24,17      0.12,17      0.30,30      1.14,33      26.3%,32      0.84,60      0.90,51      0.06,44      0.84,48      0.36,25      1.02,12      0.36,33      0.00,60      68.19,94      0.66,39      4.87,35      19.11,54      44.82,99      7.63,94      67.89,94      3.00,48      1.56,56      52.0%,56      1.44,52      48.0%,54      46.56,99      285.02,96      122.38,88      2.10,66      2.64,93      2.52,52      1.26,70      50.89,94      0.00,52      0.60,83      0.90,19      0.18,65      0.00,37      0.00,53      0.00,51      4.21,40      0.48,35      0.84,79      36.4%,57       https://fbref.com/req/202302030/images/headshots/892d5bb1_2022.jpg
John Stones
CB      0.08,70      0.00,33      0.08,54      0.08,70      0.00,50      0.00,50      0.00,96      0.00,59      0.07,79      0.07,79      0.02,44      0.09,61      2.25,98      5.07,87      0.56,83      0.72,78      0.40,97      55.6%,94      0.11,64      0.20,38      13.20,27      0.00,47      0.10,56      +0.01,65      +0.01,65      73.27,94      80.51,94      91.0%,96      1330.62,93      382.36,77      31.45,96      33.78,96      93.1%,88      34.26,86      36.60,85      93.6%,83      6.68,88      8.20,55      81.4%,99      0.02,54      0.32,71      6.60,96      0.32,72      0.00,32      77.53,93      2.82,76      1.05,40      0.00,24      0.48,65      0.24,73      1.69,85      0.00,49      0.00,49      0.00,50      0.00,50      0.16,33      0.48,33      1.05,75      0.97,82      0.00,34      0.00,38      0.08,59      0.00,38      0.00,31      0.08,54      0.00,20      0.00,47      0.00,48      0.08,97      0.00,46      0.00,48      0.40,2      0.24,2      0.24,3      0.16,12      0.00,17      0.16,1      0.24,1      66.7%,73      0.08,97      0.24,1      0.24,2      0.00,2      0.88,23      1.29,3      2.17,7      0.08,31      86.22,91      6.60,23      28.63,33      50.75,93      7.32,85      0.80,39      86.22,91      0.72,88      0.64,93      88.9%,75      0.08,45      11.1%,75      61.77,93      363.46,97      212.17,93      1.85,93      0.00,30      0.32,65      0.08,71      68.04,94      0.00,54      0.24,98      0.48,60      0.00,75      0.00,47      0.00,67      0.00,57      4.18,17      3.78,93      0.80,96      82.5%,99       https://fbref.com/req/202302030/images/headshots/5eecec3d_2022.jpg
Oleksandr Zinchenko
FB      0.00,24      0.34,94      0.34,92      0.00,24      0.00,50      0.00,50      0.00,95      0.00,55      0.04,63      0.04,63      0.23,95      0.28,89      2.75,79      9.71,98      7.56,89      1.03,84      0.34,85      33.3%,74      0.00,24      0.00,24      22.40,16      0.00,41      0.04,23      -0.04,18      -0.04,18      81.92,99      92.24,98      88.8%,99      1241.17,95      353.21,92      45.47,99      48.31,99      94.1%,99      30.43,98      33.27,98      91.5%,98      3.95,86      6.45,58      61.3%,93      0.21,97      1.38,82      8.94,98      1.89,95      0.43,64      84.84,99      7.22,20      0.86,64      0.17,88      0.43,77      2.66,50      5.93,19      0.43,73      0.00,30      0.17,75      0.00,47      0.17,51      1.29,45      3.95,94      3.27,98      0.26,68      0.26,94      0.09,63      0.00,14      0.09,92      0.95,99      0.69,99      0.00,31      0.09,97      0.09,95      0.00,40      0.09,99      1.72,31      1.20,42      0.60,15      0.86,72      0.26,67      0.95,39      1.72,40      55.0%,46      0.77,50      0.95,21      0.26,40      0.69,38      1.20,49      2.92,32      1.29,12      0.09,11      100.49,98      2.06,11      16.25,23      53.47,97      31.29,93      1.81,67      100.49,98      1.03,40      0.60,42      58.3%,66      0.43,68      41.7%,66      61.89,98      271.89,98      158.51,98      3.09,97      0.17,40      0.86,73      0.52,54      75.56,98      0.00,53      0.95,51      0.17,1      0.09,31      0.00,46      0.00,68      0.00,56      5.59,53      1.29,62      1.38,31      48.4%,45       https://fbref.com/req/202302030/images/headshots/51cf8561_2022.jpg
Fernandinho
MF      0.19,78      0.09,59      0.28,71      0.19,82      0.00,46      0.00,45      0.09,79      0.00,54      0.15,72      0.15,77      0.09,56      0.23,67      1.49,48      7.56,92      1.03,21      1.68,75      0.28,43      16.7%,14      0.11,77      0.67,94      16.70,87      0.00,32      0.09,74      +0.04,78      +0.04,78      69.65,98      78.61,97      88.6%,90      1196.89,98      357.48,97      32.12,96      34.36,94      93.5%,95      30.44,98      33.61,98      90.6%,88      5.23,84      7.38,80      70.9%,80      0.10,67      0.93,44      6.91,92      1.59,89      0.09,40      77.77,98      0.75,20      0.65,45      0.56,96      0.19,39      0.19,11      0.09,25      0.00,22      0.00,28      0.00,28      0.00,43      0.09,64      0.65,78      2.80,63      2.15,67      0.00,23      0.00,13      0.37,97      0.28,88      0.00,20      0.37,80      0.37,88      0.00,37      0.00,40      0.00,35      0.00,41      0.00,46      1.96,48      0.93,33      0.65,26      0.93,60      0.37,83      0.84,49      2.52,74      33.3%,29      1.68,22      0.75,13      0.19,45      0.56,11      0.75,28      2.71,39      1.21,59      0.09,9      86.55,97      3.27,83      16.06,77      58.07,98      12.79,40      1.59,53      86.55,97      1.03,26      0.84,42      81.8%,96      0.19,89      18.2%,96      59.47,98      273.64,95      138.45,92      1.68,68      0.00,5      0.56,97      0.65,78      69.27,98      0.00,52      1.31,36      0.93,40      0.00,77      0.00,42      0.00,59      0.00,51      7.94,88      2.05,89      1.40,27      59.5%,88       https://fbref.com/req/202302030/images/headshots/101da2b5_2022.jpg
Nathan Aké
CB      0.20,99      0.00,33      0.20,97      0.20,99      0.00,50      0.00,50      0.00,96      0.00,59      0.07,74      0.07,74      0.06,91      0.12,86      1.17,82      5.56,92      0.78,87      0.49,48      0.20,70      40.0%,78      0.40,98      1.00,87      7.30,95      0.00,47      0.13,80      +0.13,98      +0.13,98      77.62,96      85.61,96      90.7%,94      1287.11,92      442.10,88      36.37,99      38.91,98      93.5%,91      37.44,92      40.56,93      92.3%,64      2.83,18      4.10,6      69.0%,86      0.05,88      0.20,39      6.14,91      0.29,71      0.00,32      81.52,96      4.00,86      1.46,71      0.10,82      0.20,30      0.10,54      2.54,86      0.00,49      0.00,49      0.00,50      0.00,50      0.10,55      0.49,31      0.49,28      0.49,44      0.00,34      0.00,38      0.00,14      0.00,38      0.00,31      0.00,17      0.00,20      0.00,47      0.00,48      0.00,35      0.00,46      0.00,48      1.56,67      0.88,61      0.68,35      0.78,91      0.10,69      0.59,43      0.78,27      75.0%,90      0.20,85      0.68,7      0.49,20      0.20,14      0.78,15      2.34,43      2.24,8      0.00,81      93.22,97      5.46,9      32.37,61      51.19,94      10.04,93      0.98,49      93.22,97      0.20,39      0.00,7      0.0%,7      0.20,12      100.0%,7      66.01,98      324.99,93      210.42,92      1.17,86      0.00,30      0.39,48      0.29,19      72.25,96      0.00,54      0.88,43      0.20,9      0.00,75      0.00,47      0.00,67      0.00,57      4.19,18      3.61,91      1.17,77      75.5%,93       https://fbref.com/req/202302030/images/headshots/eaeca114_2022.jpg