
David de Gea
GK      1.13,82      3.74,16      2.61,30      71.1%,63      0.61,91      0.16,21      0.24,18      0.45,98      44.7%,98      0.08,23      0.05,82      0.03,52      0.00,39      33.3%,71      0.05,23      0.16,68      0.03,79      1.09,80      0.27,29      -0.02,63      3.71,63      11.82,48      31.4%,34      27.16,55      3.37,5      32.6%,45      32.3,50      4.71,13      63.1%,77      47.1,77      13.84,48      0.39,9      2.9%,13      0.84,23      14.8,41       https://fbref.com/req/202302030/images/headshots/7ba6d84e_2022.jpg
Bruno Fernandes
AM,MF      0.22,52,84      0.22,72,92      0.43,65,90      0.16,40,73      0.05,92,97      0.05,88,94      0.16,43,62      0.00,53,55      0.25,63,94      0.21,54,89      0.45,98,99      0.66,95,99      2.42,32,82      7.14,97,88      6.27,40,90      2.44,78,96      0.87,70,95      35.6%,48,69      0.07,30,53      0.19,29,45      20.80,13,41      0.16,86,88      0.09,35,63      -0.04,38,33      -0.05,32,29      40.66,92,62      55.10,95,71      73.8%,41,14      690.06,93,68      242.45,98,81      20.82,89,64      24.35,90,68      85.5%,54,27      13.43,90,49      17.18,92,56      78.2%,57,15      4.91,98,87      8.98,97,90      54.7%,56,39      0.29,97,99      3.23,98,99      4.02,93,61      2.42,96,98      0.27,64,76      49.89,94,70      4.94,87,88      0.87,78,57      0.95,98,99      0.98,97,92      3.83,79,90      0.65,79,80      2.25,85,92      0.54,70,82      0.62,84,91      0.05,87,90      0.27,13,20      1.76,8,3      5.94,98,99      4.45,98,99      0.71,85,90      0.22,48,80      0.33,77,95      0.24,74,86      0.00,21,21      0.49,77,88      0.43,88,90      0.00,36,40      0.00,25,39      0.03,55,72      0.03,65,73      0.00,43,44      1.85,72,36      1.14,75,41      0.65,63,32      0.68,60,23      0.52,89,92      0.81,77,44      1.93,75,51      42.3%,63,48      1.11,34,50      1.00,48,22      0.14,77,21      0.87,44,3      0.68,73,24      2.52,72,25      1.09,88,45      0.03,16,38      65.36,94,71      1.85,87,34      10.48,91,31      26.22,90,34      29.26,85,95      4.04,57,97      65.30,94,71      1.79,9,52      0.87,13,52      48.5%,73,45      0.76,87,32      42.4%,54,28      37.59,87,72      168.63,41,59      88.81,55,70      1.85,47,80      0.76,35,90      1.14,98,60      1.14,79,35      45.84,91,75      0.00,51,53      1.14,48,59      1.06,32,46      0.41,26,2      0.03,71,88      0.00,56,57      0.00,52,54      6.03,85,49      0.49,44,21      1.17,51,30      29.5%,39,11       https://fbref.com/req/202302030/images/headshots/507c7bdf_2022.jpg
Harry Maguire
CB      0.00,25      0.00,32      0.00,17      0.00,25      0.00,50      0.00,50      0.47,1      0.00,52      0.04,30      0.04,30      0.00,4      0.05,23      0.94,78      3.05,46      0.47,81      0.35,27      0.00,8      0.0%,8      0.00,25      9.00,80      0.00,46      0.12,71      -0.04,33      -0.04,33      57.61,75      67.71,78      85.1%,52      1160.73,81      358.59,69      17.25,56      19.36,57      89.1%,35      32.39,83      35.67,85      90.8%,46      6.81,91      10.91,90      62.4%,69      0.01,12      0.12,18      3.64,61      0.00,6      0.00,30      66.18,80      1.41,24      1.29,55      0.00,24      1.06,97      0.12,51      0.12,19      0.00,48      0.00,49      0.00,49      0.00,50      0.12,52      0.35,56      0.59,24      0.59,46      0.00,30      0.00,41      0.00,15      0.00,36      0.00,36      0.12,71      0.12,80      0.00,47      0.00,49      0.00,41      0.00,46      0.00,49      0.94,17      0.70,40      0.70,31      0.12,2      0.12,77      0.47,19      0.59,6      80.0%,96      0.12,97      2.11,92      1.29,92      0.82,88      1.53,79      2.46,43      4.81,78      0.00,83      78.85,80      9.04,45      41.42,92      34.15,71      3.75,61      1.06,57      78.85,80      0.35,52      0.23,59      66.7%,57      0.12,35      33.3%,33      48.58,77      268.24,85      170.03,88      0.70,76      0.12,92      0.12,91      0.00,94      52.57,73      0.00,52      0.94,23      0.47,55      0.00,74      0.00,48      0.00,68      0.00,63      6.45,81      2.93,80      2.58,6      53.2%,13       https://fbref.com/req/202302030/images/headshots/d8931174_2022.jpg
Scott McTominay
MF      0.08,50      0.00,13      0.08,24      0.08,52      0.00,46      0.00,45      0.62,1      0.00,55      0.15,78      0.15,80      0.05,21      0.19,48      1.55,62      2.56,9      1.47,40      1.01,42      0.47,76      46.2%,88      0.08,56      0.17,44      14.90,93      0.00,35      0.15,96      -0.07,14      -0.07,15      27.54,20      33.52,15      82.2%,61      421.53,19      120.18,24      15.05,21      17.38,23      86.6%,36      9.47,19      10.94,15      86.5%,58      1.94,27      2.79,17      69.4%,75      0.08,42      0.62,23      2.48,24      0.39,21      0.08,38      33.05,19      0.39,9      0.23,15      0.23,58      0.23,40      0.31,21      0.08,21      0.00,22      0.00,29      0.00,32      0.00,42      0.08,80      0.47,95      1.78,25      1.40,27      0.00,20      0.08,50      0.16,66      0.16,73      0.00,21      0.00,7      0.00,8      0.00,40      0.00,39      0.00,36      0.00,36      0.00,44      2.48,70      1.47,69      1.24,81      0.78,34      0.47,87      1.01,72      1.71,34      59.1%,90      0.70,85      1.16,35      0.47,84      0.70,18      1.09,60      3.57,70      3.49,99      0.08,12      47.95,20      5.35,99      15.91,76      22.27,18      10.24,27      1.94,59      47.95,20      2.02,62      1.01,61      50.0%,50      0.70,37      34.6%,55      24.44,20      124.91,28      60.67,34      1.24,56      0.23,58      1.86,21      1.47,18      27.85,17      0.00,53      2.17,6      1.24,58      0.00,80      0.00,43      0.08,3      0.00,54      6.05,50      2.64,99      1.78,8      59.6%,83       https://fbref.com/req/202302030/images/headshots/d93c2511_2022.jpg
Cristiano Ronaldo
FW      0.17,21      0.00,9      0.17,9      0.17,21      0.00,32      0.00,30      0.34,4      0.00,53      0.33,52      0.33,52      0.07,26      0.39,35      1.54,52      2.06,60      5.66,53      4.29,96      1.03,60      24.0%,4      0.04,9      0.17,15      17.70,13      0.17,92      0.08,7      -0.15,23      -0.15,21      20.74,75      27.77,74      74.7%,65      242.06,58      44.23,52      14.57,84      16.63,84      87.6%,92      4.63,60      6.69,64      69.2%,36      0.17,6      0.86,30      20.0%,1      0.03,11      1.03,58      1.20,67      0.17,8      0.00,19      26.91,77      0.86,40      0.00,25      0.34,77      0.17,65      0.51,50      0.17,49      0.00,33      0.00,40      0.00,45      0.00,47      0.00,86      1.71,1      1.71,23      1.54,52      0.00,33      0.00,3      0.00,4      0.17,57      0.00,28      0.00,3      0.00,4      0.00,45      0.00,26      0.00,27      0.00,31      0.00,47      0.34,9      0.34,33      0.17,45      0.00,3      0.17,28      0.17,25      0.34,13      50.0%,86      0.17,91      0.00,1      0.00,14      0.00,1      0.17,35      0.51,11      1.54,94      0.00,57      37.71,70      1.37,77      4.29,70      15.60,60      18.17,60      5.49,75      37.71,70      1.54,31      0.69,35      44.4%,64      0.51,87      33.3%,94      16.11,25      81.77,35      49.37,52      1.03,50      0.51,23      1.20,99      0.51,99      28.63,72      0.00,50      1.20,58      0.86,25      1.37,4      0.00,33      0.00,53      0.00,50      2.06,18      2.57,84      1.37,84      65.2%,99       https://fbref.com/req/202302030/images/headshots/dea698d9_2022.jpg
Victor Lindelöf
CB      0.00,25      0.00,32      0.00,17      0.00,25      0.00,50      0.00,50      0.07,83      0.00,52      0.02,13      0.02,13      0.01,19      0.03,9      0.20,20      2.37,23      0.07,15      0.20,12      0.00,8      0.0%,8      0.00,25      7.90,92      0.00,46      0.09,40      -0.02,49      -0.02,49      57.10,72      61.32,61      93.1%,99      1009.65,65      304.75,44      20.97,69      22.15,67      94.6%,91      31.58,81      32.64,72      96.8%,99      3.56,33      5.01,9      71.1%,97      0.03,64      0.20,38      2.31,23      0.13,38      0.00,30      59.67,65      1.65,34      0.86,25      0.13,90      0.07,8      0.07,35      0.07,13      0.00,48      0.00,49      0.00,49      0.00,50      0.00,95      0.07,98      0.40,7      0.40,15      0.00,30      0.00,41      0.00,15      0.00,36      0.00,36      0.00,14      0.00,18      0.00,47      0.00,49      0.00,41      0.00,46      0.00,49      1.45,59      1.12,75      0.66,29      0.59,72      0.20,92      0.59,41      1.12,51      52.9%,27      0.53,31      1.19,45      0.59,30      0.59,72      1.38,67      2.84,60      4.15,51      0.07,41      70.81,60      9.56,60      36.26,64      32.37,65      2.31,31      0.33,2      70.81,60      0.20,24      0.13,35      66.7%,57      0.07,54      33.3%,33      42.99,64      204.00,60      100.81,52      0.26,39      0.00,27      0.07,98      0.13,60      48.73,65      0.00,52      0.66,59      0.26,19      0.00,74      0.00,48      0.00,68      0.00,63      5.54,60      2.18,55      1.32,48      62.3%,56       https://fbref.com/req/202302030/images/headshots/f5deef4c_2022.jpg
Fred
MF      0.14,68      0.14,77      0.29,72      0.14,70      0.00,46      0.00,45      0.43,10      0.00,55      0.14,75      0.14,77      0.21,90      0.35,85      0.72,21      5.48,67      3.60,66      1.87,85      0.36,53      19.2%,20      0.08,56      0.40,70      19.50,54      0.00,35      0.08,49      0.00,56      0.00,57      44.53,71      56.28,74      79.1%,40      676.77,64      199.38,70      24.79,78      28.68,80      86.4%,34      14.20,55      16.86,53      84.2%,43      3.46,67      5.55,65      62.3%,57      0.13,74      2.16,94      4.68,76      0.79,46      0.14,57      54.84,77      1.15,32      0.65,44      0.50,90      0.07,12      1.01,51      0.07,20      0.22,63      0.00,29      0.07,70      0.00,42      0.29,18      1.87,1      4.25,95      3.53,97      0.00,20      0.07,48      0.29,91      0.22,82      0.14,91      0.29,60      0.22,61      0.00,40      0.00,39      0.07,92      0.00,36      0.00,44      3.39,95      2.16,96      1.73,94      1.44,89      0.22,42      1.08,77      2.74,88      39.5%,35      1.66,12      2.74,99      0.14,23      2.59,99      1.37,80      4.76,93      1.37,66      0.00,69      71.99,81      2.74,73      18.01,87      34.80,69      20.10,79      2.67,76      71.99,81      2.31,71      0.86,51      37.5%,15      1.08,18      46.9%,16      38.70,75      155.50,50      74.51,52      1.23,55      0.22,55      1.87,20      1.15,34      44.24,70      0.00,53      2.38,2      1.59,78      0.07,34      0.00,43      0.00,57      0.00,54      9.15,97      0.79,48      0.79,62      50.0%,56       https://fbref.com/req/202302030/images/headshots/b853e0ad_2022.jpg
Jadon Sancho
AM      0.32,76      0.16,58      0.48,74      0.32,77      0.00,40      0.00,40      0.00,94      0.00,53      0.22,53      0.22,60      0.27,87      0.49,74      4.70,89      4.06,62      9.23,79      1.12,10      0.48,29      42.9%,80      0.29,98      0.67,97      14.10,87      0.00,29      0.20,99      +0.10,85      +0.10,86      34.54,86      41.42,77      83.4%,94      421.17,65      95.77,52      24.02,95      26.90,95      89.3%,93      7.47,48      8.75,37      85.4%,87      0.80,19      1.39,11      57.7%,64      0.22,89      2.30,93      1.23,28      2.14,93      0.05,14      40.57,84      0.75,26      0.00,13      0.21,57      0.16,45      0.91,20      0.43,56      0.27,46      0.11,47      0.00,28      0.00,40      0.11,65      1.49,21      4.64,91      4.27,97      0.05,40      0.21,46      0.11,14      0.00,4      0.00,21      0.48,76      0.37,84      0.00,36      0.11,85      0.00,27      0.00,32      0.00,43      0.85,15      0.53,28      0.37,32      0.27,19      0.21,24      0.43,34      1.49,49      28.6%,21      1.07,38      1.33,79      0.11,60      1.23,79      0.37,35      1.23,18      0.32,25      0.00,59      52.15,74      0.85,48      6.30,59      18.10,49      28.61,82      5.66,81      52.15,74      4.16,65      1.76,66      42.3%,47      2.14,24      51.3%,17      34.16,78      204.18,70      117.06,85      2.08,59      2.40,94      2.67,25      1.07,88      38.17,78      0.00,51      0.48,92      0.53,4      0.43,22      0.00,35      0.00,56      0.00,52      5.82,81      0.11,4      0.64,82      14.3%,5       https://fbref.com/req/202302030/images/headshots/dbf053da_2022.jpg
Raphaël Varane
CB      0.00,25      0.00,32      0.00,17      0.00,25      0.00,50      0.00,50      0.05,90      0.00,52      0.03,25      0.03,25      0.01,25      0.04,18      0.80,71      2.97,44      0.19,43      0.38,29      0.19,69      50.0%,88      0.00,25      0.00,25      11.60,52      0.00,46      0.09,40      -0.03,34      -0.03,34      44.93,46      52.09,44      86.3%,60      847.16,44      269.01,27      15.02,39      16.72,39      89.9%,45      25.95,51      28.12,51      92.3%,66      3.39,25      6.03,24      56.3%,47      0.02,56      0.19,35      3.86,67      0.14,41      0.00,30      50.53,48      1.41,25      1.27,50      0.09,80      0.19,29      0.05,29      0.14,24      0.00,48      0.00,49      0.00,49      0.00,50      0.14,41      0.28,75      0.80,57      0.57,38      0.05,76      0.00,41      0.14,86      0.00,36      0.05,87      0.00,14      0.00,18      0.00,47      0.00,49      0.00,41      0.00,46      0.00,49      1.13,30      0.42,10      0.85,43      0.28,20      0.00,19      0.33,8      0.80,25      41.2%,2      0.47,44      1.13,39      0.80,62      0.33,18      0.52,7      1.65,9      4.29,57      0.00,83      60.89,36      7.21,20      28.78,20      29.72,57      2.54,41      0.85,38      60.89,36      0.47,71      0.28,69      60.0%,47      0.19,17      40.0%,27      37.54,50      252.29,80      142.70,76      0.71,77      0.00,27      0.09,96      0.05,83      40.03,44      0.00,52      0.57,71      0.14,7      0.09,13      0.00,48      0.00,68      0.05,13      4.71,24      1.98,43      0.75,94      72.4%,92       https://fbref.com/req/202302030/images/headshots/9f8e9423_2022.jpg
Aaron Wan-Bissaka
FB      0.00,25      0.00,20      0.00,11      0.00,25      0.00,50      0.00,50      0.13,75      0.00,54      0.08,83      0.08,83      0.06,51      0.14,70      2.57,75      3.45,46      4.01,62      0.63,64      0.13,50      20.0%,40      0.00,25      0.00,25      14.70,75      0.00,43      0.12,89      -0.08,3      -0.08,3      44.28,62      52.68,54      84.0%,84      598.20,42      206.47,33      28.10,81      30.29,81      92.8%,87      12.17,25      15.05,20      80.8%,49      1.76,21      2.76,4      63.6%,87      0.06,48      0.94,73      3.01,58      0.63,30      0.13,14      44.84,54      7.71,33      0.25,9      0.13,77      0.13,42      0.88,15      7.46,49      0.00,30      0.00,34      0.00,36      0.00,47      0.13,63      1.38,37      1.88,63      1.82,81      0.00,16      0.00,26      0.06,51      0.00,19      0.00,30      0.06,23      0.06,31      0.00,40      0.00,45      0.00,40      0.00,45      0.00,48      2.51,75      1.57,75      1.25,58      1.07,91      0.19,42      1.44,83      1.57,32      92.0%,99      0.13,99      1.51,78      0.50,83      1.00,67      1.38,81      3.89,79      2.57,57      0.00,75      64.35,52      4.70,80      21.70,60      25.09,38      17.94,64      2.76,89      64.35,52      2.20,83      1.07,84      48.6%,66      1.13,13      51.4%,21      32.86,56      163.94,57      85.92,54      1.51,69      0.25,63      0.88,60      0.63,43      37.63,57      0.00,50      0.69,78      0.13,3      0.00,80      0.00,45      0.00,66      0.00,56      4.58,19      0.82,28      1.07,51      43.3%,27       https://fbref.com/req/202302030/images/headshots/9e525177_2022.jpg
Diogo Dalot
FB      0.04,61      0.08,73      0.13,66      0.04,61      0.00,50      0.00,50      0.25,25      0.00,54      0.10,87      0.10,87      0.08,63      0.18,80      1.92,61      3.84,58      3.55,54      0.92,78      0.29,84      31.8%,70      0.05,56      0.14,43      19.90,37      0.00,43      0.11,84      -0.06,7      -0.06,7      47.67,69      60.21,72      79.2%,55      869.75,78      265.28,68      19.55,43      22.02,40      88.8%,52      22.69,84      26.70,84      85.0%,74      4.72,89      8.57,85      55.1%,73      0.06,57      1.21,81      3.43,67      1.17,77      0.54,81      50.81,73      9.15,62      0.71,45      0.13,75      0.84,95      1.84,45      8.44,80      0.00,30      0.00,34      0.00,36      0.00,47      0.25,22      1.46,30      2.17,72      2.01,83      0.00,16      0.04,60      0.08,60      0.00,19      0.04,69      0.08,30      0.08,39      0.00,40      0.00,45      0.00,40      0.00,45      0.00,48      2.26,66      1.71,91      1.67,83      0.54,36      0.04,8      1.38,79      1.88,54      73.3%,91      0.50,77      1.04,36      0.29,38      0.75,37      1.55,89      3.80,78      2.30,43      0.08,19      69.90,68      5.22,90      24.23,83      29.83,67      16.30,49      1.59,67      69.90,68      1.46,57      0.88,78      60.0%,89      0.29,79      20.0%,94      36.69,73      177.91,62      90.29,58      1.34,60      0.50,83      0.75,72      0.21,89      41.53,69      0.00,50      0.88,63      0.13,2      0.00,80      0.00,45      0.00,66      0.00,56      6.35,83      1.63,78      0.75,85      68.4%,96       https://fbref.com/req/202302030/images/headshots/d9565625_2022.jpg
Luke Shaw
FB,CB      0.04,57,60      0.07,66,83      0.11,60,78      0.04,57,60      0.00,50,50      0.00,50,50      0.28,19,13      0.00,54,52      0.04,52,36      0.04,52,36      0.13,81,99      0.17,78,96      1.87,57,96      4.94,79,91      2.68,34,97      0.49,45,46      0.14,57,59      28.6%,66,59      0.07,62,59      0.25,56,50      18.70,44,4      0.04,89,94      0.08,61,26      0.00,61,67      0.00,61,67      61.96,89,81      73.99,87,85      83.7%,83,46      975.05,85,59      372.70,93,72      33.93,91,94      36.92,95,97      91.9%,80,69      22.61,83,41      25.82,80,43      87.6%,86,28      3.95,78,43      7.23,72,45      54.6%,72,39      0.10,73,99      1.20,80,99      5.96,92,93      0.99,66,99      0.49,75,99      63.20,87,72      10.47,83,99      1.27,70,49      0.07,60,71      0.46,84,61      3.14,68,99      6.88,39,96      1.34,84,99      0.71,86,99      0.25,80,99      0.00,47,50      0.32,10,9      1.30,42,2      2.36,75,99      1.76,77,99      0.32,79,97      0.11,80,97      0.04,34,34      0.14,89,98      0.00,30,36      0.25,78,98      0.21,80,98      0.00,40,47      0.00,45,49      0.00,40,41      0.04,93,96      0.00,48,49      1.94,48,82      1.27,54,83      1.09,40,73      0.78,70,91      0.07,16,54      1.13,48,86      1.59,34,73      71.1%,84,86      0.46,84,46      1.80,96,88      0.60,91,33      1.20,86,2      1.27,68,54      3.21,54,76      1.94,27,2      0.07,22,39      84.22,90,85      6.17,95,10      28.57,93,17      39.64,89,80      16.75,51,99      0.78,21,31      84.22,90,85      1.38,49,99      0.49,44,91      35.9%,28,20      0.60,40,1      43.6%,43,22      45.78,86,72      224.15,85,71      118.21,85,66      1.55,72,93      0.11,31,91      0.85,61,2      0.28,74,18      51.45,86,72      0.00,50,52      1.62,4,2      0.95,68,91      0.04,57,40      0.00,45,48      0.04,21,30      0.00,56,63      6.67,91,86      1.62,75,20      1.02,56,80      61.3%,86,54       https://fbref.com/req/202302030/images/headshots/9c94165b_2022.jpg
Marcus Rashford
AM,FW      0.53,94,79      0.16,55,65      0.69,90,79      0.53,95,87      0.00,40,32      0.00,40,30      0.06,77,75      0.00,53,53      0.48,95,75      0.48,96,84      0.11,29,45      0.59,91,81      2.66,39,82      2.75,32,75      7.66,58,84      3.38,94,87      1.53,97,92      45.4%,82,74      0.16,84,69      0.35,62,55      16.40,54,21      0.22,89,94      0.15,91,62      +0.05,72,79      +0.05,70,75      19.60,21,70      25.54,15,69      76.7%,61,77      277.78,23,72      68.15,27,77      12.79,35,77      15.01,28,75      85.2%,50,80      4.56,11,58      5.85,6,52      78.1%,56,69      1.28,42,74      2.00,34,77      64.1%,80,72      0.09,23,55      0.94,21,48      1.19,25,65      1.66,77,96      0.06,15,50      24.70,19,72      0.69,20,30      0.06,32,60      0.06,14,23      0.19,47,69      0.75,16,62      0.28,40,69      0.00,12,33      0.00,21,40      0.00,28,45      0.00,40,47      0.16,51,28      0.97,68,38      3.06,41,77      1.91,40,69      0.03,32,67      0.53,88,97      0.44,96,87      0.13,35,36      0.03,43,58      0.44,66,74      0.25,54,74      0.00,36,45      0.09,82,91      0.06,74,74      0.03,66,64      0.00,43,47      0.63,6,31      0.31,5,25      0.22,13,52      0.25,18,35      0.16,18,23      0.28,16,55      0.75,9,48      37.5%,43,70      0.47,91,60      0.97,43,69      0.13,72,58      0.84,42,38      0.22,12,42      0.84,4,33      0.44,39,25      0.00,59,57      37.89,14,72      0.69,35,28      3.19,8,52      13.41,16,43      22.01,47,81      5.72,82,81      37.89,14,72      4.31,72,87      1.69,64,84      39.1%,31,38      2.28,18,8      52.9%,13,25      23.91,24,75      150.99,29,82      73.28,29,81      1.59,30,77      1.72,77,89      2.50,30,55      1.38,64,67      29.01,31,75      0.00,51,50      0.47,93,99      0.72,11,14      0.47,19,62      0.00,35,33      0.00,56,53      0.00,52,50      3.13,9,64      0.63,57,19      1.25,47,91      33.3%,51,34       https://fbref.com/req/202302030/images/headshots/a1d5bd30_2022.jpg
Jesse Lingard
AM      0.00,4      0.00,6      0.00,1      0.00,4      0.00,40      0.00,40      0.10,59      0.00,53      0.10,10      0.10,10      0.07,9      0.17,1      1.07,2      3.22,48      3.71,8      0.98,2      0.20,4      20.0%,7      0.00,4      0.00,4      19.30,25      0.00,29      0.10,46      -0.10,13      -0.10,14      23.01,38      28.96,26      79.5%,77      346.93,40      87.46,41      11.80,23      13.36,18      88.3%,81      8.58,64      10.14,55      84.6%,84      1.37,44      2.73,46      50.0%,44      0.05,5      1.07,32      2.63,76      0.68,20      0.10,23      26.42,26      2.34,55      0.68,73      0.10,21      0.39,80      0.49,5      0.78,82      0.00,12      0.00,21      0.00,28      0.00,40      0.20,40      0.49,96      2.44,18      1.76,21      0.10,54      0.20,41      0.29,68      0.10,22      0.00,21      0.20,23      0.10,14      0.00,36      0.00,25      0.10,91      0.00,32      0.00,43      0.39,1      0.39,10      0.20,10      0.20,7      0.00,1      0.10,2      0.68,5      14.3%,3      0.59,84      1.07,55      0.00,15      1.07,63      0.49,56      0.88,5      0.39,34      0.00,59      36.18,9      0.68,32      4.29,23      19.70,61      12.87,2      1.56,3      36.18,9      0.98,3      0.59,5      60.0%,97      0.39,97      40.0%,71      20.87,9      97.80,3      51.39,5      1.17,11      0.00,1      1.56,90      0.98,93      25.64,13      0.00,51      0.78,73      0.88,20      0.20,57      0.00,35      0.00,56      0.00,52      3.80,22      0.10,3      0.29,98      25.0%,27       https://fbref.com/req/202302030/images/headshots/810e3c74_2022.jpg
Anthony Martial
FW      0.55,81      0.18,75      0.74,84      0.46,79      0.09,86      0.09,81      0.00,92      0.00,53      0.57,87      0.51,90      0.13,57      0.64,86      1.66,55      3.22,87      8.01,87      2.39,48      1.10,69      46.2%,80      0.19,87      0.42,77      13.20,67      0.00,36      0.21,96      -0.02,53      -0.05,42      24.20,82      30.18,79      80.2%,92      299.91,75      83.74,84      15.92,92      18.22,91      87.4%,91      5.61,69      6.72,65      83.6%,91      0.83,57      1.29,43      64.3%,74      0.13,77      1.10,65      1.29,70      1.20,82      0.00,19      28.90,84      1.10,48      0.28,89      0.28,70      0.00,14      0.37,28      0.18,53      0.00,33      0.00,40      0.00,45      0.00,47      0.18,25      1.29,16      2.58,62      2.02,77      0.00,33      0.09,21      0.28,53      0.09,23      0.09,87      0.46,79      0.18,53      0.00,45      0.09,89      0.09,85      0.09,94      0.00,47      0.46,14      0.28,19      0.00,8      0.18,25      0.28,52      0.09,11      0.37,16      25.0%,31      0.28,84      1.01,75      0.18,74      0.83,69      0.09,13      0.55,14      0.37,18      0.00,57      40.77,75      0.92,48      2.85,36      15.28,58      22.91,87      4.51,48      40.67,75      2.39,57      1.29,69      53.8%,89      0.83,62      34.6%,91      27.33,86      119.26,53      52.45,57      1.20,62      0.74,45      3.04,30      1.84,40      34.14,87      0.00,50      0.74,92      1.29,62      0.64,35      0.09,97      0.00,53      0.00,50      1.84,13      0.92,28      1.56,74      37.0%,55       https://fbref.com/req/202302030/images/headshots/8b788c01_2022.jpg
Daniel James
AM      0.22,54      0.11,43      0.33,40      0.22,59      0.00,40      0.00,40      0.00,94      0.00,53      0.22,49      0.22,57      0.12,32      0.33,44      3.30,62      1.98,12      6.26,39      1.87,45      0.44,24      23.5%,13      0.12,60      0.50,91      13.80,90      0.00,29      0.12,71      0.00,53      0.00,52      15.82,10      24.84,10      63.7%,7      201.21,5      41.87,7      10.77,15      13.08,16      82.4%,30      3.52,4      5.93,7      59.3%,4      0.44,4      1.76,29      25.0%,2      0.09,24      0.88,16      0.33,3      1.21,56      0.44,81      24.40,16      0.44,12      0.00,13      0.00,5      0.00,6      3.52,72      0.44,58      0.00,12      0.00,21      0.00,28      0.00,40      0.00,92      2.20,3      1.65,2      1.43,11      0.00,16      0.00,4      0.00,3      0.22,68      0.00,21      0.00,1      0.00,2      0.00,36      0.00,25      0.00,27      0.00,32      0.00,43      1.76,63      0.88,53      0.55,53      0.88,81      0.33,56      0.77,71      1.65,56      46.7%,78      0.88,51      0.99,46      0.11,64      0.88,45      0.33,25      2.09,55      0.77,69      0.00,59      35.16,7      1.10,65      3.96,16      11.43,5      20.66,38      3.85,55      35.16,7      2.20,15      0.66,8      30.0%,7      0.55,94      25.0%,98      20.99,11      160.66,35      80.22,43      1.43,21      1.21,58      1.43,93      1.54,49      23.30,8      0.00,51      0.44,95      2.20,88      0.22,52      0.11,96      0.00,56      0.00,52      4.62,45      0.11,5      1.98,18      5.3%,3       https://fbref.com/req/202302030/images/headshots/c931d9f9_2022.jpg
Alejandro Garnacho
AM      0.47,89      0.32,89      0.79,94      0.47,91      0.00,40      0.00,40      0.47,2      0.00,53      0.47,94      0.47,95      0.16,54      0.65,94      5.22,95      1.90,10      13.44,96      3.80,96      1.42,95      37.5%,61      0.13,66      0.33,56      16.30,57      0.00,29      0.13,80      0.00,53      0.00,52      23.73,42      29.58,28      80.2%,81      285.03,24      36.85,4      17.87,74      20.72,75      86.3%,64      4.27,7      4.75,2      90.0%,97      0.63,10      0.79,2      80.0%,97      0.14,60      0.47,2      0.32,2      0.32,2      0.00,5      29.58,37      0.00,1      0.00,13      0.00,5      0.32,63      0.32,1      0.00,3      0.00,12      0.00,21      0.00,28      0.00,40      0.00,92      1.11,57      3.48,64      2.69,75      0.00,16      0.47,85      0.16,31      0.16,46      0.00,21      0.95,97      0.79,98      0.00,36      0.16,93      0.00,27      0.00,32      0.00,43      0.79,10      0.32,6      0.32,23      0.00,1      0.47,82      0.16,3      1.74,62      9.1%,2      1.58,7      0.79,26      0.00,15      0.79,32      0.79,84      1.58,35      0.47,45      0.00,59      48.24,61      0.47,15      4.59,28      13.29,14      31.00,90      9.33,99      48.24,61      6.96,96      1.90,75      27.3%,2      4.27,1      61.4%,3      34.80,82      263.51,92      141.72,94      4.27,99      4.43,99      4.27,1      2.21,13      37.17,72      0.00,51      1.27,35      1.27,51      0.47,18      0.00,35      0.00,56      0.00,52      4.43,38      0.47,42      1.58,29      23.1%,22       https://fbref.com/req/202302030/images/headshots/7aa8adfe_2022.jpg
Dean Henderson
GK      1.72,30      4.72,66      2.89,55      65.9%,38      0.28,34      0.28,73      0.44,57      0.33,79      33.3%,79      0.28,98      0.11,41      0.11,98      0.06,98      50.0%,89      0.06,16      0.28,20      0.00,91      1.49,34      0.28,41      -0.23,16      6.00,77      18.56,80      32.3%,45      28.50,63      5.94,95      47.2%,73      38.5,84      8.67,82      59.0%,59      45.3,66      16.17,84      1.11,77      6.9%,57      1.50,75      15.6,59       https://fbref.com/req/202302030/images/headshots/e5a76dfe_2022.jpg
Andreas Pereira
AM      0.13,27      0.20,68      0.33,41      0.10,23      0.03,85      0.03,81      0.27,12      0.00,53      0.24,59      0.22,56      0.17,61      0.39,59      1.77,14      4.05,60      4.45,13      2.04,57      0.74,56      36.1%,55      0.05,23      0.14,21      21.30,9      0.40,97      0.11,57      -0.11,8      -0.12,8      23.44,40      35.71,59      65.6%,11      437.23,70      141.59,85      11.23,18      14.01,19      80.2%,19      7.66,53      10.53,61      72.7%,24      3.88,94      8.39,95      46.2%,30      0.14,57      2.01,85      2.88,81      0.74,24      0.30,69      27.62,29      7.72,99      2.71,98      0.03,10      0.70,95      6.55,95      0.20,30      3.88,98      1.71,94      1.67,99      0.00,40      0.37,5      1.30,38      3.95,78      1.91,39      1.47,99      0.07,13      0.30,71      0.20,65      0.00,21      0.40,59      0.17,39      0.17,99      0.00,25      0.07,78      0.00,32      0.00,43      0.60,5      0.30,4      0.10,2      0.20,9      0.30,45      0.27,12      1.10,27      24.2%,9      0.84,56      0.70,13      0.10,58      0.60,15      0.20,11      0.80,3      0.27,19      0.00,59      43.86,37      0.47,13      3.54,9      20.33,66      20.49,36      2.17,11      43.83,37      1.71,8      0.57,4      33.3%,13      0.87,82      51.0%,19      24.14,27      132.09,14      55.56,9      1.47,23      0.30,8      1.71,79      1.71,35      28.52,30      0.00,51      1.37,27      1.04,30      0.07,84      0.00,35      0.03,9      0.00,52      3.91,26      0.30,25      0.94,65      24.3%,24       https://fbref.com/req/202302030/images/headshots/6639e500_2022.jpg