
Declan Rice
MF      0.11,60      0.03,26      0.14,43      0.11,61      0.00,46      0.03,90      0.14,72      0.00,55      0.07,35      0.04,25      0.09,46      0.13,30      2.42,83      6.60,81      1.02,24      0.96,37      0.22,36      22.9%,30      0.11,65      0.50,83      23.60,23      0.03,70      0.05,20      +0.04,73      +0.07,79      50.76,80      58.71,78      86.5%,85      925.35,89      260.02,87      23.37,75      25.96,74      90.0%,70      20.21,83      21.70,79      93.2%,94      6.13,92      8.91,89      68.8%,72      0.05,30      1.02,55      6.41,91      0.36,19      0.08,40      56.65,80      1.92,59      1.32,72      0.11,36      1.65,99      1.21,58      0.08,22      0.52,74      0.41,78      0.03,66      0.00,42      0.14,58      0.71,77      2.75,60      2.36,70      0.19,69      0.03,31      0.03,15      0.06,34      0.08,73      0.17,35      0.17,54      0.00,40      0.00,39      0.00,36      0.00,36      0.00,44      2.17,52      1.04,30      1.21,78      0.85,43      0.11,9      0.85,47      1.37,13      62.0%,93      0.52,93      1.24,41      0.41,77      0.82,31      1.73,93      3.90,82      1.59,80      0.00,68      68.06,77      3.38,86      18.42,90      39.02,84      11.91,37      0.66,25      68.03,77      1.73,50      0.96,58      55.6%,70      0.63,46      36.5%,48      39.98,79      251.47,93      134.57,94      2.06,84      0.14,46      0.77,84      0.71,69      45.15,73      0.00,53      0.63,93      0.30,5      0.03,60      0.00,43      0.00,57      0.00,54      9.18,98      1.02,67      0.71,68      58.7%,80       https://fbref.com/req/202302030/images/headshots/1c7012b8_2022.jpg
Jarrod Bowen
AM      0.17,41      0.14,52      0.31,38      0.14,35      0.03,81      0.06,89      0.06,79      0.00,53      0.25,60      0.22,55      0.21,74      0.42,63      2.84,51      2.00,13      5.93,35      2.03,56      0.58,39      28.8%,25      0.07,30      0.24,37      16.20,60      0.03,59      0.11,57      -0.08,18      -0.08,21      15.37,8      24.53,9      62.7%,5      242.89,11      71.04,29      8.69,6      10.72,4      81.0%,23      4.73,13      6.26,10      75.6%,38      1.45,45      4.57,68      31.7%,4      0.17,74      1.34,45      1.09,21      0.67,16      0.25,59      21.38,8      3.03,74      0.31,56      0.17,44      0.11,31      4.43,81      0.08,12      2.51,90      2.37,99      0.00,28      0.00,40      0.11,63      1.61,11      3.01,39      1.61,15      0.42,75      0.28,61      0.36,85      0.28,78      0.06,64      0.39,57      0.17,38      0.08,88      0.00,25      0.06,71      0.08,93      0.00,43      1.09,30      0.45,14      0.39,35      0.31,22      0.39,69      0.45,35      1.59,54      28.1%,16      1.14,30      1.31,77      0.25,90      1.06,62      1.00,93      2.09,55      0.70,66      0.00,59      36.69,10      0.89,52      5.18,35      12.55,10      19.29,27      4.37,64      36.63,10      3.28,46      1.00,21      30.5%,9      1.53,48      46.6%,41      20.38,7      155.25,32      61.47,16      1.25,13      1.56,72      1.95,64      1.53,51      22.08,5      0.00,51      0.72,81      1.92,76      0.28,40      0.08,92      0.03,11      0.00,52      4.23,35      0.95,74      1.89,21      33.3%,51       https://fbref.com/req/202302030/images/headshots/79c84d1c_2022.jpg
Łukasz Fabiański
GK      1.39,59      4.46,52      3.07,66      69.7%,55      0.32,48      0.17,30      0.55,84      0.23,48      24.2%,48      0.12,45      0.06,66      0.03,70      0.03,88      33.3%,71      0.00,73      0.09,95      0.03,63      1.33,52      0.28,41      -0.03,59      5.73,73      14.93,66      38.4%,80      18.95,5      4.43,30      54.8%,91      39.6,91      7.20,55      59.8%,66      44.8,63      14.84,63      0.84,52      5.7%,30      0.72,16      13.0,23       https://fbref.com/req/202302030/images/headshots/9328b835_2022.jpg
Tomáš Souček
MF      0.06,48      0.10,54      0.16,51      0.06,49      0.00,46      0.00,45      0.10,82      0.00,55      0.13,64      0.13,66      0.06,31      0.19,47      0.35,9      2.81,14      1.66,44      1.09,52      0.42,65      38.2%,77      0.06,50      0.15,42      10.80,99      0.00,35      0.12,83      -0.06,18      -0.06,18      22.67,8      31.78,10      71.3%,9      370.93,10      109.25,19      11.51,8      15.22,12      75.6%,2      8.15,9      10.81,13      75.4%,10      2.11,31      3.39,29      62.3%,57      0.04,18      0.48,14      2.14,14      0.35,17      0.19,67      31.40,13      0.38,7      0.32,20      0.00,7      0.19,30      0.64,41      0.00,7      0.03,47      0.03,58      0.00,32      0.00,42      0.00,95      0.90,60      1.66,21      1.31,23      0.00,20      0.00,15      0.26,86      0.03,26      0.06,63      0.10,21      0.06,25      0.00,40      0.00,39      0.03,74      0.00,36      0.00,44      2.46,68      1.18,50      1.31,85      0.93,53      0.22,45      0.90,54      1.85,46      48.3%,65      0.96,66      1.34,52      0.54,91      0.80,26      1.69,91      4.16,87      2.27,94      0.10,8      43.67,11      3.96,91      13.81,64      20.85,14      9.21,20      2.27,68      43.67,11      0.54,7      0.06,1      11.8%,1      0.38,66      70.6%,1      17.39,4      66.72,1      22.22,1      0.54,10      0.00,9      0.74,87      0.58,83      23.72,8      0.00,53      1.60,23      0.51,14      0.06,37      0.00,43      0.00,57      0.00,54      4.57,8      3.64,99      2.94,1      55.3%,74       https://fbref.com/req/202302030/images/headshots/6613c819_2022.jpg
Lucas Paquetá
AM,MF      0.17,42,73      0.13,47,70      0.29,35,74      0.13,29,66      0.04,89,95      0.04,85,93      0.21,23,44      0.00,53,55      0.18,42,86      0.15,32,81      0.10,26,55      0.26,23,71      1.05,1,42      6.15,95,76      2.64,4,60      2.18,63,92      0.59,40,87      26.9%,18,39      0.06,28,50      0.21,32,49      19.20,26,59      0.04,66,75      0.07,13,40      -0.02,45,47      -0.03,44,39      37.95,89,56      48.41,90,59      78.4%,72,35      592.38,91,52      183.81,93,64      19.92,85,60      23.39,86,65      85.2%,50,25      13.56,92,50      16.49,89,50      82.2%,73,30      2.85,79,52      4.35,66,43      65.4%,81,63      0.11,40,63      1.34,46,72      4.10,94,63      1.26,58,81      0.13,34,53      44.98,89,56      3.05,75,77      0.88,79,58      0.54,94,93      0.46,87,78      0.92,21,50      0.04,8,18      0.04,28,50      0.00,21,29      0.00,28,32      0.00,40,42      0.38,4,7      1.17,51,30      3.31,52,80      2.38,62,74      0.04,38,47      0.17,35,74      0.33,80,96      0.25,75,89      0.13,96,89      0.50,80,90      0.25,55,70      0.00,36,40      0.04,63,88      0.13,96,98      0.08,94,98      0.00,43,44      2.97,98,90      2.22,99,97      0.96,86,62      1.51,99,93      0.50,85,90      1.13,96,81      2.76,98,90      40.9%,55,41      1.63,5,12      1.72,96,80      0.17,81,28      1.55,97,30      0.67,72,23      3.64,96,72      1.30,93,58      0.00,59,68      61.72,90,66      1.92,91,40      10.00,88,28      35.10,97,70      17.53,19,66      2.05,9,62      61.67,90,66      2.64,27,80      1.38,46,82      52.4%,89,59      0.92,81,24      34.9%,85,54      32.26,73,56      143.81,22,41      61.72,19,36      1.42,19,62      0.25,6,60      2.01,59,14      1.84,25,8      40.33,85,64      0.00,51,53      2.09,3,7      1.26,49,59      0.04,90,49      0.08,93,99      0.00,56,57      0.00,52,54      6.03,84,48      1.51,85,85      1.34,44,24      52.9%,94,66       https://fbref.com/req/202302030/images/headshots/9b6f7fd5_2022.jpg
Thilo Kehrer
CB,FB      0.00,25,25      0.08,88,70      0.08,60,52      0.00,25,25      0.00,50,50      0.00,50,50      0.16,54,55      0.00,52,54      0.02,14,27      0.02,14,27      0.02,52,14      0.04,22,11      0.61,61,3      2.42,27,9      1.17,90,5      0.32,23,26      0.04,17,25      12.5%,22,23      0.00,25,25      0.00,25,25      18.40,6,47      0.00,46,43      0.06,14,43      -0.02,46,34      -0.02,46,34      37.41,29,37      44.88,22,22      83.4%,43,81      660.83,17,52      242.39,18,54      15.86,50,19      18.04,51,16      87.9%,27,40      18.40,24,67      20.58,18,60      89.4%,39,91      2.74,12,54      4.80,8,38      57.1%,52,78      0.03,69,10      0.32,78,10      2.38,29,28      0.16,48,4      0.04,69,5      40.04,17,36      4.68,85,11      0.97,31,56      0.04,57,48      0.24,34,58      0.93,94,16      3.67,88,11      0.00,48,30      0.00,49,34      0.00,49,36      0.00,50,47      0.16,35,44      0.57,22,95      0.97,77,14      0.69,66,9      0.16,93,63      0.00,41,26      0.12,73,77      0.00,36,19      0.00,36,30      0.16,86,60      0.08,70,37      0.04,96,87      0.00,49,45      0.04,91,85      0.00,46,45      0.00,49,48      1.74,72,28      0.97,65,25      1.01,64,34      0.57,69,43      0.16,87,37      0.85,69,27      1.78,86,46      47.7%,14,14      0.93,8,32      0.65,4,4      0.24,3,27      0.40,36,95      1.37,66,80      3.11,70,48      3.07,19,79      0.04,57,37      53.88,18,16      5.45,9,92      24.22,9,81      24.01,29,31      5.93,85,2      0.69,25,17      53.88,18,16      0.44,66,7      0.32,81,27      72.7%,70,95      0.12,33,92      27.3%,43,84      27.32,19,31      116.44,13,23      61.87,15,27      0.48,59,3      0.04,62,13      0.69,15,83      0.24,24,84      30.67,17,31      0.00,52,50      1.25,4,25      0.48,60,32      0.00,74,80      0.00,48,45      0.04,28,19      0.04,17,9      4.72,27,25      1.45,9,66      1.33,43,28      52.2%,10,57       https://fbref.com/req/202302030/images/headshots/51dbeea9_2022.jpg
Aaron Cresswell
FB      0.00,25      0.04,48      0.04,32      0.00,25      0.00,50      0.00,50      0.12,77      0.00,54      0.01,14      0.01,14      0.15,84      0.16,77      1.41,39      5.84,85      3.30,49      0.36,31      0.04,23      11.1%,20      0.00,25      0.00,25      22.50,19      0.16,97      0.04,16      -0.01,51      -0.01,51      45.38,66      58.31,66      77.8%,46      736.31,66      345.79,92      25.21,70      26.98,63      93.4%,92      15.58,51      20.01,54      77.9%,33      4.03,81      8.30,83      48.5%,52      0.12,79      1.61,87      3.66,75      1.13,73      0.60,86      46.59,62      11.60,90      1.61,84      0.04,46      0.20,52      5.36,87      7.73,58      2.26,89      0.20,78      1.77,96      0.04,96      0.12,64      1.41,33      2.94,87      1.73,74      1.09,96      0.00,26      0.08,58      0.04,46      0.00,30      0.04,17      0.00,11      0.04,86      0.00,45      0.00,40      0.00,45      0.00,48      0.85,3      0.44,4      0.48,4      0.28,5      0.08,21      0.48,5      1.25,15      38.7%,9      0.77,48      0.85,15      0.44,72      0.40,7      1.09,55      1.93,5      2.26,38      0.00,73      64.71,54      3.91,62      20.42,50      26.90,51      17.64,58      0.52,11      64.71,54      0.28,2      0.08,2      28.6%,16      0.16,91      57.1%,8      30.85,51      140.82,38      70.51,39      1.05,37      0.04,11      0.24,99      0.24,85      38.66,63      0.00,50      0.36,96      0.36,14      0.08,37      0.00,45      0.00,66      0.00,56      4.83,31      1.13,54      1.09,49      50.9%,53       https://fbref.com/req/202302030/images/headshots/4f974391_2022.jpg
Vladimír Coufal
FB      0.00,25      0.04,52      0.04,34      0.00,25      0.00,50      0.00,50      0.21,37      0.00,54      0.01,15      0.01,15      0.11,77      0.11,52      2.23,68      3.46,48      4.59,72      0.25,17      0.00,10      0.0%,10      0.00,25      25.70,7      0.00,43      0.04,16      -0.01,49      -0.01,49      30.76,16      49.47,34      62.2%,1      537.47,27      272.65,70      14.62,11      17.74,15      82.4%,8      11.76,20      18.46,40      63.7%,3      3.50,72      9.52,92      36.7%,20      0.07,62      1.10,75      2.87,51      0.80,55      0.59,85      38.22,28      10.96,86      0.67,39      0.00,20      0.00,8      4.76,84      10.28,96      0.00,30      0.00,34      0.00,36      0.00,47      0.29,15      1.98,8      2.19,73      1.52,69      0.55,86      0.00,26      0.04,40      0.08,67      0.00,30      0.13,49      0.08,42      0.04,89      0.00,45      0.00,40      0.00,45      0.00,48      2.44,74      1.31,57      1.56,74      0.63,49      0.25,68      1.52,84      2.15,64      70.6%,81      0.63,63      1.01,33      0.25,31      0.76,39      1.60,93      4.04,83      2.95,75      0.00,73      60.38,38      4.38,73      18.33,28      24.44,34      17.87,63      0.88,30      60.38,38      0.72,17      0.13,3      17.6%,3      0.25,86      35.3%,69      24.35,16      138.37,36      72.05,42      1.39,66      0.08,23      1.05,46      0.88,22      28.02,17      0.00,50      1.26,22      0.88,63      0.04,55      0.00,45      0.00,66      0.00,56      6.32,81      1.69,84      0.93,68      64.5%,90       https://fbref.com/req/202302030/images/headshots/fdf3cb77_2022.jpg
Kurt Zouma
CB      0.09,83      0.00,32      0.09,69      0.09,83      0.00,50      0.00,50      0.00,95      0.00,52      0.10,88      0.10,88      0.00,12      0.10,76      0.14,10      1.40,4      0.05,12      0.86,91      0.23,81      26.3%,51      0.11,71      0.40,64      10.10,62      0.00,46      0.12,71      -0.01,60      -0.01,60      31.72,10      37.60,6      84.4%,49      609.95,13      200.77,3      11.18,14      12.26,9      91.1%,62      16.43,14      18.42,8      89.2%,38      3.57,35      5.84,20      61.2%,66      0.00,3      0.05,4      0.86,2      0.09,22      0.00,30      36.24,8      1.27,17      0.63,14      0.00,24      0.63,78      0.00,10      0.14,23      0.00,48      0.00,49      0.00,49      0.00,50      0.09,71      0.14,92      0.41,10      0.32,7      0.05,72      0.00,41      0.05,45      0.00,36      0.00,36      0.09,64      0.05,46      0.00,47      0.00,49      0.05,93      0.00,46      0.00,49      0.41,1      0.18,1      0.18,1      0.23,12      0.00,19      0.23,1      0.36,1      62.5%,51      0.14,96      0.77,12      0.63,39      0.14,4      1.36,65      1.76,15      5.43,90      0.05,51      47.51,4      10.41,77      29.59,23      16.47,4      1.58,9      1.31,80      47.51,4      0.23,30      0.09,19      40.0%,25      0.14,29      60.0%,10      23.67,7      97.29,8      46.06,6      0.05,3      0.00,27      0.27,72      0.05,83      28.10,13      0.00,52      0.63,65      0.32,28      0.00,74      0.00,48      0.00,68      0.00,63      3.80,6      2.49,62      0.59,98      80.9%,98       https://fbref.com/req/202302030/images/headshots/ce4246f5_2022.jpg
Saïd Benrahma
AM      0.26,66      0.13,49      0.39,55      0.09,20      0.17,98      0.17,98      0.00,94      0.00,53      0.30,80      0.17,42      0.20,68      0.37,52      4.74,90      3.57,57      10.31,88      3.00,90      1.00,80      33.3%,40      0.03,11      0.09,11      21.90,6      0.22,88      0.06,6      -0.04,34      -0.08,19      25.97,54      34.63,55      75.0%,51      354.69,45      90.83,45      16.27,66      18.49,65      88.0%,79      7.66,52      10.48,59      73.0%,26      1.09,27      2.65,44      41.0%,18      0.14,61      2.09,87      1.39,36      1.00,42      0.52,92      33.54,60      0.87,32      0.04,27      0.22,59      0.09,27      3.61,76      0.35,49      0.17,42      0.17,54      0.00,28      0.00,40      0.22,34      1.26,42      4.00,79      2.96,82      0.09,52      0.48,86      0.35,82      0.13,37      0.00,21      0.22,27      0.17,41      0.00,36      0.04,66      0.00,27      0.00,32      0.00,43      1.09,31      0.65,38      0.48,47      0.30,20      0.30,47      0.48,37      1.17,30      40.7%,54      0.70,68      1.00,47      0.04,39      0.96,51      0.39,37      1.48,32      0.57,54      0.00,59      47.46,56      0.70,36      5.70,48      17.36,43      25.36,70      4.09,59      47.28,55      5.35,89      2.22,88      41.5%,43      2.44,12      45.5%,46      30.41,60      229.72,82      117.67,86      2.35,74      1.91,85      2.31,45      1.83,26      34.80,59      0.00,51      0.70,82      0.65,9      0.30,35      0.00,35      0.00,56      0.00,52      4.92,61      0.22,13      0.48,93      31.3%,46       https://fbref.com/req/202302030/images/headshots/5a04fd92_2022.jpg
Michail Antonio
FW      0.25,42      0.15,64      0.39,48      0.25,43      0.00,32      0.00,30      0.10,64      0.00,53      0.32,50      0.32,50      0.06,16      0.38,31      2.41,74      1.33,33      5.90,62      1.92,23      0.64,18      33.3%,24      0.13,54      0.38,66      11.60,94      0.00,36      0.17,78      -0.08,33      -0.08,33      9.15,6      17.12,18      53.4%,3      131.04,11      24.65,14      5.61,6      8.27,8      67.9%,9      2.71,19      5.31,40      50.9%,1      0.59,40      1.53,55      38.7%,16      0.04,14      0.74,26      0.59,21      0.39,26      0.10,69      16.48,18      0.59,26      0.05,55      0.05,18      0.05,35      1.72,86      0.39,79      0.00,33      0.00,40      0.00,45      0.00,47      0.05,67      0.89,48      1.92,30      1.18,26      0.00,33      0.30,65      0.20,38      0.25,79      0.00,28      0.44,75      0.30,79      0.00,45      0.10,92      0.05,64      0.00,31      0.00,47      0.69,38      0.34,35      0.05,18      0.39,60      0.25,47      0.15,18      0.59,26      25.0%,30      0.44,62      0.64,31      0.25,86      0.39,18      0.25,53      0.93,36      0.44,26      0.00,57      29.33,25      0.74,31      1.92,6      12.89,26      15.16,42      3.94,31      29.33,25      3.20,77      1.28,69      40.0%,42      1.43,23      44.6%,55      18.45,47      127.40,60      61.16,70      1.28,65      0.89,65      3.74,9      2.21,21      23.42,42      0.00,50      1.38,45      2.17,91      0.59,42      0.00,33      0.05,3      0.00,50      2.12,21      2.46,81      4.33,13      36.2%,52       https://fbref.com/req/202302030/images/headshots/ac05f970_2022.jpg
Nayef Aguerd
CB      0.11,93      0.00,32      0.11,83      0.11,93      0.00,50      0.00,50      0.23,30      0.00,52      0.12,94      0.12,94      0.03,62      0.15,92      0.11,7      1.41,6      0.23,50      0.68,75      0.11,50      16.7%,30      0.17,80      1.00,90      9.90,65      0.00,46      0.19,93      -0.01,56      -0.01,56      33.80,15      43.05,19      78.5%,19      688.57,25      300.87,41      12.64,24      13.77,23      91.8%,67      16.19,13      18.90,12      85.7%,19      4.63,59      9.54,76      48.5%,19      0.02,30      0.34,81      2.09,19      0.23,70      0.00,30      40.80,18      2.03,45      1.64,72      0.00,24      1.19,98      0.00,10      0.00,4      0.00,48      0.00,49      0.00,49      0.00,50      0.23,22      0.28,76      0.79,56      0.68,64      0.06,81      0.00,41      0.06,51      0.00,36      0.00,36      0.00,14      0.00,18      0.00,47      0.00,49      0.00,41      0.00,46      0.00,49      1.52,62      1.02,69      1.02,67      0.45,60      0.06,50      0.73,60      1.13,52      65.0%,67      0.40,57      1.47,69      1.35,93      0.11,2      1.02,31      2.54,46      4.46,67      0.11,15      53.55,17      9.08,49      31.77,40      20.20,13      1.97,19      1.30,78      53.55,17      0.34,50      0.23,59      66.7%,58      0.00,88      0.0%,88      29.51,25      120.02,17      64.16,17      0.06,6      0.00,27      0.45,40      0.40,7      31.82,24      0.00,52      0.45,87      0.45,50      0.11,9      0.00,48      0.06,20      0.00,63      5.92,67      1.81,28      1.75,19      50.8%,5       https://fbref.com/req/202302030/images/headshots/288e1e13_2022.jpg
Pablo Fornals
AM      0.18,43      0.06,26      0.24,26      0.18,46      0.00,40      0.00,40      0.00,94      0.00,53      0.13,22      0.13,22      0.10,23      0.23,15      1.98,18      5.33,87      6.05,36      1.62,28      0.42,21      25.9%,14      0.11,51      0.43,79      22.60,4      0.00,29      0.08,21      +0.05,71      +0.05,69      33.35,82      46.17,86      72.2%,31      557.66,86      160.24,89      15.63,63      17.96,59      87.0%,72      12.46,88      16.59,90      75.1%,37      3.65,89      7.43,91      49.2%,39      0.12,48      1.20,39      3.59,90      0.72,23      0.24,56      43.05,87      2.87,68      0.36,60      0.42,85      0.60,92      3.53,74      0.42,54      1.26,70      1.08,81      0.12,64      0.00,40      0.24,22      1.32,35      3.41,61      2.87,80      0.24,63      0.06,12      0.18,37      0.00,4      0.06,69      0.18,19      0.12,23      0.00,36      0.06,74      0.00,27      0.00,32      0.00,43      1.80,68      0.90,54      0.54,52      0.72,68      0.54,90      0.78,73      2.04,79      38.2%,46      1.26,21      0.96,40      0.12,70      0.84,41      0.84,89      2.63,75      0.54,49      0.00,59      54.91,79      0.96,56      8.62,81      25.39,88      21.56,44      2.16,10      54.91,79      1.26,4      0.60,6      47.6%,71      0.60,93      47.6%,34      30.00,53      148.74,26      75.15,34      1.44,22      0.72,32      1.26,95      0.90,95      36.89,70      0.00,51      0.84,68      0.42,2      0.06,86      0.00,35      0.00,56      0.00,52      7.78,99      0.66,59      1.50,32      30.6%,43       https://fbref.com/req/202302030/images/headshots/82927de4_2022.jpg
Emerson Palmieri
FB      0.07,77      0.00,20      0.07,49      0.07,77      0.00,50      0.00,50      0.14,66      0.00,54      0.05,66      0.05,66      0.06,49      0.12,54      2.59,77      3.07,31      3.89,61      0.75,70      0.34,90      45.5%,92      0.09,70      0.20,48      14.50,78      0.00,43      0.07,54      +0.01,75      +0.01,75      39.00,42      49.70,38      78.5%,50      539.32,28      198.55,28      25.02,68      27.27,67      91.8%,79      10.57,14      13.30,9      79.5%,43      2.05,31      5.05,43      40.5%,26      0.05,46      0.89,72      2.52,37      0.75,50      0.27,34      41.32,43      8.25,45      0.61,34      0.00,20      0.00,8      3.20,70      6.68,33      0.95,80      0.07,70      0.68,86      0.00,47      0.14,56      1.84,15      1.98,68      1.36,54      0.27,77      0.07,70      0.07,56      0.14,86      0.07,85      0.00,8      0.00,11      0.00,40      0.00,45      0.00,40      0.00,45      0.00,48      1.77,36      0.95,23      0.61,15      1.02,90      0.14,32      0.82,22      1.64,39      50.0%,23      0.82,42      1.16,48      0.27,34      0.89,58      1.02,48      2.80,34      2.45,52      0.00,73      60.95,39      4.09,67      16.43,16      26.32,50      18.61,68      1.70,70      60.95,39      1.98,79      0.41,37      20.7%,5      0.95,19      48.3%,27      28.02,33      162.95,56      91.36,60      1.77,81      0.48,81      0.68,84      0.75,31      36.27,50      0.00,50      0.89,62      1.02,70      0.00,80      0.00,45      0.00,66      0.00,56      4.50,16      1.23,60      0.61,93      66.7%,92       https://fbref.com/req/202302030/images/headshots/e0bc6fdc_2022.jpg
Angelo Ogbonna
CB      0.00,25      0.00,32      0.00,17      0.00,25      0.00,50      0.00,50      0.00,95      0.00,52      0.02,18      0.02,18      0.01,33      0.04,14      0.00,1      0.80,1      0.15,38      0.22,15      0.00,8      0.0%,8      0.00,25      12.60,34      0.00,46      0.09,40      -0.02,44      -0.02,44      24.16,2      30.19,1      80.0%,25      458.29,2      149.81,1      7.28,2      8.73,2      83.3%,10      13.82,6      15.79,4      87.6%,28      2.33,3      4.51,4      51.6%,27      0.01,4      0.22,43      0.58,1      0.07,17      0.00,30      29.54,2      0.65,3      0.51,9      0.00,24      0.00,4      0.00,10      0.00,4      0.00,48      0.00,49      0.00,49      0.00,50      0.00,95      0.15,91      0.44,13      0.36,14      0.00,30      0.00,41      0.00,15      0.00,36      0.07,96      0.00,14      0.00,18      0.00,47      0.00,49      0.00,41      0.00,46      0.00,49      0.80,10      0.29,3      0.51,15      0.29,22      0.00,19      0.36,13      0.73,20      50.0%,21      0.36,62      0.80,13      0.51,23      0.29,14      1.24,50      2.04,28      5.38,88      0.07,31      39.65,1      8.08,34      24.08,8      14.33,3      1.24,2      0.51,12      39.65,1      0.00,1      0.00,4      0.00,88      18.55,2      93.71,7      31.72,1      0.00,1      0.00,27      0.07,97      0.22,33      20.44,2      0.00,52      0.15,99      0.29,25      0.00,74      0.00,48      0.00,68      0.00,63      4.44,15      2.55,67      1.46,31      63.6%,64       https://fbref.com/req/202302030/images/headshots/74b2cd7e_2022.jpg
Gianluca Scamacca
FW      0.29,53      0.00,9      0.29,28      0.29,55      0.00,32      0.00,30      0.29,9      0.00,53      0.24,23      0.24,28      0.07,25      0.30,18      1.26,31      1.65,52      4.67,19      2.92,72      0.97,52      33.3%,24      0.10,34      0.30,43      18.70,6      0.10,87      0.08,7      +0.05,75      +0.05,72      11.47,19      17.20,19      66.7%,33      195.75,35      36.74,43      6.12,9      8.26,6      74.1%,21      3.01,23      5.05,33      59.6%,11      1.65,86      2.04,79      81.0%,97      0.05,24      1.26,69      1.36,75      0.49,38      0.10,65      16.81,25      0.29,9      0.00,25      0.00,8      0.78,99      0.10,6      0.00,14      0.00,33      0.00,40      0.00,45      0.00,47      0.10,42      0.68,75      2.33,52      1.94,72      0.00,33      0.10,26      0.19,36      0.00,5      0.10,89      0.10,13      0.10,21      0.00,45      0.00,26      0.00,26      0.00,31      0.00,47      0.97,60      0.49,53      0.10,28      0.29,40      0.58,96      0.19,31      0.19,6      100.0%,99      0.00,99      0.29,4      0.00,14      0.29,9      0.39,72      1.36,67      0.49,33      0.00,57      26.53,11      0.49,18      1.26,3      13.12,35      12.44,8      3.69,23      26.53,11      1.36,19      0.58,30      42.9%,55      0.58,86      42.9%,65      13.90,11      64.15,6      27.41,21      0.68,26      0.29,13      2.24,70      1.75,40      19.73,19      0.00,50      1.56,31      0.97,40      0.58,43      0.00,33      0.00,53      0.00,50      2.24,28      1.65,55      2.04,62      44.7%,74       https://fbref.com/req/202302030/images/headshots/8790f988_2022.jpg
Ben Johnson
FB      0.00,25      0.00,20      0.00,11      0.00,25      0.00,50      0.00,50      0.00,96      0.00,54      0.01,13      0.01,13      0.02,8      0.03,3      1.56,44      3.85,60      2.29,27      0.21,11      0.10,43      50.0%,96      0.00,25      0.00,25      21.20,27      0.00,43      0.03,7      -0.01,52      -0.01,52      41.05,52      55.60,63      73.8%,30      723.12,64      259.40,63      18.39,33      20.99,28      87.6%,38      18.19,64      22.55,72      80.6%,45      3.64,73      8.83,90      41.2%,27      0.04,23      0.31,9      2.81,48      1.04,70      0.52,80      48.12,66      7.38,26      0.73,46      0.00,20      0.73,93      1.66,40      6.44,30      0.00,30      0.00,34      0.00,36      0.00,47      0.10,70      1.25,46      0.83,5      0.73,10      0.00,16      0.10,79      0.00,16      0.00,19      0.00,30      0.00,8      0.00,11      0.00,40      0.00,45      0.00,40      0.00,45      0.00,48      2.08,56      1.46,67      1.25,56      0.42,17      0.42,93      1.25,62      1.87,52      66.7%,69      0.62,64      1.25,60      0.42,67      0.83,55      0.94,36      3.01,40      2.91,73      0.10,11      65.16,56      4.47,75      26.61,91      30.03,69      9.04,8      0.21,3      65.16,56      1.77,74      0.83,75      47.1%,61      0.62,38      35.3%,69      28.68,38      150.59,46      67.55,36      0.62,13      0.10,30      0.73,77      0.73,33      34.82,45      0.00,50      0.31,98      0.52,37      0.10,30      0.00,45      0.00,66      0.00,56      6.96,97      1.66,80      0.94,67      64.0%,87       https://fbref.com/req/202302030/images/headshots/9319781b_2022.jpg
Craig Dawson
CB      0.04,64      0.00,32      0.04,44      0.04,64      0.00,50      0.00,50      0.25,22      0.00,52      0.06,66      0.06,66      0.00,10      0.06,36      0.21,23      2.61,30      0.08,22      0.72,78      0.13,55      17.6%,31      0.06,56      0.33,57      12.80,31      0.00,46      0.09,40      -0.02,52      -0.02,52      43.23,41      52.13,45      82.9%,39      911.22,50      325.12,50      12.86,27      14.47,27      88.9%,33      22.77,43      24.97,41      91.2%,52      7.17,92      11.47,94      62.5%,70      0.01,15      0.08,9      3.21,48      0.13,34      0.00,30      50.44,46      1.52,29      1.27,45      0.00,24      0.25,35      0.08,40      0.25,39      0.00,48      0.00,49      0.00,49      0.00,50      0.17,33      0.25,80      0.76,50      0.67,62      0.00,30      0.00,41      0.04,40      0.04,83      0.00,36      0.04,34      0.00,18      0.00,47      0.00,49      0.00,41      0.04,98      0.00,49      0.80,12      0.51,18      0.59,25      0.21,10      0.00,19      0.34,9      0.55,3      61.5%,46      0.21,87      1.69,82      1.22,90      0.46,46      0.76,15      1.56,8      4.22,54      0.08,23      61.74,44      9.91,65      35.00,61      24.42,33      2.53,40      1.22,72      61.74,44      0.21,27      0.13,33      60.0%,47      0.04,69      20.0%,57      34.63,43      154.23,34      81.10,33      0.34,44      0.00,27      0.30,65      0.25,22      40.66,45      0.00,52      0.72,52      0.55,65      0.00,74      0.04,99      0.04,25      0.00,63      5.06,38      2.02,45      1.81,17      52.7%,12       https://fbref.com/req/202302030/images/headshots/3e9e06cb_2022.jpg
Danny Ings
FW      0.45,72      0.11,50      0.56,65      0.34,64      0.11,89      0.11,87      0.23,21      0.00,53      0.47,72      0.38,59      0.12,53      0.51,62      1.35,36      1.35,35      5.07,42      2.25,40      0.90,45      40.0%,54      0.15,64      0.38,66      13.90,60      0.00,36      0.17,78      -0.02,50      -0.05,43      11.59,21      17.45,25      66.5%,31      139.70,16      33.26,35      7.77,30      10.47,28      74.2%,23      2.36,13      3.21,4      73.7%,48      0.45,26      1.41,47      32.0%,6      0.08,50      0.84,38      1.01,50      0.34,25      0.00,19      16.77,23      0.68,28      0.00,25      0.39,84      0.06,36      0.23,16      0.00,14      0.00,33      0.00,40      0.00,45      0.00,47      0.00,86      0.79,65      1.58,11      1.29,36      0.00,33      0.17,45      0.11,19      0.00,5      0.00,28      0.23,36      0.17,48      0.00,45      0.06,74      0.00,26      0.00,31      0.00,47      1.07,69      0.73,79      0.06,19      0.56,74      0.45,91      0.34,69      1.13,75      30.0%,43      0.79,21      1.13,81      0.17,70      0.96,79      0.23,45      1.29,62      0.90,65      0.00,57      27.92,19      1.13,57      2.70,28      11.88,23      13.73,21      4.84,65      27.80,18      1.91,40      0.84,42      44.1%,61      1.01,43      52.9%,27      16.44,26      71.59,19      29.27,23      0.79,31      0.68,42      1.74,86      1.52,52      19.31,14      0.00,50      0.90,79      0.79,21      0.79,23      0.00,33      0.00,53      0.00,50      2.59,45      1.41,45      2.08,58      40.3%,67       https://fbref.com/req/202302030/images/headshots/07802f7f_2022.jpg
Flynn Downes
MF      0.00,16      0.00,13      0.00,7      0.00,16      0.00,46      0.00,45      0.24,39      0.00,55      0.05,27      0.05,30      0.01,4      0.06,13      0.35,10      2.60,10      1.30,34      0.47,11      0.12,15      25.0%,34      0.00,16      0.00,16      14.60,94      0.00,35      0.11,79      -0.05,25      -0.05,25      34.13,45      39.09,27      87.3%,90      479.76,27      108.78,18      21.61,67      22.91,62      94.3%,98      10.16,24      11.46,17      88.7%,75      1.18,7      1.65,3      71.4%,81      0.01,3      0.24,4      2.95,34      0.12,4      0.00,12      38.15,35      0.83,20      0.24,16      0.00,7      0.24,41      0.35,27      0.00,7      0.00,22      0.00,29      0.00,32      0.00,42      0.12,60      0.71,79      1.54,16      0.94,10      0.00,20      0.00,15      0.35,99      0.24,84      0.00,21      0.00,7      0.00,8      0.00,40      0.00,39      0.00,36      0.00,36      0.00,44      1.89,40      1.06,32      0.47,18      1.18,77      0.24,47      0.71,31      1.42,16      50.0%,69      0.71,84      1.77,84      0.24,44      1.54,84      0.83,37      2.72,31      0.71,24      0.00,68      47.83,20      1.65,27      8.74,14      31.30,58      8.03,14      0.59,23      47.83,20      0.24,1      0.12,1      50.0%,50      0.00,98      0.0%,98      26.46,30      122.95,26      42.99,13      0.59,13      0.12,41      1.30,49      0.71,71      32.60,38      0.00,53      0.94,76      1.42,67      0.00,80      0.00,43      0.00,57      0.00,54      5.20,23      1.06,71      1.42,20      42.9%,39       https://fbref.com/req/202302030/images/headshots/69fdb896_2022.jpg