
Conor Coady
CB      0.11,85      0.00,33      0.11,69      0.11,85      0.00,50      0.00,50      0.11,76      0.00,59      0.08,81      0.08,81      0.00,12      0.08,50      0.16,14      0.94,3      0.08,15      0.32,25      0.11,36      33.3%,62      0.33,94      1.00,87      12.50,36      0.00,47      0.23,99      +0.03,81      +0.03,81      40.54,40      45.31,34      89.5%,89      887.82,59      335.79,60      8.62,10      9.32,4      92.5%,83      24.82,59      26.16,49      94.9%,95      6.88,90      9.18,71      74.9%,96      0.01,9      0.08,9      1.37,13      0.08,34      0.00,32      44.29,34      0.94,17      0.94,31      0.05,66      0.05,10      0.05,41      0.00,4      0.00,49      0.00,49      0.00,50      0.00,50      0.08,60      0.13,93      0.21,4      0.21,9      0.00,34      0.00,38      0.00,14      0.00,38      0.00,31      0.00,17      0.00,20      0.00,47      0.00,48      0.00,35      0.00,46      0.00,48      0.83,17      0.37,10      0.62,27      0.19,14      0.03,34      0.43,24      0.75,23      57.1%,36      0.32,73      1.23,44      1.07,77      0.16,10      0.75,14      1.58,10      3.75,48      0.00,81      52.78,29      11.22,88      34.81,71      17.38,12      0.83,1      0.51,12      52.78,29      0.03,6      0.03,14      100.0%,88      0.00,88      0.0%,88      30.63,36      141.60,35      70.32,29      0.08,13      0.03,61      0.16,94      0.03,86      36.77,44      0.00,54      0.54,71      0.03,1      0.05,33      0.00,47      0.00,67      0.00,57      4.34,20      0.86,1      0.64,97      57.1%,33       https://fbref.com/req/202302030/images/headshots/2928dca2_2022.jpg
José Sá
GK      1.10,83      4.38,52      3.32,71      80.6%,98      0.41,63      0.14,13      0.47,67      0.30,63      30.6%,63      0.27,90      0.25,10      0.00,37      0.03,83      0.0%,37      0.03,40      0.03,94      0.03,63      1.27,44      0.24,17      +0.21,98      3.32,29      11.29,37      29.4%,17      23.12,33      5.92,90      35.4%,44      34.7,62      7.15,29      43.3%,38      36.9,42      15.04,63      1.18,83      7.8%,87      1.10,48      13.3,33       https://fbref.com/req/202302030/images/headshots/903b6e8b_2022.jpg
João Moutinho
MF      0.06,48      0.03,24      0.09,30      0.06,50      0.00,46      0.00,45      0.12,63      0.00,54      0.04,22      0.04,23      0.08,47      0.12,26      1.27,38      5.94,78      1.12,24      0.61,15      0.21,28      35.0%,71      0.10,73      0.29,65      24.30,20      0.12,80      0.06,44      +0.02,71      +0.02,71      51.52,81      61.79,83      83.4%,71      954.58,88      229.64,75      21.21,67      23.61,65      89.9%,71      22.24,86      25.00,87      89.0%,79      6.70,94      10.03,90      66.8%,68      0.07,38      1.18,63      5.15,78      0.55,29      0.12,50      56.09,78      5.58,87      2.91,97      0.15,46      0.76,88      3.27,79      0.21,50      2.33,91      0.48,71      1.21,96      0.09,93      0.12,54      1.06,33      2.48,50      1.61,40      0.67,88      0.03,25      0.12,54      0.00,11      0.06,65      0.12,22      0.09,28      0.03,75      0.00,40      0.00,35      0.00,41      0.00,46      2.24,62      1.18,50      1.03,66      0.82,48      0.39,86      0.91,53      3.21,88      28.3%,17      2.30,5      1.45,68      0.24,53      1.21,72      1.03,57      3.27,57      1.09,50      0.06,17      70.42,78      1.91,44      15.88,73      40.55,82      14.61,47      0.36,13      70.42,78      0.64,12      0.48,17      76.2%,91      0.15,94      23.8%,91      36.21,69      166.79,54      82.39,58      1.30,48      0.06,20      0.91,89      0.61,81      45.03,72      0.00,52      1.09,59      0.45,11      0.00,77      0.00,42      0.03,18      0.00,51      7.70,83      0.45,17      0.70,78      39.5%,33       https://fbref.com/req/202302030/images/headshots/f5a00fa4_2022.jpg
Romain Saïss
CB      0.07,64      0.00,33      0.07,46      0.07,64      0.00,50      0.00,50      0.20,40      0.00,59      0.09,90      0.09,90      0.01,32      0.10,76      0.60,57      4.56,81      0.30,67      0.60,61      0.20,73      33.3%,62      0.11,64      0.33,54      12.30,38      0.03,97      0.16,92      -0.02,29      -0.02,29      47.81,59      60.16,65      79.5%,29      893.68,60      414.33,85      19.46,72      21.89,72      88.9%,46      22.99,51      27.02,54      85.1%,25      4.92,64      9.92,80      49.7%,33      0.01,20      0.23,48      5.29,87      0.03,18      0.00,32      58.06,67      1.93,56      1.50,73      0.03,55      1.00,96      0.30,78      0.43,59      0.00,49      0.00,49      0.00,50      0.00,50      0.17,29      0.43,40      0.53,34      0.50,46      0.00,34      0.00,38      0.03,31      0.00,38      0.00,31      0.00,17      0.00,20      0.00,47      0.00,48      0.00,35      0.00,46      0.00,48      1.33,51      0.90,65      0.93,55      0.37,46      0.03,43      0.63,50      1.10,54      57.6%,40      0.47,41      1.36,61      0.70,34      0.67,80      1.93,92      3.26,75      5.26,91      0.07,38      71.97,66      9.35,73      39.53,83      28.75,51      3.93,70      1.10,60      71.97,66      0.33,64      0.23,61      70.0%,46      0.10,36      30.0%,46      38.86,61      163.60,49      92.20,49      0.67,72      0.00,30      0.33,57      0.17,44      46.98,65      0.00,54      1.00,29      0.50,61      0.10,9      0.00,47      0.07,14      0.00,57      5.22,51      2.40,54      1.66,36      59.0%,44       https://fbref.com/req/202302030/images/headshots/9fbbcf39_2022.jpg
Rúben Neves
MF      0.14,68      0.07,43      0.20,58      0.14,71      0.00,46      0.00,45      0.30,17      0.00,54      0.04,18      0.04,19      0.10,63      0.15,41      1.15,34      6.83,84      0.64,8      1.42,63      0.54,73      38.1%,74      0.10,73      0.25,59      27.40,6      0.14,83      0.03,8      +0.10,92      +0.10,92      55.30,85      67.37,91      82.1%,64      1183.60,97      294.32,92      16.47,43      18.70,42      88.1%,59      27.97,97      31.69,96      88.3%,69      10.11,99      14.07,99      71.9%,81      0.09,58      0.85,37      6.76,91      1.01,65      0.17,59      64.50,90      2.37,61      2.06,89      0.54,95      1.32,99      1.49,56      0.14,33      0.17,58      0.00,28      0.10,65      0.00,43      0.51,2      0.98,42      2.27,43      1.96,61      0.03,47      0.03,28      0.14,59      0.07,41      0.03,47      0.14,25      0.14,45      0.00,37      0.00,40      0.00,35      0.00,41      0.00,46      2.30,65      1.25,58      0.78,37      1.39,88      0.14,27      0.81,45      2.94,83      27.6%,15      2.13,8      1.32,58      0.17,40      1.15,65      1.39,82      3.69,72      1.66,78      0.10,7      77.15,91      3.04,79      18.70,92      48.16,93      11.23,25      0.20,6      77.15,91      1.08,28      0.88,46      81.3%,95      0.20,87      18.8%,95      43.97,84      182.37,63      88.17,64      1.15,39      0.03,12      1.12,79      0.58,83      54.35,84      0.00,52      0.85,78      0.41,9      0.03,54      0.00,42      0.00,59      0.00,51      8.22,93      0.64,33      0.88,66      42.2%,42       https://fbref.com/req/202302030/images/headshots/44bfb6c5_2022.jpg
Max Kilman
CB      0.03,44      0.00,33      0.03,30      0.03,44      0.00,50      0.00,50      0.10,78      0.00,59      0.04,39      0.04,39      0.01,23      0.04,27      1.04,78      3.18,62      0.23,61      0.44,41      0.13,49      30.8%,55      0.08,52      0.25,46      9.40,76      0.00,47      0.09,51      0.00,55      0.00,55      43.98,49      51.41,40      85.5%,61      802.46,45      289.09,41      17.99,65      19.69,62      91.3%,62      20.97,41      23.18,33      90.5%,50      4.39,55      7.03,40      62.4%,72      0.01,27      0.10,14      3.28,66      0.10,44      0.00,32      50.48,51      0.87,12      0.60,17      0.00,24      0.47,64      0.07,45      0.27,45      0.00,49      0.00,49      0.00,50      0.00,50      0.07,66      0.50,29      0.33,12      0.23,14      0.00,34      0.03,83      0.03,33      0.00,38      0.03,78      0.07,52      0.03,45      0.00,47      0.00,48      0.03,80      0.00,46      0.00,48      1.67,71      0.87,60      1.27,80      0.33,41      0.07,59      0.80,66      1.24,61      64.9%,67      0.44,46      1.21,41      0.70,35      0.50,66      1.51,80      3.18,72      3.78,49      0.10,20      61.83,41      6.90,30      30.98,48      28.27,49      3.08,57      0.74,30      61.83,41      0.67,86      0.57,87      85.0%,70      0.10,35      15.0%,70      34.80,48      189.24,60      108.62,62      0.77,76      0.00,30      0.70,14      0.17,43      40.90,56      0.00,54      0.57,69      0.37,48      0.00,75      0.00,47      0.03,27      0.00,57      5.19,49      2.21,48      1.31,67      62.9%,57       https://fbref.com/req/202302030/images/headshots/d0f72bf1_2022.jpg
Raúl Jiménez
FW      0.21,30      0.14,53      0.34,32      0.17,30      0.03,71      0.03,68      0.31,14      0.07,2      0.21,12      0.18,12      0.11,39      0.29,11      1.37,35      2.22,61      5.58,34      1.92,16      0.51,6      26.8%,11      0.09,34      0.33,59      16.90,21      0.03,78      0.10,22      0.00,66      -0.01,61      18.78,65      26.51,68      70.8%,56      257.00,68      55.79,70      11.12,63      13.99,65      79.5%,55      5.03,63      7.05,65      71.4%,55      1.06,75      1.71,71      62.0%,61      0.11,66      1.30,66      1.30,63      0.65,40      0.07,48      24.46,65      1.88,80      0.07,61      0.27,78      0.24,83      0.34,20      0.31,71      0.00,37      0.00,40      0.00,42      0.00,48      0.17,30      1.06,30      2.43,45      1.78,55      0.03,76      0.24,60      0.21,34      0.14,27      0.03,57      0.48,83      0.24,61      0.00,44      0.14,94      0.10,89      0.00,27      0.00,44      0.99,65      0.48,50      0.21,55      0.55,81      0.24,47      0.21,45      1.03,61      20.0%,27      0.82,30      1.06,78      0.17,80      0.89,71      0.44,83      1.44,70      0.89,66      0.00,54      39.34,73      1.20,76      3.63,53      20.56,91      15.60,32      4.31,37      39.30,73      2.98,76      1.23,63      41.4%,22      1.74,14      58.6%,22      22.03,61      116.55,53      43.72,45      1.27,57      0.72,43      3.39,20      1.95,22      29.08,66      0.07,1      1.47,25      1.64,88      0.79,22      0.00,30      0.00,52      0.00,51      3.01,48      2.16,63      2.91,40      42.6%,75       https://fbref.com/req/202302030/images/headshots/b561db50_2022.jpg
Nélson Semedo
MF,FB      0.00,16,24      0.04,30,29      0.04,14,14      0.00,17,24      0.00,46,50      0.00,45,50      0.04,92,88      0.00,54,55      0.07,45,82      0.07,46,82      0.05,29,24      0.12,29,49      3.34,89,90      3.29,33,46      6.17,87,77      0.80,28,71      0.17,21,63      21.1%,23,45      0.00,17,24      0.00,17,24      20.20,57,44      0.00,32,41      0.08,65,78      -0.07,10,5      -0.07,11,5      38.69,57,50      49.37,57,45      78.4%,46,69      539.16,44,29      186.17,56,25      23.95,77,64      26.52,75,63      90.3%,77,79      12.25,43,33      15.50,49,27      79.0%,30,60      1.31,14,7      3.89,36,16      33.7%,5,10      0.06,32,32      0.76,27,46      2.62,32,49      0.51,25,11      0.08,35,6      39.74,44,46      9.42,96,50      0.13,15,3      0.04,19,42      0.04,9,16      1.35,54,16      9.29,99,79      0.00,22,24      0.00,28,30      0.00,28,31      0.00,43,47      0.21,24,36      1.73,4,14      1.86,21,50      1.39,25,44      0.04,49,21      0.21,75,90      0.08,35,62      0.08,46,54      0.04,54,67      0.04,5,3      0.04,12,12      0.00,37,31      0.00,40,41      0.00,35,41      0.00,41,40      0.00,46,47      2.45,73,72      1.65,83,81      1.65,94,79      0.72,37,59      0.08,13,19      1.06,69,50      2.07,47,64      51.0%,85,31      1.01,68,29      0.97,29,24      0.17,39,24      0.80,36,14      0.89,42,23      3.34,62,49      2.70,96,64      0.04,28,31      62.80,61,49      3.80,92,54      17.57,88,37      25.55,35,42      20.31,75,71      2.20,68,75      62.80,61,49      2.70,79,90      1.65,84,92      60.9%,48,76      1.06,21,19      39.1%,48,76      32.18,55,54      193.01,71,75      109.77,82,79      2.66,92,93      0.72,83,81      2.15,23,7      1.14,38,11      35.73,50,53      0.00,52,53      0.97,69,47      1.01,46,72      0.17,17,11      0.00,42,46      0.04,13,23      0.00,51,56      6.55,62,84      0.63,30,15      1.14,42,49      35.7%,25,12       https://fbref.com/req/202302030/images/headshots/d04b94db_2022.jpg
Leander Dendoncker
MF      0.09,62      0.09,58      0.18,57      0.09,63      0.00,46      0.00,45      0.18,51      0.00,54      0.10,56      0.10,62      0.05,25      0.15,46      0.42,6      2.95,20      2.08,45      1.06,43      0.46,66      43.5%,90      0.09,68      0.20,48      16.10,90      0.00,32      0.10,82      -0.01,50      -0.01,49      32.72,45      37.94,31      86.3%,83      515.63,42      101.49,19      15.14,38      17.40,36      87.0%,48      13.89,53      15.14,46      91.8%,91      2.08,33      2.63,17      78.9%,93      0.02,5      0.51,13      2.40,29      0.18,4      0.00,9      37.15,34      0.74,19      0.55,38      0.00,7      0.05,11      0.23,13      0.18,46      0.00,22      0.00,28      0.00,28      0.00,43      0.05,82      0.51,88      1.25,7      1.15,14      0.00,23      0.00,13      0.05,21      0.00,11      0.05,58      0.32,73      0.23,70      0.00,37      0.00,40      0.05,83      0.00,41      0.05,97      1.94,44      0.78,27      1.15,77      0.65,29      0.14,29      1.02,67      2.31,61      44.0%,67      1.29,44      1.71,83      0.46,86      1.25,76      0.42,7      2.35,27      1.75,83      0.05,25      47.26,23      2.72,71      13.02,55      25.02,33      9.37,14      1.52,50      47.26,23      0.46,6      0.23,3      50.0%,18      0.23,85      50.0%,18      21.28,9      85.98,5      33.32,4      0.65,13      0.00,5      1.15,76      0.42,95      30.05,33      0.00,52      0.60,93      0.28,4      0.00,77      0.00,42      0.00,59      0.00,51      4.94,17      1.38,75      1.52,24      47.6%,54       https://fbref.com/req/202302030/images/headshots/5a7301ae_2022.jpg
Rayan Aït-Nouri
FB,MF      0.05,66,42      0.10,58,63      0.15,62,49      0.05,66,44      0.00,50,46      0.00,50,45      0.20,32,46      0.00,55,54      0.03,45,13      0.03,45,14      0.08,49,43      0.11,41,21      2.95,82,84      2.41,12,10      6.25,80,89      0.64,56,16      0.20,68,25      30.8%,70,52      0.08,64,62      0.25,57,59      17.60,64,79      0.00,41,32      0.04,23,17      +0.02,76,69      +0.02,76,69      37.57,47,54      50.47,47,60      74.4%,44,25      598.24,46,50      200.09,37,65      20.58,49,63      23.24,46,62      88.6%,59,62      13.44,49,49      17.77,46,57      75.6%,42,19      2.66,51,51      6.94,63,71      38.3%,31,10      0.05,27,28      0.84,54,35      1.38,10,12      0.69,31,45      0.49,75,92      39.93,47,46      10.39,71,99      0.49,34,32      0.05,46,22      0.34,67,63      4.73,81,89      8.47,62,98      1.43,81,77      0.54,82,72      0.79,86,91      0.00,47,43      0.15,62,46      0.94,81,46      2.22,63,39      1.48,55,33      0.39,75,76      0.20,89,71      0.00,16,8      0.10,62,52      0.05,72,61      0.30,79,65      0.20,75,63      0.05,75,83      0.00,41,40      0.00,41,35      0.05,85,88      0.00,47,46      3.15,94,93      1.77,86,90      2.26,97,99      0.74,63,38      0.15,37,30      1.08,53,75      2.17,67,54      50.0%,26,83      1.08,24,63      1.18,56,47      0.10,8,24      1.08,84,46      1.08,34,62      4.23,85,86      1.92,23,88      0.05,25,24      63.66,53,64      2.41,15,61      22.60,81,97      22.55,24,21      19.30,64,68      1.92,69,65      63.66,53,64      3.99,99,96      2.07,97,92      51.9%,47,25      1.92,1,6      48.1%,47,25      32.45,55,57      184.33,68,66      96.94,68,76      1.87,80,75      0.94,94,90      2.17,5,22      1.33,5,26      36.24,55,53      0.00,53,52      0.69,73,88      0.98,68,46      0.15,14,20      0.05,98,93      0.00,68,59      0.00,56,51      6.30,75,54      0.84,23,54      0.64,92,83      56.7%,71,83       https://fbref.com/req/202302030/images/headshots/9b398aea_2022.jpg
Hwang Hee-chan
AM      0.25,49      0.05,11      0.30,33      0.25,54      0.00,40      0.00,38      0.10,58      0.00,53      0.22,48      0.22,53      0.06,6      0.29,21      3.27,57      2.82,46      5.65,31      1.34,11      0.59,30      44.4%,88      0.19,88      0.42,78      15.40,81      0.00,27      0.16,89      +0.03,62      +0.03,60      25.42,44      31.67,33      80.3%,81      378.34,51      72.16,29      14.42,40      16.90,40      85.3%,47      7.93,54      9.27,40      85.6%,90      1.83,56      2.53,38      72.5%,97      0.06,6      0.79,7      1.54,49      0.69,16      0.00,4      31.02,39      0.55,17      0.05,20      0.35,74      0.10,39      0.35,1      0.20,33      0.10,37      0.00,19      0.00,23      0.00,42      0.10,65      0.64,93      1.83,4      1.29,7      0.00,18      0.25,49      0.10,13      0.15,39      0.05,70      0.10,6      0.05,6      0.00,37      0.05,70      0.00,23      0.00,31      0.00,46      1.34,57      0.64,40      0.45,49      0.79,81      0.10,16      0.69,74      2.18,78      31.8%,54      1.49,20      0.50,12      0.00,13      0.50,16      0.64,63      1.98,60      0.35,30      0.05,10      41.83,28      0.64,37      5.75,57      20.02,63      16.70,8      3.57,49      41.83,28      3.42,65      1.64,61      47.8%,37      1.78,33      52.2%,37      27.16,34      185.06,46      85.34,46      1.78,43      1.34,62      2.33,62      1.19,76      32.26,37      0.00,52      1.44,15      2.08,84      0.15,74      0.00,37      0.00,53      0.00,51      4.56,54      0.35,24      1.04,65      25.0%,20       https://fbref.com/req/202302030/images/headshots/169fd162_2022.jpg
Fernando Marçal
MF,FB      0.00,16,24      0.00,10,10      0.00,6,6      0.00,17,24      0.00,46,50      0.00,45,50      0.19,50,40      0.00,54,55      0.02,12,31      0.02,13,31      0.04,13,10      0.06,8,12      2.42,73,66      3.11,27,36      6.09,85,76      0.68,19,63      0.06,8,24      9.1%,6,13      0.00,17,24      0.00,17,24      23.30,26,12      0.00,32,41      0.03,8,10      -0.02,36,34      -0.02,35,34      41.55,63,60      55.09,68,60      75.4%,33,47      648.07,60,64      210.12,68,42      22.11,70,59      24.47,67,55      90.4%,79,80      16.40,66,72      21.55,77,77      76.1%,20,47      2.17,35,37      5.40,56,41      40.2%,14,40      0.04,21,16      0.62,20,29      2.17,25,38      0.56,31,14      0.25,70,31      46.15,60,62      8.51,94,37      0.25,22,12      0.00,7,19      0.06,14,23      3.73,83,72      8.07,97,55      0.19,59,64      0.06,60,66      0.06,63,68      0.00,43,47      0.43,3,1      1.37,13,38      1.37,9,19      1.18,15,28      0.06,50,28      0.00,13,16      0.06,25,50      0.06,38,45      0.00,20,29      0.12,23,27      0.00,4,5      0.06,89,81      0.00,40,41      0.06,92,90      0.00,41,40      0.00,46,47      2.61,80,76      1.37,73,62      1.68,95,80      0.87,50,75      0.06,8,10      1.30,92,71      2.30,58,68      56.8%,94,52      0.99,70,32      1.55,75,90      0.25,54,37      1.30,81,38      1.74,91,86      4.35,89,90      3.23,99,82      0.00,71,72      67.89,72,63      3.66,89,47      21.61,96,68      27.52,45,60      19.38,70,66      1.49,49,62      67.89,72,63      0.87,21,29      0.43,16,24      50.0%,18,35      0.43,65,66      50.0%,18,35      32.67,58,56      153.17,46,42      89.88,67,59      1.61,62,64      0.25,54,51      1.55,46,27      0.37,96,69      38.76,61,59      0.00,52,53      1.80,10,3      0.56,17,28      0.06,43,44      0.00,42,46      0.06,5,11      0.00,51,56      5.84,43,63      1.61,83,79      1.12,46,51      59.1%,87,80       https://fbref.com/req/202302030/images/headshots/9ae9eaea_2022.jpg
Francisco Trincão
AM      0.13,28      0.07,16      0.20,16      0.13,30      0.00,40      0.00,38      0.00,92      0.00,53      0.25,60      0.25,66      0.11,19      0.36,46      3.77,75      2.69,38      6.27,39      2.16,53      0.88,62      40.6%,75      0.06,22      0.15,15      18.60,38      0.07,65      0.12,67      -0.11,10      -0.11,10      23.98,38      31.19,31      76.9%,66      358.99,46      73.77,33      13.54,33      15.49,31      87.4%,75      7.01,40      8.56,30      81.9%,79      2.02,61      3.71,53      54.5%,65      0.11,32      0.94,15      1.95,65      0.74,22      0.20,44      29.51,30      1.62,49      0.54,66      0.13,34      0.40,83      2.22,48      0.13,16      0.94,60      0.13,48      0.54,80      0.00,42      0.07,81      1.28,26      2.96,37      1.89,29      0.27,65      0.61,94      0.00,3      0.13,33      0.07,80      0.13,8      0.13,24      0.00,37      0.00,30      0.00,23      0.00,31      0.00,46      1.89,83      1.01,79      0.61,65      0.88,87      0.40,81      0.20,16      1.28,44      15.8%,8      1.08,40      1.15,67      0.07,54      1.08,74      0.81,78      2.69,88      0.07,2      0.07,6      45.54,37      0.13,2      4.31,26      20.82,70      21.29,35      3.10,28      45.54,37      5.79,96      2.96,96      51.2%,53      2.83,4      48.8%,53      26.68,31      195.09,63      101.32,71      1.82,46      1.08,46      3.03,25      1.21,75      31.66,33      0.00,52      0.88,56      1.48,60      0.07,92      0.00,37      0.00,53      0.00,51      4.92,63      0.40,28      1.08,61      27.3%,30       https://fbref.com/req/202302030/images/headshots/77e39b04_2022.jpg
Daniel Podence
AM,FW      0.12,21,9      0.18,63,73      0.30,34,24      0.12,24,12      0.00,40,32      0.00,38,30      0.12,49,61      0.00,53,55      0.12,10,2      0.12,11,2      0.24,83,93      0.36,43,29      3.82,78,94      4.55,76,93      6.19,38,47      2.12,51,35      0.91,69,61      42.9%,82,81      0.06,22,15      0.13,8,6      22.00,5,1      0.06,62,86      0.06,6,2      0.00,47,68      0.00,47,71      27.23,54,89      38.63,66,93      70.5%,24,50      422.53,63,91      130.27,78,98      15.04,48,86      18.32,52,86      82.1%,31,70      7.34,47,83      11.16,57,88      65.8%,12,29      2.97,85,99      4.73,70,98      62.8%,80,66      0.19,84,96      2.18,89,98      1.94,63,84      2.18,94,99      0.61,97,98      36.27,67,91      2.30,62,88      0.18,46,86      0.49,85,93      0.55,87,96      3.03,61,98      0.61,78,96      1.09,63,96      0.12,46,91      0.67,87,98      0.12,94,99      0.06,84,80      1.46,11,6      4.00,75,93      3.03,80,93      0.00,18,34      0.18,35,48      0.42,92,91      0.24,66,61      0.12,96,93      0.30,39,50      0.18,39,52      0.00,37,44      0.00,30,29      0.06,70,60      0.00,31,27      0.06,97,94      1.09,39,76      0.67,47,76      0.61,66,94      0.30,24,40      0.18,34,29      0.24,22,60      1.03,26,63      23.5%,22,43      0.79,66,39      0.49,11,14      0.06,48,39      0.42,7,6      0.61,58,93      1.70,43,86      0.06,1,1      0.00,60,54      49.31,62,93      0.06,1,1      5.16,44,91      20.74,69,93      24.14,65,84      3.15,30,6      49.31,62,93      4.00,79,93      2.12,78,91      53.0%,58,58      1.88,26,12      47.0%,58,58      32.87,74,91      221.42,84,94      109.35,80,94      2.85,88,94      1.27,56,70      2.12,67,78      2.06,20,19      37.90,69,89      0.00,52,53      0.49,90,98      1.52,61,78      0.18,63,94      0.00,37,30      0.00,53,52      0.00,51,51      4.79,60,93      0.12,2,1      1.03,67,94      10.5%,1,1       https://fbref.com/req/202302030/images/headshots/7fcc71d8_2022.jpg
Adama Traoré
AM      0.08,12      0.00,3      0.08,3      0.08,12      0.00,40      0.00,38      0.00,92      0.00,53      0.25,61      0.25,67      0.12,29      0.37,51      7.09,98      2.45,28      7.17,53      1.94,40      0.42,16      21.7%,7      0.04,12      0.20,24      19.70,20      0.00,27      0.13,76      -0.17,3      -0.17,4      20.41,20      28.59,21      71.4%,29      308.29,28      55.92,11      10.63,16      13.33,15      79.7%,16      6.66,30      9.19,39      72.5%,26      1.77,51      2.61,40      67.7%,88      0.12,43      1.52,54      1.27,33      1.01,39      0.51,94      28.34,28      0.17,3      0.00,6      0.17,43      0.17,52      3.29,63      0.08,8      0.00,12      0.00,19      0.00,23      0.00,42      0.08,75      1.10,52      5.06,93      2.70,72      0.00,18      1.69,99      0.17,34      0.34,89      0.17,99      0.17,15      0.08,10      0.00,37      0.00,30      0.00,23      0.08,90      0.00,46      0.67,15      0.25,4      0.51,60      0.00,1      0.17,31      0.25,24      0.59,2      42.9%,85      0.34,99      0.34,2      0.08,67      0.25,2      0.17,8      0.84,8      0.08,3      