
Lewis Dunk
CB 0.03    0.05    0.65    0.00    0.02    0.07    0.71        80.76    89.2%    3.77    0.44    0.06    1.24    0.03        0.71    0.88    0.88    2.71    2.09    
Pascal Groß
MF 0.25    0.16    1.14    0.22    0.31    0.47    4.12        63.95    78.4%    7.19    1.84    0.51    3.20    6.20        1.58    0.41    1.01    0.60    0.25    
Solly March
AM 0.22    0.25    2.19    0.25    0.25    0.50    4.28        41.86    72.1%    4.60    3.55    1.68    4.25    10.95        1.68    0.79    1.14    0.92    0.92    
Moisés Caicedo
MF 0.06    0.07    0.88    0.03    0.08    0.14    2.64        60.00    88.2%    5.79    1.01    0.76    0.91    1.39        3.15    1.57    1.20    0.85    1.07    
Alexis Mac Allister
MF 0.10    0.22    2.46    0.03    0.11    0.33    3.33        53.22    85.8%    5.32    1.92    1.21    2.02    2.49        2.12    0.81    0.88    0.34    0.74    
Robert Sánchez
GK -0.11    1.21    68.1%    0.25    16.7%    28.6%        35.86    27.1%    6.04    39.2        8.2%    0.50    11.7    
Pervis Estupiñán
FB 0.00    0.04    0.79    0.12    0.17    0.21    2.88        63.39    80.9%    4.86    2.72    0.63    2.01    6.08        2.29    1.46    0.87    1.66    1.22    
Joël Veltman
CB 0.07    0.07    0.59    0.04    0.02    0.09    1.29        61.82    81.3%    5.75    1.77    0.30    0.92    1.81        2.58    1.07    1.33    2.40    1.18    
Adam Webster
CB 0.00    0.08    0.84    0.00    0.00    0.08    0.79        73.65    86.0%    4.95    0.79    0.14    1.17    0.33        0.98    0.84    1.40    3.04    2.90    
Kaoru Mitoma
AM 0.39    0.24    1.71    0.22    0.27    0.50    4.25        40.77    81.4%    3.98    5.47    2.21    6.41    10.00        1.82    0.50    1.11    0.50    0.77    
Danny Welbeck
FW 0.33    0.54    3.13    0.19    0.15    0.70    2.71        19.64    81.9%    1.96    1.40    0.98    5.61    6.73        0.70    0.14    1.12    0.98    2.01    
Leandro Trossard
FW 0.38    0.28    2.15    0.42    0.32    0.60    3.56        39.14    73.0%    4.71    3.37    1.15    5.79    8.78        0.77    0.42    1.30    0.15    0.31    
Adam Lallana
AM 0.24    0.11    0.97    0.12    0.12    0.23    2.68        40.31    82.5%    4.26    1.22    0.37    4.14    5.48        1.10    0.24    0.73    0.12    1.10    
Levi Colwill
CB 0.00    0.05    0.38    0.00    0.01    0.06    1.01        82.78    88.5%    4.43    1.39    0.00    0.38    0.38        0.25    1.01    0.38    2.41    3.67    
Evan Ferguson
FW 0.60    0.52    3.44    0.30    0.06    0.58    1.80        23.36    80.8%    1.20    0.90    0.75    3.59    5.84        0.90    0.15    1.35    0.60    0.90    
Jason Steele
GK -0.28    1.17    65.0%    0.27    50.0%        35.33    20.3%    2.17    10.7        11.8%    1.17    15.5    
Tariq Lamptey
FB 0.00    0.05    1.28    0.00    0.11    0.16    2.93        57.44    79.3%    4.94    5.67    1.65    3.48    10.98        2.01    1.65    1.46    0.55    0.37    
Deniz Undav

Enock Mwepu

Billy Gilmour
MF 0.00    0.09    1.28    0.00    0.02    0.13    1.28        66.32    89.0%    6.92    1.46    0.73    0.73    0.91        0.91    0.18    0.73    0.91    0.18    
Jeremy Sarmiento

Jan Paul van Hecke

Julio César Enciso

Facundo Buonanotte

Andrew Moran

Yasin Ayari

Steven Alzate

James Furlong

Jack Hinshelwood

Neal Maupay
FW 0.08    0.35    2.52    0.00    0.05    0.40    1.45        21.68    74.6%    1.15    0.92    0.53    3.97    5.19        0.92    0.46    0.53    0.00    1.15    
Thomas Mcgill

Odeluga Offiah

Ed Turns
