
James Tarkowski
CB 0.03    0.08    0.77    0.03    0.06    0.14    0.71        44.81    80.9%    3.01    0.38    0.19    2.03    0.22        1.29    1.10    2.55    5.12    3.20    
Alex Iwobi
MF 0.03    0.05    0.88    0.18    0.13    0.19    3.06        41.99    75.7%    5.11    1.92    1.32    1.53    3.56        2.00    0.70    1.25    0.99    0.26    
Jordan Pickford
GK +0.06    1.46    73.1%    0.28    0.0%    24.3%        38.03    60.1%    8.51    55.4        4.1%    1.24    14.7    
Vitaliy Mykolenko
FB 0.03    0.03    0.53    0.00    0.05    0.08    1.55        43.73    73.5%    3.10    1.06    0.34    0.96    2.45        2.14    1.43    1.61    3.01    0.84    
Demarai Gray
MF 0.06    0.15    1.98    0.10    0.15    0.29    3.30        30.18    69.0%    1.66    3.10    1.25    3.55    6.59        1.25    0.42    0.96    0.70    0.45    
Amadou Onana
MF 0.04    0.11    1.19    0.04    0.08    0.19    1.48        35.85    83.3%    2.60    1.08    0.63    1.74    1.63        2.49    1.34    0.96    1.45    2.04    
Idrissa Gana Gueye
MF 0.00    0.01    0.42    0.04    0.04    0.06    1.74        45.81    84.9%    3.65    1.02    0.68    0.38    0.64        3.48    2.08    1.78    1.27    0.89    
Conor Coady
CB 0.07    0.04    0.18    0.04    0.01    0.05    0.66        52.65    85.9%    1.68    0.22    0.04    0.47    0.04        0.66    0.66    1.13    4.09    1.06    
Dwight McNeil
MF 0.15    0.08    1.63    0.07    0.18    0.26    3.96        35.31    67.8%    2.87    2.87    2.03    2.00    4.86        2.25    0.87    1.60    1.27    0.44    
Séamus Coleman
FB 0.04    0.01    0.25    0.00    0.03    0.04    0.92        38.01    75.6%    2.85    0.67    0.80    0.92    1.68        1.68    1.05    0.84    3.57    0.80    
Anthony Gordon
MF 0.14    0.22    1.80    0.00    0.08    0.30    2.50        25.77    72.5%    1.76    2.59    1.25    3.89    5.41        2.45    0.37    1.71    0.65    0.46    
Neal Maupay
FW 0.08    0.35    2.52    0.00    0.05    0.40    1.45        21.68    74.6%    1.15    0.92    0.53    3.97    5.19        0.92    0.46    0.53    0.00    1.15    
Nathan Patterson
FB 0.00    0.04    0.70    0.00    0.04    0.08    1.67        47.41    76.5%    1.76    1.23    0.88    1.49    3.86        3.42    1.05    1.76    3.07    0.61    
Abdoulaye Doucouré
MF 0.11    0.12    1.15    0.11    0.09    0.21    2.07        34.93    78.0%    2.81    1.20    0.92    2.29    2.35        2.35    1.03    1.49    0.75    1.03    
Dominic Calvert-Lewin
FW 0.24    0.33    1.88    0.08    0.11    0.43    1.63        18.10    57.7%    1.14    0.90    0.98    4.16    3.42        0.57    0.16    0.33    0.73    6.03    
Ben Godfrey
FB 0.00    0.15    0.76    0.13    0.03    0.18    0.38        32.44    64.6%    1.77    0.88    0.25    1.01    0.76        2.40    0.88    1.39    3.66    1.77    
Michael Keane
CB 0.15    0.09    0.99    0.08    0.02    0.11    0.61        34.29    71.4%    1.91    0.15    0.23    1.91    0.08        0.84    1.30    0.84    5.28    4.90    
Tom Davies
MF 0.00    0.18    1.32    0.00    0.03    0.19    0.88        37.52    73.0%    4.54    0.29    0.59    2.20    1.91        2.20    0.59    1.76    1.76    1.03    
Mason Holgate
CB 0.08    0.06    0.42    0.08    0.03    0.09    1.01        29.41    65.8%    1.84    0.50    0.34    0.84    0.42        2.10    0.75    1.01    4.27    1.93    
Yerry Mina

James Garner

Ellis Simms
FW 0.56    0.39    2.56    0.16    0.17    0.56    2.00        20.36    64.3%    1.36    1.92    0.48    4.63    5.83        0.32    0.16    0.56    0.88    3.75    
Salomón Rondón

Asmir Begović

Dele Alli

Isaac Price

Rúben Vinagre

Thomas Cannon
FW 0.48    0.28    2.41    0.06    0.11    0.39    1.75        13.73    64.5%    0.96    1.93    1.14    4.04    5.60        0.66    0.18    0.60    0.06    1.93    
Kyle Alex John

Allan

Jean-Philippe Gbamin

André Gomes
MF 0.06    0.05    1.01    0.11    0.07    0.12    2.31        70.12    87.8%    8.34    1.35    1.46    0.90    1.80        1.91    0.51    1.24    1.01    0.96    
Eldin Jakupović

Andy Lonergan

Stanley Mills

Ishé Samuels-Smith

Lewis Warrington

Reece Welch
