
Timothy Castagne
FB 0.06    0.07    0.61    0.08    0.10    0.17    1.50        54.52    81.1%    3.06    1.22    0.31    1.61    4.65        2.73    1.25    1.42    2.70    1.39    
Harvey Barnes
MF 0.41    0.30    2.34    0.17    0.13    0.43    2.10        27.83    70.7%    2.79    3.34    0.76    4.44    9.29        1.10    0.28    1.07    0.34    1.17    
Kiernan Dewsbury-Hall
MF 0.07    0.08    0.89    0.07    0.13    0.21    2.93        45.94    74.9%    5.07    2.83    1.43    1.94    3.54        1.87    1.02    2.28    0.85    0.54    
Danny Ward
GK -0.19    1.74    63.7%    0.29    33.3%    22.2%        38.41    29.4%    7.30    34.5        5.6%    1.59    15.7    
Wout Faes
CB 0.00    0.02    0.36    0.03    0.02    0.04    0.76        57.93    86.0%    2.34    0.36    0.27    0.52    0.21        1.64    1.58    1.82    3.79    1.73    
James Maddison
MF 0.50    0.25    2.85    0.35    0.32    0.57    4.58        42.65    74.6%    5.66    2.62    1.19    3.51    5.20        1.77    0.50    0.46    0.31    0.08    
Youri Tielemans
MF 0.08    0.04    1.26    0.12    0.19    0.22    3.30        65.04    81.4%    7.57    1.26    0.73    0.73    2.89        2.69    0.81    1.59    0.77    1.06    
Daniel Amartey
CB 0.00    0.05    0.31    0.00    0.02    0.07    0.85        66.71    91.4%    3.80    1.30    0.22    0.45    0.22        1.12    0.45    1.39    3.58    1.92    
Wilfred Ndidi
MF 0.00    0.01    0.38    0.00    0.01    0.01    0.75        51.00    85.2%    2.88    0.56    0.50    0.31    0.38        2.88    2.06    1.69    2.63    1.38    
Jamie Vardy
FW 0.29    0.34    1.67    0.19    0.07    0.40    1.48        12.90    57.9%    0.95    0.95    0.33    4.09    5.52        0.62    0.10    0.81    1.33    2.00    
James Justin
FB 0.00    0.02    0.30    0.00    0.02    0.04    1.60        61.20    82.3%    3.67    1.48    0.41    0.53    3.61        1.54    1.01    1.66    3.13    1.66    
Boubakary Soumaré
MF 0.00    0.00    0.08    0.00    0.04    0.04    1.23        52.69    86.4%    4.46    1.15    0.69    0.08    1.00        3.38    1.77    1.00    1.62    0.92    
Patson Daka
FW 0.37    0.33    2.51    0.22    0.20    0.54    2.07        20.17    65.9%    1.26    1.26    0.52    4.14    6.13        1.11    0.37    0.96    0.44    1.70    
Harry Souttar
CB 0.00    0.14    0.80    0.10    0.02    0.16    0.80        53.50    81.5%    2.80    0.60    0.20    1.50    0.40        1.30    1.10    1.50    3.90    3.60    
Jonny Evans
CB 0.00    0.01    0.07    0.00    0.01    0.03    0.59        75.48    87.6%    3.81    0.51    0.07    0.37    0.29        1.39    1.83    0.81    3.96    2.49    
Victor Bernth Kristiansen
FB 0.00    0.02    0.37    0.07    0.08    0.10    1.64        48.02    70.7%    2.54    1.57    0.52    0.52    3.06        3.58    0.67    1.86    2.83    0.67    
Kelechi Iheanacho
FW 0.39    0.46    3.01    0.31    0.25    0.71    3.16        24.91    74.0%    2.01    2.47    1.54    4.16    7.79        0.62    0.00    1.00    0.69    0.93    
Luke Thomas
FB 0.00    0.01    0.19    0.00    0.07    0.08    1.43        54.74    79.0%    4.18    0.67    0.38    0.29    1.62        1.71    2.28    1.71    2.57    0.86    
Tetê
AM 0.36    0.36    2.49    0.27    0.15    0.51    3.21        37.67    74.6%    4.30    3.80    2.17    4.71    9.19        1.90    0.68    0.81    0.23    0.41    
Nampalys Mendy
MF 0.08    0.02    0.23    0.00    0.00    0.02    0.93        51.05    88.6%    2.79    0.31    0.62    0.16    0.39        1.32    1.32    1.78    0.54    0.31    
Daniel Iversen
GK +0.07    1.67    70.0%    0.28    0.0%    0.0%        34.67    46.3%    9.67    44.4        7.1%    0.17    7.8    
Dennis Praet
AM 0.09    0.12    0.87    0.09    0.12    0.24    2.26        35.01    73.9%    2.69    2.00    0.70    1.74    6.08        1.30    0.52    1.04    0.52    0.26    
Ricardo Pereira

Ayoze Pérez
AM 0.25    0.29    2.48    0.13    0.18    0.48    3.44        28.71    74.1%    3.12    3.25    2.55    5.35    7.51        2.10    0.51    1.53    0.51    0.38    
Çağlar Söyüncü

Wesley Fofana
CB 0.10    0.07    0.58    0.00    0.01    0.08    0.89        63.94    88.6%    3.40    2.30    0.52    0.89    0.84        2.67    2.04    0.84    2.67    2.56    
Marc Albrighton
AM 0.00    0.04    0.64    0.00    0.23    0.28    3.19        41.56    62.6%    4.46    2.17    1.27    0.89    9.31        1.91    0.64    2.29    1.40    0.89    
Lewis Brunt

Sammy Braybroke

Samuel Braybrooke

Wanya Marcal-Madivadua

Kasey McAteer

Jannik Vestergaard

Joe Wormleighton
