
David de Gea
GK -0.03    1.20    69.0%    0.29    0.0%    43.5%        33.04    29.7%    4.78    44.7        2.9%    0.93    15.1    
Bruno Fernandes
MF 0.14    0.21    2.33    0.21    0.41    0.62    5.45        57.23    75.0%    6.84    2.35    0.89    3.90    6.23        1.83    0.70    1.03    1.32    0.56    
Marcus Rashford
FW 0.63    0.51    3.31    0.15    0.11    0.62    2.74        26.24    76.3%    2.35    2.74    1.52    6.11    7.83        0.74    0.18    1.10    0.39    0.69    
Lisandro Martínez
CB 0.03    0.02    0.40    0.00    0.02    0.05    0.93        67.15    87.0%    3.96    0.93    0.53    0.50    0.06        2.48    1.39    1.86    4.12    1.27    
Luke Shaw
CB 0.04    0.03    0.40    0.15    0.15    0.18    2.62        71.00    81.0%    5.02    2.55    0.58    1.06    3.39        1.86    1.17    1.67    1.86    1.49    
Diogo Dalot
FB 0.07    0.09    0.78    0.07    0.10    0.19    2.48        61.84    79.6%    4.73    2.32    0.91    1.76    3.79        2.51    1.50    1.27    2.19    1.50    
Raphaël Varane
CB 0.04    0.04    0.31    0.00    0.02    0.05    0.74        52.12    87.0%    2.90    0.81    0.23    0.93    0.15        1.04    0.81    1.08    4.45    2.28    
Christian Eriksen
MF 0.04    0.15    1.60    0.40    0.22    0.37    4.19        67.22    79.4%    8.19    1.60    0.33    1.42    2.80        0.73    0.55    0.91    0.91    0.36    
Antony
AM 0.27    0.30    3.33    0.05    0.14    0.45    3.65        40.00    78.6%    3.69    4.41    1.44    3.78    9.28        1.35    0.50    0.99    0.41    0.32    
Casemiro
MF 0.06    0.13    1.46    0.13    0.12    0.25    2.75        62.71    78.9%    5.89    0.79    0.41    1.42    1.42        3.20    1.65    2.60    2.75    2.88    
Jadon Sancho
AM 0.27    0.21    1.28    0.11    0.20    0.41    4.55        40.75    84.3%    4.06    4.01    1.87    5.83    8.98        1.02    0.48    1.18    0.27    0.21    
Tyrell Malacia
FB 0.00    0.04    0.52    0.00    0.05    0.09    1.93        56.47    86.7%    4.17    2.03    0.63    1.56    2.97        2.97    1.41    1.25    2.56    0.52    
Scott McTominay
MF 0.11    0.14    1.05    0.00    0.03    0.17    1.77        39.74    84.0%    2.99    1.22    0.94    1.94    2.00        2.38    0.89    1.27    3.49    2.72    
Fred
MF 0.16    0.15    1.92    0.05    0.13    0.28    3.41        55.56    80.7%    5.16    0.80    0.64    2.24    3.62        3.46    1.17    2.40    1.06    0.69    
Aaron Wan-Bissaka
FB 0.00    0.07    0.61    0.00    0.09    0.16    2.10        53.57    83.2%    3.86    3.18    1.22    2.37    3.66        2.23    1.63    1.49    2.91    0.81    
Wout Weghorst
FW 0.07    0.32    2.08    0.13    0.16    0.48    2.75        21.53    68.5%    1.68    0.47    0.40    3.76    4.96        1.07    0.60    1.34    1.01    1.94    
Harry Maguire
CB 0.00    0.05    0.63    0.00    0.01    0.06    0.79        67.30    85.5%    3.39    1.18    0.24    1.42    0.47        1.10    1.26    1.58    3.70    2.92    
Anthony Martial
FW 0.46    0.43    2.08    0.35    0.21    0.65    2.20        28.61    81.0%    2.78    1.51    1.27    4.52    6.83        0.12    0.12    0.58    0.46    0.81    
Victor Lindelöf
CB 0.00    0.01    0.18    0.00    0.00    0.01    0.35        61.61    93.6%    3.59    0.59    0.18    0.18    0.18        1.12    1.12    0.77    3.95    1.94    
Marcel Sabitzer
MF 0.16    0.16    2.07    0.11    0.08    0.24    2.01        52.23    82.2%    5.98    1.30    0.22    1.85    3.75        2.88    1.14    0.71    1.52    1.47    
Anthony Elanga
AM 0.00    0.12    1.88    0.21    0.18    0.29    2.72        28.54    72.2%    1.15    2.72    1.46    4.49    7.00        1.15    0.63    1.15    0.63    1.67    
Cristiano Ronaldo
FW 0.20    0.45    4.35    0.14    0.16    0.60    2.17        33.55    79.4%    2.92    2.17    0.54    5.98    7.88        0.27    0.07    0.14    0.95    2.17    
Alejandro Garnacho
AM 0.40    0.30    2.91    0.26    0.13    0.44    2.64        29.47    80.3%    1.06    5.42    1.98    7.53    13.08        0.66    0.93    1.06    0.53    0.26    
Donny van de Beek

Facundo Pellistri

Kobbie Mainoo

Rhys Bennett

Nathan Bishop

Jack Butland

Martin Dúbravka

James Garner

Tom Heaton

Zidane Iqbal

Marc Jurado

Matej Kovar

Shola Shoretire

Brandon Williams
