
Nick Pope
GK +0.10    0.91    77.9%    0.24    20.0%    38.9%        28.48    38.2%    6.29    54.5        7.2%    2.24    18.2    
Kieran Trippier
FB 0.03    0.02    0.38    0.19    0.30    0.33    4.81        72.67    71.1%    6.63    0.99    0.57    0.61    4.05        2.01    1.18    1.12    2.33    1.47    
Dan Burn
CB 0.00    0.04    0.45    0.00    0.04    0.08    0.81        45.77    78.5%    2.65    0.72    0.30    1.66    1.14        1.72    0.90    1.32    4.21    2.65    
Fabian Schär
CB 0.03    0.13    1.48    0.10    0.10    0.23    1.54        50.43    76.1%    4.02    0.80    0.13    2.05    0.64        1.41    1.54    0.94    3.89    2.98    
Sven Botman
CB 0.00    0.05    0.60    0.00    0.03    0.08    0.66        52.04    86.3%    2.55    0.28    0.03    1.51    0.09        1.07    1.13    1.32    3.75    2.24    
Sean Longstaff
MF 0.03    0.12    1.06    0.14    0.13    0.24    2.16        39.98    80.6%    3.98    0.75    0.27    2.50    3.74        1.68    0.55    1.27    0.86    0.82    
Joe Willock
MF 0.12    0.25    1.90    0.20    0.19    0.44    2.63        33.99    81.7%    4.00    3.23    1.09    3.52    4.97        1.86    0.81    1.98    0.65    0.53    
Joelinton
MF 0.18    0.23    1.65    0.04    0.07    0.31    2.55        41.19    81.9%    4.14    2.12    1.80    3.17    4.71        2.34    1.40    1.91    1.44    2.12    
Bruno Guimarães
MF 0.15    0.07    0.95    0.15    0.13    0.20    3.11        51.71    83.0%    6.38    1.21    1.39    1.43    1.14        2.75    1.03    1.32    0.70    0.51    
Miguel Almirón
AM 0.42    0.24    2.09    0.04    0.06    0.31    2.77        33.76    82.8%    4.56    2.70    1.14    4.10    8.73        1.75    0.46    0.99    0.65    0.19    
Callum Wilson
FW 0.61    0.62    3.11    0.22    0.13    0.74    1.94        11.89    70.6%    1.06    1.33    0.39    5.67    5.28        0.44    0.06    0.28    0.22    1.06    
Jacob Murphy
AM 0.23    0.16    1.92    0.15    0.22    0.38    3.61        31.79    65.9%    4.22    4.68    0.92    5.15    9.83        1.15    0.54    1.23    0.23    0.31    
Allan Saint-Maximin
AM 0.07    0.13    2.04    0.41    0.33    0.46    4.28        31.68    70.2%    4.35    6.05    4.01    4.96    8.36        0.41    0.27    0.27    0.14    0.20    
Alexander Isak
FW 0.65    0.50    3.13    0.00    0.10    0.59    2.67        19.70    71.2%    1.76    2.02    1.57    6.20    7.50        0.91    0.13    1.04    0.59    1.24    
Matt Targett
FB 0.00    0.00    0.11    0.00    0.09    0.09    2.20        53.96    74.3%    4.51    0.55    0.33    0.00    1.76        2.75    1.43    0.99    2.42    1.65    
Chris Wood
FW 0.19    0.22    1.16    0.00    0.05    0.27    1.07        19.69    61.1%    1.16    0.29    0.10    2.42    3.78        0.48    0.29    0.39    1.07    4.56    
Ryan Fraser

Anthony Gordon
MF 0.14    0.22    1.80    0.00    0.08    0.30    2.50        25.77    72.5%    1.76    2.59    1.25    3.89    5.41        2.45    0.37    1.71    0.65    0.46    
Jamaal Lascelles
CB 0.00    0.08    0.96    0.00    0.00    0.08    0.19        35.81    74.3%    1.15    0.00    0.00    2.11    0.00        0.77    0.19    1.72    6.13    3.26    
Elliot Anderson

Martin Dúbravka

Matt Ritchie

Jonjo Shelvey
MF 0.00    0.03    1.08    0.00    0.04    0.08    2.16        48.98    72.5%    5.40    0.13    0.81    0.13    0.00        0.67    0.67    1.35    1.48    0.94    
Javier Manquillo

Jamal Lewis

Emil Krafth

Karl Darlow
GK +0.18    1.18    76.1%    0.28    0.0%    45.5%        52.64    27.8%    5.91    28.8        7.6%    0.82    12.4    
Paul Dummett

Loris Karius

Lewis Miley
