
Brennan Johnson
FW 0.24    0.21    1.70    0.07    0.10    0.31    1.67        15.56    57.1%    1.04    2.78    1.08    3.72    5.03        0.76    0.14    0.90    0.10    0.56    
Morgan Gibbs-White
FW 0.10    0.16    1.83    0.21    0.25    0.41    3.69        35.06    63.0%    4.41    2.17    1.38    2.31    5.06        0.83    0.41    0.65    0.52    1.48    
Remo Freuler
MF 0.00    0.04    0.49    0.00    0.03    0.06    1.31        39.01    80.3%    3.22    0.60    0.25    0.67    0.74        2.12    1.10    1.66    1.77    1.02    
Renan Lodi
FB 0.00    0.04    0.52    0.05    0.06    0.10    1.18        39.47    69.8%    1.47    1.37    0.90    0.76    3.21        2.03    1.37    1.28    2.98    0.80    
Neco Williams
FB 0.05    0.05    1.14    0.00    0.07    0.13    1.88        41.19    63.8%    1.63    2.43    0.94    0.99    3.32        3.42    1.63    1.58    2.13    0.79    
Scott McKenna
CB 0.00    0.01    0.11    0.00    0.06    0.06    0.57        41.65    78.3%    2.01    0.29    0.29    1.20    0.11        0.69    0.69    1.15    4.87    2.06    
Dean Henderson
GK -0.23    1.72    65.9%    0.28    50.0%    33.3%        39.72    47.2%    8.67    45.3        6.9%    1.50    15.6    
Joe Worrall
CB 0.05    0.03    0.26    0.00    0.04    0.07    0.66        50.06    78.5%    2.86    0.26    0.10    1.23    0.05        2.05    1.02    1.33    4.55    2.25    
Ryan Yates
MF 0.00    0.13    1.51    0.12    0.07    0.20    1.33        30.12    78.0%    2.23    0.60    0.24    1.93    1.39        1.69    0.48    1.33    2.23    1.75    
Serge Aurier
FB 0.06    0.05    0.51    0.00    0.06    0.10    1.31        51.08    72.6%    3.75    2.10    0.74    0.63    2.84        3.18    1.31    1.65    3.24    2.16    
Orel Mangala
MF 0.07    0.05    0.80    0.00    0.02    0.07    1.37        31.91    78.9%    2.68    1.09    0.94    0.72    0.87        1.52    1.09    1.09    0.80    0.65    
Keylor Navas
GK -0.27    1.87    61.4%    0.33    0.0%    7.7%        34.00    45.8%    8.77    43.5        4.4%    0.65    10.5    
Jesse Lingard
AM 0.00    0.10    0.98    0.00    0.07    0.17    2.44        28.96    79.5%    3.22    1.07    0.59    1.56    3.71        0.39    0.49    1.07    0.39    0.10    
Steve Cook
CB 0.00    0.01    0.28    0.00    0.06    0.07    0.56        43.17    80.4%    1.79    0.09    0.09    0.94    0.00        0.75    1.13    1.50    4.80    2.54    
Taiwo Awoniyi
FW 0.39    0.51    2.62    0.08    0.10    0.62    2.00        15.72    69.1%    1.16    1.08    0.54    4.55    4.39        1.23    0.08    1.16    1.23    1.31    
Felipe
CB 0.00    0.05    0.77    0.06    0.04    0.08    0.97        44.81    77.6%    2.58    0.26    0.90    1.93    0.19        2.64    1.93    2.39    5.93    3.55    
Cheikhou Kouyaté
MF 0.10    0.04    0.61    0.00    0.07    0.10    0.82        30.24    77.0%    1.94    0.61    0.72    1.33    1.23        2.25    1.02    1.53    2.45    1.84    
Harry Toffolo
FB 0.00    0.03    0.61    0.00    0.08    0.10    1.95        37.27    62.1%    2.66    0.82    0.31    1.23    4.10        1.64    0.92    1.64    2.97    1.33    
Moussa Niakhate
CB 0.09    0.11    0.46    0.00    0.01    0.12    1.11        35.91    74.9%    1.48    0.19    0.28    0.56    0.09        1.11    1.21    1.58    4.45    1.67    
Willy Boly
CB 0.00    0.02    0.24    0.08    0.02    0.04    0.56        43.57    80.5%    1.67    0.48    0.16    1.03    0.00        2.54    1.67    1.83    4.69    1.67    
Danilo
MF 0.00    0.05    1.16    0.17    0.05    0.10    2.15        23.45    66.2%    4.29    0.99    1.65    0.99    1.32        1.98    0.33    2.15    2.31    0.50    
Emmanuel Dennis
AM 0.21    0.22    2.40    0.21    0.10    0.31    2.92        22.32    69.6%    2.40    2.92    1.88    5.21    6.99        2.09    0.31    1.56    0.83    1.46    
Lewis O'Brien
MF 0.15    0.05    1.08    0.00    0.03    0.08    3.24        32.98    77.6%    3.24    2.00    1.08    0.46    0.46        2.47    0.77    2.00    1.39    0.31    
Jonjo Shelvey
MF 0.00    0.03    1.08    0.00    0.04    0.08    2.16        48.98    72.5%    5.40    0.13    0.81    0.13    0.00        0.67    0.67    1.35    1.48    0.94    
Chris Wood
FW 0.19    0.22    1.16    0.00    0.05    0.27    1.07        19.69    61.1%    1.16    0.29    0.10    2.42    3.78        0.48    0.29    0.39    1.07    4.56    
Jack Colback
MF 0.00    0.00    0.00    0.00    0.04    0.04    0.54        25.90    83.2%    2.90    0.91    0.54    0.18    0.54        3.26    0.54    0.54    1.63    0.72    
Gustavo Scarpa
AM 0.15    0.23    4.12    0.45    0.38    0.62    6.88        48.11    67.0%    5.27    2.67    0.91    2.52    8.76        0.70    0.52    0.49    0.52    0.70    
Wayne Hennessey

Sam Surridge

André Ayew

Giulian Biancone

Alexander Mighten

Cafú

Loïc Bade
CB 0.14    0.03    0.35    0.07    0.01    0.04    0.28        52.63    85.8%    2.40    0.57    0.28    0.57    0.14        1.48    1.41    1.06    4.45    1.91    
Oliver Hammond

Loïc Mbe Soh

George Shelvey

Jordan Smith

Dale Taylor

Lyle Taylor
