
Edouard Mendy
GK 0.91      3.00      2.12      75.5%      0.56      0.29      0.15      0.41      41.2%      0.18      0.18      0.00      0.00      0.0%      0.00      0.03      0.03      0.84      0.22      -0.05      2.44      5.68      43.0%      22.91      4.53      18.9%      25.3      5.21      26.0%      24.9      11.03      0.82      7.5%      1.35      14.9      
Antonio Rüdiger
CB 0.09      0.00      0.09      0.09      0.00      0.00      0.27      0.00      0.07      0.07      0.02      0.09      1.60      5.58      0.62      1.42      0.39      27.1%      0.06      0.23      19.90      0.00      0.05      +0.02      +0.02      65.74      75.14      87.5%      1238.50      395.08      25.65      27.46      93.4%      32.00      34.61      92.5%      7.32      10.94      66.9%      0.04      0.36      6.49      0.71      0.09      73.01      1.87      1.48      0.21      1.01      0.44      0.39      0.00      0.00      0.00      0.00      0.27      0.53      1.33      1.13      0.00      0.00      0.12      0.06      0.03      0.27      0.18      0.00      0.00      0.03      0.06      0.00      1.42      0.83      0.86      0.44      0.12      1.07      1.42      75.0%      0.36      0.59      0.33      0.27      0.83      2.25      2.70      0.03      83.62      6.26      30.07      45.10      8.84      1.42      83.62      0.36      0.18      50.0%      0.18      50.0%      52.84      263.51      154.56      2.14      0.09      0.59      0.24      64.79      0.00      1.04      0.36      0.00      0.06      0.00      0.00      5.43      1.66      0.59      73.7%      
Thiago Silva
CB 0.10      0.00      0.10      0.10      0.00      0.00      0.07      0.00      0.03      0.03      0.01      0.04      0.48      4.92      0.07      0.61      0.17      27.8%      0.17      0.60      12.20      0.00      0.05      +0.07      +0.07      82.73      89.46      92.5%      1543.79      692.90      30.94      32.37      95.6%      42.22      43.88      96.2%      8.05      10.83      74.3%      0.03      0.24      6.69      0.61      0.03      87.11      2.11      1.87      0.03      0.14      0.07      0.10      0.00      0.00      0.00      0.00      0.24      0.24      1.12      0.88      0.00      0.03      0.14      0.03      0.03      0.03      0.00      0.00      0.00      0.00      0.03      0.00      1.09      0.71      0.65      0.41      0.03      0.37      0.75      50.0%      0.37      1.83      1.05      0.78      1.49      2.58      3.40      0.00      98.56      12.33      42.62      53.35      2.85      0.82      98.56      0.24      0.20      85.7%      0.03      14.3%      62.69      336.70      217.66      0.82      0.00      0.24      0.10      73.63      0.00      0.41      0.41      0.03      0.03      0.00      0.00      7.27      1.90      1.05      64.4%      
Mason Mount
AM 0.42      0.38      0.80      0.38      0.04      0.04      0.15      0.00      0.30      0.27      0.26      0.53      3.50      6.25      10.51      2.86      1.03      36.0%      0.13      0.37      17.90      0.23      0.10      +0.11      +0.11      38.01      48.68      78.1%      524.35      159.85      23.20      25.63      90.5%      10.13      13.18      76.9%      2.13      4.88      43.8%      0.26      2.21      2.67      2.32      0.38      44.14      4.30      0.61      0.38      0.30      5.83      0.15      3.43      1.49      1.64      0.00      0.23      1.33      4.53      3.05      0.84      0.08      0.38      0.19      0.00      0.72      0.46      0.19      0.00      0.04      0.04      0.00      1.56      0.61      0.38      0.65      0.53      0.38      1.30      29.4%      0.91      0.69      0.04      0.65      0.50      2.06      0.46      0.00      59.57      0.65      4.76      19.96      35.34      5.22      59.53      1.60      0.69      42.9%      0.91      57.1%      35.04      179.24      96.17      3.01      0.99      2.67      1.30      44.75      0.00      1.14      0.88      0.19      0.00      0.00      0.00      4.08      0.23      1.18      16.2%      
Jorginho
MF 0.24      0.08      0.32      0.00      0.24      0.28      0.20      0.00      0.23      0.01      0.11      0.12      0.71      7.05      0.75      0.36      0.08      22.2%      0.00      0.00      32.60      0.00      0.04      +0.01      -0.01      66.56      74.72      89.1%      1036.64      286.15      34.13      36.74      92.9%      26.49      28.90      91.6%      3.60      5.54      65.0%      0.08      1.07      7.36      1.43      0.00      73.01      1.66      1.66      0.32      0.16      0.12      0.00      0.00      0.00      0.00      0.00      0.04      0.51      2.77      2.42      0.08      0.04      0.08      0.12      0.04      0.32      0.32      0.00      0.00      0.00      0.00      0.00      2.53      1.31      1.07      1.23      0.24      1.15      3.29      34.9%      2.14      1.07      0.16      0.91      1.43      3.96      0.83      0.04      83.39      2.02      16.71      51.43      15.80      0.51      83.11      0.83      0.63      76.2%      0.20      23.8%      46.52      194.53      95.58      1.07      0.04      0.87      0.75      62.60      0.00      1.19      1.50      0.00      0.00      0.00      0.00      8.24      0.51      1.03      33.3%      
Marcos Alonso
FB 0.17      0.17      0.33      0.17      0.00      0.00      0.33      0.00      0.12      0.12      0.19      0.30      2.12      3.86      7.97      1.79      0.42      23.3%      0.09      0.40      18.70      0.37      0.07      +0.05      +0.05      47.43      61.72      76.9%      738.48      239.35      25.92      29.45      88.0%      16.07      19.85      81.0%      3.49      8.06      43.3%      0.14      1.79      2.78      1.41      0.62      49.42      12.17      1.12      0.08      0.33      6.19      8.26      2.78      1.58      0.96      0.00      0.12      1.62      3.86      2.74      0.66      0.12      0.25      0.08      0.00      0.42      0.29      0.08      0.00      0.04      0.00      0.00      1.70      1.20      0.83      0.50      0.37      0.71      1.50      47.2%      0.79      1.20      0.21      1.00      1.79      3.49      2.20      0.00      74.38      2.99      18.73      26.00      30.32      2.87      74.38      1.45      0.62      42.9%      0.83      57.1%      36.63      179.63      90.21      1.33      0.42      1.79      1.04      43.07      0.00      1.04      1.16      0.12      0.00      0.04      0.00      5.77      1.66      1.16      58.8%      
César Azpilicueta
CB 0.04      0.09      0.13      0.04      0.00      0.00      0.13      0.00      0.04      0.04      0.08      0.11      2.13      6.00      5.74      0.48      0.17      36.4%      0.09      0.25      14.70      0.00      0.08      0.00      0.00      64.61      77.70      83.2%      964.57      364.22      35.17      39.30      89.5%      24.57      27.96      87.9%      2.83      6.04      46.8%      0.10      0.74      4.52      0.83      0.09      70.74      6.65      1.09      0.04      0.00      2.04      5.57      0.00      0.00      0.00      0.00      0.30      1.35      2.09      1.87      0.00      0.09      0.13      0.00      0.00      0.35      0.26      0.00      0.04      0.04      0.00      0.00      2.22      1.22      0.78      1.17      0.26      0.70      1.52      45.7%      0.83      1.39      0.39      1.00      1.00      3.22      2.83      0.04      87.70      4.87      26.78      40.52      20.87      2.30      87.70      0.83      0.65      78.9%      0.17      21.1%      47.74      200.30      121.26      1.43      0.30      0.91      0.43      61.74      0.00      1.09      0.22      0.09      0.00      0.04      0.00      4.78      2.00      1.26      61.3%      
Reece James
FB 0.24      0.43      0.68      0.24      0.00      0.00      0.19      0.05      0.15      0.15      0.28      0.44      2.51      7.19      9.80      1.79      0.48      27.0%      0.14      0.50      20.50      0.29      0.08      +0.09      +0.09      70.01      81.45      86.0%      1071.12      265.51      38.77      41.33      93.8%      24.58      28.63      85.8%      4.49      6.42      69.9%      0.23      2.32      3.24      2.46      0.72      69.48      11.78      1.59      0.10      0.39      5.21      9.46      0.72      0.34      0.24      0.00      0.19      1.55      4.25      3.33      0.34      0.19      0.24      0.14      0.00      0.53      0.43      0.05      0.05      0.00      0.00      0.00      1.59      1.21      0.68      0.87      0.05      0.43      1.06      40.9%      0.63      0.97      0.10      0.87      0.82      2.41      1.06      0.00      90.82      1.69      15.74      38.63      37.32      3.33      90.82      2.27      1.74      76.6%      0.53      23.4%      54.17      248.66      114.96      2.46      0.92      1.26      1.06      64.84      0.00      0.97      1.50      0.19      0.00      0.05      0.05      4.78      0.82      1.01      44.7%      
Kai Havertz
FW 0.40      0.15      0.55      0.40      0.00      0.00      0.15      0.00      0.43      0.43      0.11      0.54      3.18      3.08      10.10      2.79      1.14      41.1%      0.14      0.35      13.00      0.00      0.16      -0.03      -0.03      26.72      33.28      80.3%      314.53      59.40      17.91      20.30      88.2%      5.52      7.11      77.6%      0.60      0.80      75.0%      0.08      1.04      1.69      0.95      0.05      31.59      1.49      0.05      0.15      0.10      0.40      0.15      0.00      0.00      0.00      0.00      0.20      1.14      3.03      2.29      0.00      0.15      0.35      0.25      0.00      0.30      0.20      0.00      0.00      0.05      0.05      0.00      0.85      0.40      0.25      0.35      0.25      0.20      0.70      28.6%      0.50      1.39      0.05      1.34      0.20      1.04      1.59      0.05      46.92      1.69      4.48      17.51      25.17      6.37      46.92      2.09      0.90      42.9%      1.19      57.1%      26.72      154.58      70.60      1.14      1.69      3.28      1.59      36.77      0.00      1.99      1.24      0.60      0.05      0.00      0.00      3.08      1.89      2.59      42.2%      
N'Golo Kanté
MF 0.10      0.20      0.30      0.10      0.00      0.00      0.10      0.00      0.08      0.08      0.11      0.18      3.65      8.07      3.15      0.86      0.46      52.9%      0.12      0.22      19.60      0.00      0.09      +0.03      +0.03      56.90      66.40      85.7%      821.73      230.36      31.98      35.28      90.6%      20.15      22.84      88.2%      2.18      3.10      70.5%      0.12      1.22      5.33      1.47      0.00      66.04      0.10      0.10      0.41      0.20      0.56      0.00      0.00      0.00      0.00      0.00      0.25      1.27      3.50      2.99      0.00      0.15      0.15      0.00      0.20      0.81      0.71      0.00      0.05      0.05      0.00      0.00      2.99      1.57      1.02      1.37      0.61      1.27      2.03      62.5%      0.76      1.88      0.10      1.78      1.57      4.57      0.41      0.00      78.43      1.17      13.96      39.19      26.14      1.47      78.43      2.44      1.78      72.9%      0.66      27.1%      46.50      257.01      139.24      3.30      0.51      1.78      1.42      58.68      0.00      1.12      0.56      0.00      0.00      0.00      0.00      7.77      0.71      0.71      50.0%      
Andreas Christensen
CB 0.00      0.00      0.00      0.00      0.00      0.00      0.12      0.00      0.04      0.04      0.01      0.05      0.84      4.87      0.30      0.30      0.00      0.0%      0.00      19.70      0.00      0.12      -0.04      -0.04      72.25      80.37      89.9%      1273.24      446.63      29.78      32.19      92.5%      35.25      37.96      92.9%      6.02      8.12      74.1%      0.03      0.36      5.29      0.36      0.06      77.55      2.77      1.99      0.06      0.24      0.06      0.78      0.00      0.00      0.00      0.00      0.06      0.30      0.54      0.48      0.00      0.06      0.00      0.00      0.00      0.00      0.00      0.00      0.00      0.00      0.00      0.00      0.84      0.48      0.54      0.24      0.06      0.24      0.42      57.1%      0.18      0.84      0.36      0.48      1.74      2.59      3.43      0.06      88.86      8.84      38.80      46.44      4.09      0.30      88.86      0.24      0.24      100.0%      0.00      0.0%      49.51      230.72      133.26      0.90      0.00      0.18      0.06      63.65      0.00      0.66      0.42      0.00      0.00      0.00      0.00      6.62      2.89      2.29      55.8%      
Trevoh Chalobah
CB 0.19      0.06      0.25      0.19      0.00      0.00      0.12      0.00      0.07      0.07      0.02      0.09      1.49      5.47      0.87      0.56      0.43      77.8%      0.33      0.43      18.80      0.00      0.13      +0.12      +0.12      71.93      79.69      90.3%      1152.73      329.44      35.03      37.70      92.9%      32.11      34.04      94.3%      3.73      5.84      63.8%      0.03      0.25      6.58      0.37      0.00      77.39      2.24      1.68      0.19      0.19      0.25      0.56      0.00      0.00      0.00      0.00      0.06      0.43      0.87      0.75      0.00      0.00      0.06      0.06      0.00      0.12      0.12      0.00      0.00      0.00      0.00      0.00      2.48      1.68      1.37      1.12      0.00      1.49      1.93      77.4%      0.43      0.99      0.37      0.62      1.18      3.66      2.67      0.12      89.57      4.22      29.69      51.74      8.57      0.62      89.57      0.75      0.62      83.3%      0.12      16.7%      50.68      197.27      105.78      2.11      0.00      0.62      0.43      66.46      0.00      1.18      0.87      0.00      0.00      0.06      0.00      4.60      1.99      1.74      53.3%      
Romelu Lukaku
FW 0.45      0.00      0.45      0.40      0.06      0.06      0.06      0.00      0.37      0.33      0.17      0.50      1.64      1.08      7.08      2.38      0.79      33.3%      0.17      0.50      13.80      0.06      0.14      +0.08      +0.07      13.08      18.52      70.6%      148.79      23.51      8.89      10.99      80.9%      2.44      3.68      66.2%      0.34      0.68      50.0%      0.10      1.36      0.57      0.51      0.00      16.77      1.59      0.00      0.11      0.00      0.40      0.00      0.00      0.00      0.00      0.00      0.17      0.79      2.83      1.98      0.00      0.28      0.17      0.34      0.06      0.28      0.00      0.00      0.17      0.00      0.11      0.00      0.11      0.06      0.00      0.06      0.06      0.06      0.28      20.0%      0.23      0.62      0.06      0.57      0.00      0.11      1.13      0.00      27.36      1.19      1.64      11.21      14.67      5.10      27.30      1.42      0.74      52.0%      0.68      48.0%      13.42      67.06      32.28      0.85      0.96      2.10      1.42      20.39      0.00      0.45      0.68      0.79      0.17      0.00      0.00      1.87      2.89      2.66      52.0%      
Mateo Kovačić
MF 0.12      0.29      0.40      0.12      0.00      0.00      0.23      0.00      0.09      0.09      0.18      0.27      2.43      7.80      2.14      1.27      0.35      27.3%      0.09      0.33      20.30      0.06      0.07      +0.02      +0.02      61.29      69.49      88.2%      983.30      235.22      31.02      33.50      92.6%      23.40      26.17      89.4%      4.45      6.12      72.6%      0.17      1.56      7.34      1.33      0.06      68.34      0.98      0.87      0.69      0.46      0.35      0.06      0.00      0.00      0.00      0.00      0.17      0.69      3.99      3.35      0.00      0.23      0.17      0.17      0.06      0.46      0.40      0.00      0.00      0.00      0.00      0.06      2.95      1.79      0.81      1.50      0.64      0.98      2.02      48.6%      1.04      1.10      0.23      0.87      0.40      3.35      0.52      0.06      79.02      1.27      12.54      47.72      19.81      0.87      79.02      2.95      2.20      74.5%      0.75      25.5%      50.55      292.82      145.74      3.64      0.17      1.04      1.27      62.16      0.00      1.39      1.16      0.00      0.00      0.00      0.00      6.41      0.29      0.29      50.0%      
Timo Werner
FW 0.28      0.07      0.35      0.28      0.00      0.00      0.07      0.00      0.48      0.48      0.02      0.50      3.23      1.26      10.10      3.16      1.12      35.6%      0.09      0.25      13.30      0.00      0.15      -0.20      -0.20      20.83      28.20      73.9%      250.92      33.53      13.82      16.13      85.7%      4.84      6.45      75.0%      0.56      1.12      50.0%      0.06      0.56      0.63      0.63      0.07      27.08      0.98      0.07      0.21      0.07      1.61      0.35      0.07      0.00      0.00      0.00      0.14      1.54      2.10      1.61      0.00      0.14      0.35      0.00      0.00      0.35      0.28      0.00      0.00      0.07      0.00      0.00      0.56      0.28      0.21      0.21      0.14      0.14      1.40      10.0%      1.26      0.63      0.00      0.63      0.14      0.70      0.28      0.00      38.58      0.14      2.17      11.93      25.04      7.72      38.58      2.31      0.70      30.3%      1.61      69.7%      22.66      157.55      70.78      1.19      2.03      2.39      1.33      31.01      0.00      0.77      0.84      0.77      0.00      0.00      0.00      2.60      0.42      1.12      27.3%      
Hakim Ziyech
AM 0.27      0.20      0.48      0.27      0.00      0.00      0.20      0.00      0.23      0.23      0.20      0.43      3.41      6.00      9.69      3.55      1.30      36.5%      0.08      0.21      21.20      0.20      0.07      +0.04      +0.04      37.12      51.52      72.1%      541.43      170.45      22.93      25.93      88.4%      9.62      13.92      69.1%      2.73      6.69      40.8%      0.21      1.98      3.28      1.91      0.55      47.08      3.96      0.82      0.27      0.34      6.89      1.02      2.12      0.61      1.36      0.00      0.48      1.84      4.57      3.28      0.34      0.41      0.27      0.27      0.00      0.41      0.41      0.00      0.00      0.00      0.00      0.00      1.30      0.68      0.34      0.82      0.14      0.68      2.46      27.8%      1.77      0.75      0.07      0.68      0.68      1.98      0.68      0.00      66.05      0.61      5.46      23.54      37.73      3.55      66.05      4.44      1.91      43.1%      2.52      56.9%      44.08      220.94      99.83      2.12      1.36      3.07      1.64      48.24      0.00      1.64      1.98      0.34      0.00      0.00      0.00      5.94      0.82      0.96      46.2%      
Ruben Loftus-Cheek
MF 0.00      0.13      0.13      0.00      0.00      0.00      0.06      0.00      0.08      0.08      0.15      0.23      4.45      6.97      3.42      1.23      0.39      31.6%      0.00      0.00      18.60      0.00      0.06      -0.08      -0.08      56.56      63.34      89.3%      840.93      196.66      32.73      35.32      92.7%      20.34      22.92      88.7%      2.13      2.71      78.6%      0.15      1.16      4.97      1.29      0.00      61.72      1.55      0.65      0.32      0.06      0.45      0.90      0.00      0.00      0.00      0.00      0.06      0.45      3.62      2.84      0.00      0.19      0.26      0.19      0.13      0.39      0.19      0.00      0.00      0.13      0.00      0.06      1.87      0.65      1.03      0.71      0.13      0.65      1.23      52.6%      0.58      0.97      0.39      0.58      0.71      2.58      1.10      0.00      75.67      1.29      11.75      44.03      21.11      2.58      75.67      3.87      2.71      70.0%      1.16      30.0%      46.74      284.01      171.15      3.23      0.58      1.74      2.13      57.27      0.00      1.16      2.65      0.13      0.00      0.00      0.00      7.04      2.32      1.16      66.7%      
Christian Pulisic
AM 0.42      0.14      0.56      0.42      0.00      0.00      0.14      0.00      0.34      0.34      0.09      0.43      3.07      2.65      7.53      1.95      0.77      39.3%      0.21      0.55      13.20      0.00      0.18      +0.08      +0.08      25.26      32.37      78.0%      323.58      64.26      16.74      19.47      86.0%      6.98      8.44      82.6%      0.49      0.91      53.8%      0.08      1.05      1.33      0.42      0.00      31.05      1.19      0.00      0.14      0.00      0.98      0.77      0.00      0.00      0.00      0.00      0.14      1.40      2.51      1.67      0.00      0.07      0.28      0.42      0.07      0.35      0.28      0.00      0.00      0.07      0.00      0.00      0.70      0.49      0.42      0.21      0.07      0.21      1.19      17.6%      0.98      0.84      0.00      0.84      0.35      1.05      0.70      0.00      46.33      0.49      5.09      18.00      24.14      4.81      46.33      3.98      1.74      43.9%      2.23      56.1%      30.63      195.70      86.02      2.16      1.26      3.49      1.74      35.65      0.00      1.05      2.16      0.28      0.00      0.00      0.00      3.70      0.84      1.95      30.0%      
Callum Hudson-Odoi
AM 0.09      0.19      0.28      0.09      0.00      0.00      0.09      0.00      0.23      0.23      0.20      0.43      6.27      3.84      9.54      1.68      0.65      38.9%      0.06      0.14      13.30      0.00      0.14      -0.14      -0.14      29.66      37.33      79.4%      416.60      91.78      18.99      21.70      87.5%      8.14      10.20      79.8%      1.40      3.09      45.5%      0.18      2.34      0.84      1.68      0.37      35.55      1.68      0.09      0.00      0.19      2.99      1.12      0.47      0.28      0.09      0.00      0.09      0.56      5.15      3.84      0.00      0.56      0.28      0.47      0.00      0.56      0.19      0.00      0.19      0.00      0.19      0.00      1.31      0.94      0.47      0.56      0.28      0.75      2.15      34.8%      1.40      0.75      0.00      0.75      0.19      1.50      0.56      0.09      46.50      0.75      3.46      15.53      28.35      5.24      46.50      2.43      1.50      61.5%      0.94      38.5%      32.18      242.59      147.54      2.90      2.81      2.06      1.87      37.42      0.00      0.94      1.59      0.37      0.09      0.00      0.00      3.65      0.37      0.75      33.3%      
Malang Sarr
FB 0.00      0.00      0.00      0.00      0.00      0.00      0.33      0.00      0.00      0.00      0.07      0.07      1.48      3.79      2.47      0.16      0.00      0.0%      0.00      21.60      0.00      0.04      0.00      0.00      71.21      81.26      87.6%      1187.14      369.40      31.48      33.96      92.7%      34.78      37.25      93.4%      4.29      7.91      54.2%      0.05      0.49      5.93      0.33      0.16      75.33      5.93      2.31      0.33      0.16      0.66      3.63      0.00      0.00      0.00      0.00      0.00      0.49      0.99      0.99      0.00      0.00      0.00      0.00      0.00      0.00      0.00      0.00      0.00      0.00      0.00      0.00      2.31      1.15      1.65      0.33      0.33      1.15      1.98      58.3%      0.82      0.99      0.49      0.49      1.81      4.12      3.30      0.00      91.48      5.11      34.29      49.45      7.91      0.00      91.48      0.00      0.00      0.00      57.69      240.33      122.64      2.14      0.16      0.99      0.33      64.45      0.00      1.32      0.16      0.00      0.00      0.00      0.00      5.93      2.14      1.15      65.0%      
Ben Chilwell
FB 0.50      0.17      0.66      0.50      0.00      0.00      0.00      0.00      0.15      0.15      0.13      0.28      2.32      2.99      7.64      2.16      1.00      46.2%      0.23      0.50      17.70      0.00      0.07      +0.35      +0.35      44.50      57.62      77.2%      638.47      159.24      27.23      29.72      91.6%      12.45      16.27      76.5%      2.49      6.81      36.6%      0.12      1.66      1.16      1.00      0.17      44.17      13.28      1.83      0.00      0.00      5.31      7.31      4.15      2.82      0.33      0.00      0.17      1.49      2.99      1.66      1.16      0.00      0.17      0.00      0.00      0.17      0.00      0.17      0.00      0.00      0.00      0.00      1.33      0.50      0.33      1.00      0.00      0.33      0.83      40.0%      0.50      1.16      0.00      1.16      0.66      1.99      2.32      0.17      69.74      1.49      14.11      23.75      32.38      3.99      69.74      1.00      0.50      50.0%      0.50      50.0%      34.37      153.60      80.54      1.16      0.66      2.16      0.50      42.84      0.00      1.66      2.49      0.33      0.00      0.17      0.00      5.31      1.16      1.66      41.2%      
Saúl Ñíguez
FB 0.00      0.00      0.00      0.00      0.00      0.00      0.19      0.00      0.06      0.06      0.09      0.17      0.75      2.81      5.06      0.94      0.19      20.0%      0.00      0.00      23.10      0.00      0.07      -0.06      -0.06      57.38      66.19      86.7%      895.69      192.19      31.50      34.69      90.8%      20.25      22.88      88.5%      3.75      5.44      69.0%      0.04      0.56      2.81      0.38      0.38      61.69      4.50      1.13      0.00      0.19      1.88      3.38      0.00      0.00      0.00      0.00      0.00      0.75      1.31      1.13      0.00      0.00      0.19      0.00      0.00      0.00      0.00      0.00      0.00      0.00      0.00      0.00      3.75      1.69      2.06      1.69      0.00      1.69      3.00      56.3%      1.31      2.63      0.56      2.06      1.31      5.06      1.88      0.19      80.63      2.06      20.63      41.06      19.13      2.44      80.63      0.56      0.38      66.7%      0.19      33.3%      37.88      166.31      65.81      0.75      0.19      1.69      2.06      55.69      0.00      1.69      0.00      0.00      0.00      0.00      0.00      3.38      1.50      2.06      42.1%      
Kurt Zouma
CB 0.04      0.00      0.04      0.04      0.00      0.00      0.04      0.00      0.05      0.05      0.00      0.05      0.48      1.43      0.09      0.26      0.09      33.3%      0.17      0.50      6.10      0.00      0.19      0.00      0.00      37.90      43.27      87.6%      718.31      238.82      12.99      13.99      92.9%      21.74      23.43      92.8%      2.77      5.24      52.9%      0.00      0.09      1.04      0.09      0.00      41.80      1.47      1.21      0.00      0.30      0.04      0.09      0.00      0.00      0.00      0.00      0.00      0.17      0.39      0.26      0.09      0.00      0.04      0.00      0.00      0.00      0.00      0.00      0.00      0.00      0.00      0.00      0.48      0.26      0.35      0.13      0.00      0.17      0.30      57.1%      0.13      1.34      1.13      0.22      1.47      1.95      5.72      0.00      54.01      10.61      30.40      22.52      1.47      0.65      54.01      0.13      0.04      33.3%      0.09      66.7%      30.84      141.63      76.53      0.26      0.00      0.26      0.00      33.52      0.00      0.48      0.26      0.00      0.00      0.00      0.04      3.98      2.17      1.34      61.7%      