
Ederson
GK 0.70      2.24      1.54      69.9%      0.76      0.16      0.08      0.54      54.1%      0.03      0.03      0.00      0.00      0.0%      0.00      0.03      0.00      0.69      0.30      -0.01      2.35      4.92      47.8%      26.70      4.46      15.7%      25.7      3.73      19.6%      26.8      8.11      0.57      7.0%      1.49      19.0      
João Cancelo
FB 0.03      0.20      0.22      0.03      0.00      0.00      0.20      0.00      0.11      0.11      0.15      0.26      3.49      9.96      7.53      2.26      0.64      28.4%      0.01      0.04      22.00      0.03      0.05      -0.08      -0.08      78.34      93.85      83.5%      1242.15      351.97      44.90      48.30      93.0%      26.16      31.52      83.0%      5.80      9.65      60.1%      0.18      1.09      8.59      2.68      0.33      84.20      9.43      1.53      0.59      1.14      3.46      7.86      0.03      0.03      0.00      0.00      0.22      1.65      3.51      2.73      0.03      0.22      0.45      0.06      0.03      0.50      0.36      0.03      0.03      0.08      0.00      0.00      2.31      1.51      0.92      0.98      0.42      1.28      2.54      50.5%      1.26      0.70      0.08      0.61      1.65      3.96      1.26      0.03      105.12      1.87      17.24      53.86      34.72      2.82      105.12      2.96      1.56      52.8%      1.39      47.2%      67.24      315.52      161.34      3.60      1.00      1.26      0.67      76.67      0.00      0.95      0.73      0.06      0.00      0.00      0.00      6.05      1.59      1.42      52.8%      
Rodri
MF 0.22      0.06      0.28      0.22      0.00      0.00      0.16      0.00      0.07      0.07      0.04      0.12      1.34      8.89      1.47      1.40      0.44      31.1%      0.16      0.50      19.80      0.00      0.05      +0.15      +0.15      82.39      90.09      91.4%      1505.19      352.64      34.55      36.98      93.4%      37.67      39.66      95.0%      9.17      11.17      82.1%      0.08      0.91      8.86      1.15      0.09      88.53      1.37      1.15      0.12      0.78      0.28      0.22      0.00      0.00      0.00      0.00      0.19      0.50      2.90      2.56      0.03      0.03      0.16      0.03      0.09      0.19      0.19      0.00      0.00      0.00      0.00      0.00      2.25      1.34      0.75      1.19      0.31      1.00      1.84      54.2%      0.84      0.87      0.16      0.72      0.87      3.12      1.40      0.00      98.96      2.81      18.26      61.95      19.41      1.81      98.96      0.69      0.37      54.5%      0.31      45.5%      62.51      265.66      139.59      1.69      0.22      0.56      0.72      75.80      0.00      1.34      0.62      0.00      0.00      0.00      0.00      9.11      2.65      1.03      72.0%      
Bernardo Silva
MF 0.25      0.13      0.38      0.25      0.00      0.00      0.19      0.00      0.21      0.21      0.20      0.42      4.60      5.36      8.73      1.48      0.60      40.4%      0.17      0.42      12.60      0.00      0.14      +0.04      +0.04      54.43      62.28      87.4%      773.43      140.28      32.35      35.06      92.3%      17.11      19.34      88.4%      2.30      3.43      67.0%      0.13      1.86      3.34      1.32      0.19      59.44      2.74      0.82      0.19      0.16      1.83      0.88      0.50      0.03      0.00      0.00      0.09      1.01      4.32      3.47      0.06      0.32      0.28      0.19      0.00      0.54      0.41      0.03      0.00      0.06      0.03      0.00      1.80      0.91      0.60      0.60      0.60      0.98      2.11      46.3%      1.13      0.76      0.06      0.69      0.63      2.43      0.60      0.00      71.92      1.13      9.14      31.79      31.56      5.64      71.92      2.90      1.67      57.6%      1.23      42.4%      48.89      293.12      157.82      3.21      1.07      1.70      0.79      55.63      0.00      0.95      1.04      0.28      0.03      0.00      0.00      4.91      0.22      0.47      31.8%      
Aymeric Laporte
CB 0.13      0.00      0.13      0.13      0.00      0.00      0.16      0.03      0.16      0.16      0.02      0.18      1.62      8.62      0.25      1.11      0.22      20.0%      0.11      0.57      11.60      0.00      0.14      -0.03      -0.03      88.54      93.56      94.6%      1706.02      558.49      29.69      30.74      96.6%      50.12      51.68      97.0%      7.99      10.06      79.4%      0.04      0.29      9.83      0.29      0.06      91.91      1.59      1.18      0.13      0.70      0.16      0.41      0.00      0.00      0.00      0.00      0.06      0.06      1.27      1.08      0.00      0.03      0.13      0.03      0.00      0.19      0.10      0.00      0.00      0.06      0.03      0.00      1.05      0.48      0.70      0.32      0.03      0.45      0.64      70.0%      0.19      0.48      0.32      0.16      0.64      1.69      2.04      0.06      99.77      6.68      33.35      61.64      5.03      1.34      99.77      0.25      0.19      75.0%      0.06      25.0%      73.99      407.32      294.57      1.56      0.00      0.13      0.22      81.15      0.00      0.45      0.32      0.06      0.03      0.00      0.00      5.79      1.65      1.02      61.9%      
Rúben Dias
CB 0.07      0.15      0.22      0.07      0.00      0.00      0.19      0.00      0.10      0.10      0.12      0.22      1.24      5.21      0.15      0.67      0.11      16.7%      0.11      0.67      11.80      0.00      0.15      -0.03      -0.03      79.92      85.69      93.3%      1499.46      472.63      27.80      29.45      94.4%      45.00      46.76      96.2%      6.48      8.17      79.4%      0.07      0.56      7.83      0.11      0.00      83.67      1.95      1.35      0.04      0.22      0.11      0.56      0.00      0.00      0.00      0.00      0.07      0.30      1.35      1.16      0.00      0.00      0.15      0.00      0.04      0.26      0.19      0.00      0.00      0.07      0.00      0.00      0.97      0.71      0.41      0.45      0.11      0.30      0.56      53.3%      0.26      0.71      0.49      0.22      0.86      1.84      2.47      0.00      92.59      5.66      29.11      60.17      3.45      1.24      92.59      0.15      0.07      50.0%      0.07      50.0%      64.26      354.75      241.60      0.64      0.00      0.34      0.11      74.08      0.00      1.01      0.34      0.07      0.00      0.00      0.00      4.05      1.87      1.39      57.5%      
Kevin De Bruyne
MF 0.61      0.33      0.94      0.61      0.00      0.00      0.08      0.00      0.23      0.23      0.43      0.66      3.43      8.34      7.16      3.19      1.27      39.7%      0.19      0.48      19.20      0.29      0.07      +0.38      +0.38      47.84      64.12      74.6%      815.68      219.38      23.76      27.11      87.6%      17.75      22.82      77.8%      4.99      10.18      49.0%      0.31      3.56      5.85      2.66      0.41      56.80      6.91      2.00      0.82      0.78      7.36      0.82      3.93      1.80      0.61      0.12      0.41      1.19      6.22      4.29      1.23      0.20      0.37      0.12      0.00      0.57      0.41      0.12      0.04      0.00      0.00      0.00      1.31      0.65      0.16      0.61      0.53      0.49      1.51      32.4%      1.02      1.31      0.08      1.23      0.25      1.55      0.65      0.00      74.46      1.02      5.19      28.01      41.99      4.38      74.46      2.25      1.27      56.4%      0.98      43.6%      46.04      220.69      131.38      3.48      0.82      1.64      0.82      55.20      0.00      0.86      1.10      0.16      0.00      0.00      0.00      4.66      0.45      0.74      37.9%      
Phil Foden
FW 0.38      0.21      0.59      0.38      0.00      0.00      0.04      0.00      0.40      0.40      0.27      0.66      3.00      4.14      10.49      2.41      0.93      38.6%      0.16      0.41      14.50      0.00      0.17      -0.02      -0.02      37.26      46.61      79.9%      545.96      110.85      22.92      25.16      91.1%      9.94      12.43      79.9%      2.37      4.86      48.7%      0.22      1.69      2.11      1.56      0.38      42.08      4.40      0.80      0.30      0.34      5.58      0.30      2.75      1.35      0.97      0.00      0.13      1.35      3.76      2.66      0.55      0.13      0.30      0.08      0.04      0.55      0.34      0.13      0.00      0.08      0.00      0.00      0.68      0.34      0.42      0.17      0.08      0.30      0.72      41.2%      0.42      0.38      0.00      0.38      0.47      1.14      0.21      0.00      55.11      0.25      2.79      18.02      34.68      5.79      55.11      2.45      1.56      63.8%      0.89      36.2%      36.88      187.61      82.09      1.82      1.65      2.03      1.44      43.27      0.00      0.63      0.97      0.59      0.00      0.00      0.00      3.51      0.21      1.14      15.6%      
Raheem Sterling
AM 0.55      0.21      0.76      0.47      0.08      0.13      0.04      0.00      0.59      0.49      0.23      0.72      4.57      2.75      13.41      2.28      1.06      46.3%      0.20      0.44      14.00      0.00      0.21      -0.04      -0.02      30.20      37.22      81.1%      386.56      73.13      20.26      22.29      90.9%      7.78      9.56      81.4%      0.59      1.23      48.3%      0.19      1.78      0.63      2.03      0.38      36.50      0.47      0.13      0.17      0.08      2.11      0.17      0.08      0.04      0.00      0.00      0.25      1.27      3.93      3.05      0.04      0.51      0.17      0.17      0.00      0.42      0.21      0.00      0.00      0.08      0.13      0.00      0.97      0.42      0.13      0.47      0.38      0.42      0.97      43.5%      0.55      0.51      0.00      0.51      0.51      1.48      0.13      0.00      49.61      0.34      2.16      14.34      33.71      8.08      49.48      4.74      2.24      47.3%      2.50      52.7%      37.47      224.03      108.86      2.28      2.75      2.62      2.28      41.91      0.00      0.80      1.56      0.42      0.08      0.00      0.00      3.64      0.17      0.76      18.2%      
Jack Grealish
FW 0.14      0.14      0.28      0.14      0.00      0.00      0.14      0.00      0.25      0.25      0.28      0.53      7.19      4.70      12.55      2.12      0.75      35.6%      0.07      0.19      14.60      0.00      0.12      -0.11      -0.11      39.17      45.66      85.8%      530.17      101.05      25.53      27.18      93.9%      10.82      12.23      88.5%      1.41      1.97      71.4%      0.22      2.49      1.41      2.02      0.05      44.11      1.41      0.24      0.09      0.09      1.50      0.38      0.47      0.14      0.05      0.00      0.14      1.74      5.60      4.61      0.05      0.19      0.24      0.47      0.05      0.28      0.28      0.00      0.00      0.00      0.00      0.00      0.85      0.80      0.19      0.47      0.19      0.24      0.61      38.5%      0.38      0.52      0.05      0.47      0.38      1.22      0.33      0.00      55.16      0.71      3.20      16.88      35.78      7.62      55.16      3.20      1.88      58.8%      1.32      41.2%      42.60      343.64      184.09      3.48      3.90      1.46      1.36      46.88      0.00      0.80      2.59      0.24      0.00      0.00      0.00      2.96      0.66      1.32      33.3%      
Gabriel Jesus
FW 0.38      0.38      0.77      0.34      0.05      0.05      0.05      0.00      0.47      0.43      0.27      0.70      2.45      2.64      10.55      3.02      0.96      31.7%      0.11      0.35      13.80      0.00      0.14      -0.09      -0.10      30.54      36.92      82.7%      405.70      67.56      19.08      21.91      87.1%      8.39      9.88      85.0%      1.01      1.49      67.7%      0.17      1.82      0.72      1.44      0.19      35.91      0.96      0.05      0.19      0.24      1.15      0.29      0.00      0.00      0.00      0.00      0.05      0.91      4.08      2.69      0.00      0.77      0.34      0.19      0.10      0.86      0.53      0.00      0.10      0.05      0.10      0.10      0.86      0.58      0.10      0.19      0.58      0.29      1.25      23.1%      0.96      0.86      0.00      0.86      0.72      1.58      0.38      0.00      49.05      0.58      3.88      15.10      30.40      7.72      49.00      3.40      2.21      64.8%      1.20      35.2%      31.98      174.39      71.97      0.96      1.53      3.16      1.29      38.26      0.00      1.25      1.25      0.48      0.10      0.00      0.00      3.64      1.01      1.73      36.8%      
İlkay Gündoğan
MF 0.39      0.19      0.58      0.39      0.00      0.00      0.05      0.00      0.44      0.44      0.24      0.67      2.91      6.11      5.19      2.67      0.87      32.7%      0.15      0.44      14.50      0.10      0.16      -0.05      -0.05      56.95      64.94      87.7%      903.73      196.48      29.47      31.41      93.8%      19.97      22.10      90.4%      5.09      7.32      69.5%      0.20      1.84      4.60      1.07      0.05      60.97      3.93      1.16      0.39      0.29      3.25      0.15      2.47      1.45      0.44      0.00      0.05      1.07      4.07      2.91      0.68      0.29      0.15      0.00      0.05      0.44      0.34      0.00      0.05      0.05      0.00      0.00      1.11      0.44      0.48      0.58      0.05      0.58      1.50      38.7%      0.92      0.53      0.05      0.48      0.73      1.84      0.48      0.00      73.76      1.21      7.61      38.05      29.03      3.97      73.76      1.70      1.16      68.6%      0.53      31.4%      43.72      229.10      99.45      2.18      0.63      1.21      0.92      58.59      0.00      0.63      0.48      0.10      0.00      0.00      0.00      5.33      0.53      0.58      47.8%      
Kyle Walker
FB 0.00      0.10      0.10      0.00      0.00      0.00      0.05      0.00      0.02      0.02      0.07      0.08      2.21      7.49      3.33      0.41      0.10      25.0%      0.00      0.00      23.70      0.05      0.03      -0.02      -0.02      75.79      85.54      88.6%      1345.54      363.33      33.54      35.74      93.8%      34.46      37.54      91.8%      6.97      9.85      70.8%      0.11      0.56      9.13      0.87      0.21      77.85      7.33      0.82      0.10      1.44      1.79      6.51      0.00      0.00      0.00      0.00      0.36      0.62      2.31      2.05      0.00      0.00      0.10      0.15      0.00      0.21      0.15      0.00      0.00      0.00      0.05      0.00      0.77      0.31      0.36      0.36      0.05      0.41      0.87      47.1%      0.46      0.72      0.21      0.51      0.72      1.49      0.82      0.05      90.77      2.00      17.64      53.59      19.85      1.18      90.77      0.72      0.36      50.0%      0.36      50.0%      57.85      243.69      110.00      1.85      0.26      0.77      0.31      69.54      0.00      0.36      0.62      0.05      0.00      0.00      0.00      5.33      0.97      0.82      54.3%      
Riyad Mahrez
AM 0.66      0.30      0.96      0.42      0.24      0.30      0.00      0.00      0.61      0.37      0.25      0.62      4.45      4.21      14.06      3.36      1.08      32.1%      0.13      0.39      17.90      0.36      0.11      +0.05      +0.05      46.68      56.90      82.0%      719.10      128.09      26.62      29.20      91.2%      15.86      18.81      84.3%      3.18      6.13      52.0%      0.23      2.34      1.62      2.04      0.36      50.59      5.95      0.66      0.42      0.36      5.83      1.08      4.21      2.52      0.00      0.06      0.36      0.84      4.39      3.30      0.72      0.06      0.24      0.06      0.00      0.60      0.42      0.12      0.00      0.06      0.00      0.00      0.66      0.18      0.30      0.24      0.12      0.30      1.14      26.3%      0.84      0.90      0.06      0.84      0.36      1.02      0.36      0.00      68.19      0.66      4.87      19.11      44.82      7.63      67.89      3.00      1.56      52.0%      1.44      48.0%      46.56      285.02      122.38      2.10      2.64      2.52      1.26      50.89      0.00      0.60      0.90      0.18      0.00      0.00      0.00      4.21      0.48      0.84      36.4%      
John Stones
CB 0.08      0.00      0.08      0.08      0.00      0.00      0.00      0.00      0.07      0.07      0.02      0.09      2.25      5.07      0.56      0.72      0.40      55.6%      0.11      0.20      13.20      0.00      0.10      +0.01      +0.01      73.27      80.51      91.0%      1330.62      382.36      31.45      33.78      93.1%      34.26      36.60      93.6%      6.68      8.20      81.4%      0.02      0.32      6.60      0.32      0.00      77.53      2.82      1.05      0.00      0.48      0.24      1.69      0.00      0.00      0.00      0.00      0.16      0.48      1.05      0.97      0.00      0.00      0.08      0.00      0.00      0.08      0.00      0.00      0.00      0.08      0.00      0.00      0.40      0.24      0.24      0.16      0.00      0.16      0.24      66.7%      0.08      0.24      0.24      0.00      0.88      1.29      2.17      0.08      86.22      6.60      28.63      50.75      7.32      0.80      86.22      0.72      0.64      88.9%      0.08      11.1%      61.77      363.46      212.17      1.85      0.00      0.32      0.08      68.04      0.00      0.24      0.48      0.00      0.00      0.00      0.00      4.18      3.78      0.80      82.5%      
Oleksandr Zinchenko
FB 0.00      0.34      0.34      0.00      0.00      0.00      0.00      0.00      0.04      0.04      0.23      0.28      2.75      9.71      7.56      1.03      0.34      33.3%      0.00      0.00      22.40      0.00      0.04      -0.04      -0.04      81.92      92.24      88.8%      1241.17      353.21      45.47      48.31      94.1%      30.43      33.27      91.5%      3.95      6.45      61.3%      0.21      1.38      8.94      1.89      0.43      84.84      7.22      0.86      0.17      0.43      2.66      5.93      0.43      0.00      0.17      0.00      0.17      1.29      3.95      3.27      0.26      0.26      0.09      0.00      0.09      0.95      0.69      0.00      0.09      0.09      0.00      0.09      1.72      1.20      0.60      0.86      0.26      0.95      1.72      55.0%      0.77      0.95      0.26      0.69      1.20      2.92      1.29      0.09      100.49      2.06      16.25      53.47      31.29      1.81      100.49      1.03      0.60      58.3%      0.43      41.7%      61.89      271.89      158.51      3.09      0.17      0.86      0.52      75.56      0.00      0.95      0.17      0.09      0.00      0.00      0.00      5.59      1.29      1.38      48.4%      
Fernandinho
MF 0.19      0.09      0.28      0.19      0.00      0.00      0.09      0.00      0.15      0.15      0.09      0.23      1.49      7.56      1.03      1.68      0.28      16.7%      0.11      0.67      16.70      0.00      0.09      +0.04      +0.04      69.65      78.61      88.6%      1196.89      357.48      32.12      34.36      93.5%      30.44      33.61      90.6%      5.23      7.38      70.9%      0.10      0.93      6.91      1.59      0.09      77.77      0.75      0.65      0.56      0.19      0.19      0.09      0.00      0.00      0.00      0.00      0.09      0.65      2.80      2.15      0.00      0.00      0.37      0.28      0.00      0.37      0.37      0.00      0.00      0.00      0.00      0.00      1.96      0.93      0.65      0.93      0.37      0.84      2.52      33.3%      1.68      0.75      0.19      0.56      0.75      2.71      1.21      0.09      86.55      3.27      16.06      58.07      12.79      1.59      86.55      1.03      0.84      81.8%      0.19      18.2%      59.47      273.64      138.45      1.68      0.00      0.56      0.65      69.27      0.00      1.31      0.93      0.00      0.00      0.00      0.00      7.94      2.05      1.40      59.5%      
Nathan Aké
CB 0.20      0.00      0.20      0.20      0.00      0.00      0.00      0.00      0.07      0.07      0.06      0.12      1.17      5.56      0.78      0.49      0.20      40.0%      0.40      1.00      7.30      0.00      0.13      +0.13      +0.13      77.62      85.61      90.7%      1287.11      442.10      36.37      38.91      93.5%      37.44      40.56      92.3%      2.83      4.10      69.0%      0.05      0.20      6.14      0.29      0.00      81.52      4.00      1.46      0.10      0.20      0.10      2.54      0.00      0.00      0.00      0.00      0.10      0.49      0.49      0.49      0.00      0.00      0.00      0.00      0.00      0.00      0.00      0.00      0.00      0.00      0.00      0.00      1.56      0.88      0.68      0.78      0.10      0.59      0.78      75.0%      0.20      0.68      0.49      0.20      0.78      2.34      2.24      0.00      93.22      5.46      32.37      51.19      10.04      0.98      93.22      0.20      0.00      0.0%      0.20      100.0%      66.01      324.99      210.42      1.17      0.00      0.39      0.29      72.25      0.00      0.88      0.20      0.00      0.00      0.00      0.00      4.19      3.61      1.17      75.5%      