
Hugo Lloris
GK 1.05      3.61      2.58      72.3%      0.58      0.13      0.29      0.42      42.1%      0.05      0.05      0.00      0.00      0.0%      0.03      0.13      0.03      0.99      0.26      -0.04      3.03      7.34      41.2%      17.79      4.24      29.6%      31.0      7.32      28.4%      26.5      14.92      0.87      5.8%      1.18      14.2      
Harry Kane
FW 0.47      0.25      0.72      0.36      0.11      0.11      0.14      0.00      0.52      0.43      0.25      0.68      2.42      3.98      5.90      3.59      1.36      38.0%      0.10      0.27      17.30      0.22      0.12      -0.04      -0.07      17.74      26.32      67.4%      309.76      104.68      8.49      11.06      76.8%      5.49      7.88      69.6%      2.53      3.90      65.0%      0.15      1.36      2.48      1.17      0.17      24.70      1.31      0.28      0.61      0.36      1.17      0.50      0.00      0.00      0.00      0.00      0.31      1.20      3.56      2.62      0.06      0.28      0.45      0.17      0.00      0.58      0.47      0.00      0.03      0.08      0.00      0.00      0.42      0.14      0.06      0.28      0.08      0.19      0.50      38.9%      0.31      0.72      0.22      0.50      0.08      0.50      1.09      0.00      38.62      1.42      3.82      17.60      17.79      4.73      38.51      2.78      1.50      54.0%      1.28      46.0%      24.81      140.93      61.49      1.59      0.86      2.70      1.70      30.49      0.00      1.17      1.50      0.45      0.00      0.00      0.00      2.56      2.09      2.26      48.1%      
Pierre Højbjerg
MF 0.06      0.06      0.11      0.06      0.00      0.00      0.08      0.00      0.05      0.05      0.06      0.12      1.30      6.81      1.32      0.87      0.28      32.3%      0.06      0.20      22.20      0.03      0.06      0.00      0.00      64.40      72.37      89.0%      1066.82      304.13      31.40      33.76      93.0%      24.70      27.06      91.3%      5.46      7.58      72.1%      0.08      0.70      6.45      1.01      0.08      68.94      3.21      2.68      0.23      0.79      0.51      0.37      0.06      0.00      0.00      0.00      0.23      0.28      2.42      2.00      0.08      0.17      0.03      0.03      0.11      0.20      0.20      0.00      0.00      0.00      0.00      0.00      2.20      1.27      0.87      1.07      0.25      1.07      2.39      44.7%      1.32      1.72      0.37      1.35      1.35      3.55      1.52      0.00      81.75      3.24      20.11      50.01      12.50      0.84      81.75      1.69      1.18      70.0%      0.51      30.0%      49.70      235.53      113.54      1.18      0.20      0.90      0.62      59.19      0.00      0.79      1.10      0.00      0.00      0.00      0.00      7.91      0.65      0.54      54.8%      
Eric Dier
CB 0.00      0.00      0.00      0.00      0.00      0.00      0.03      0.00      0.04      0.04      0.03      0.07      0.38      3.02      0.18      0.38      0.12      30.8%      0.00      0.00      14.40      0.12      0.09      -0.04      -0.04      60.25      68.61      87.8%      1165.63      489.33      19.93      21.07      94.6%      33.35      35.64      93.6%      6.18      10.29      60.1%      0.03      0.21      2.87      0.26      0.03      66.53      1.82      1.52      0.15      0.41      0.03      0.18      0.00      0.00      0.00      0.00      0.26      0.21      0.88      0.73      0.00      0.00      0.12      0.00      0.03      0.15      0.09      0.00      0.00      0.06      0.00      0.00      0.44      0.26      0.18      0.23      0.03      0.21      0.41      50.0%      0.21      1.08      0.94      0.15      0.79      1.23      4.16      0.03      76.49      12.34      42.55      32.56      1.67      0.67      76.49      0.06      0.03      50.0%      0.03      50.0%      50.91      275.01      146.85      0.38      0.09      0.15      0.06      57.76      0.00      0.35      0.26      0.00      0.00      0.00      0.03      3.84      2.05      1.58      56.5%      
Son Heung-min
AM 0.69      0.21      0.90      0.69      0.00      0.00      0.06      0.00      0.48      0.48      0.22      0.70      3.47      2.69      7.25      2.57      1.44      55.8%      0.27      0.48      15.70      0.06      0.19      +0.21      +0.21      27.78      36.50      76.1%      372.84      94.25      17.04      18.65      91.3%      7.16      9.46      75.6%      1.44      4.52      31.8%      0.17      2.16      0.99      1.26      0.12      30.15      6.20      1.11      0.06      0.09      5.75      0.21      4.70      1.98      1.59      0.00      0.15      0.99      4.04      2.46      1.05      0.06      0.27      0.18      0.03      0.39      0.21      0.09      0.00      0.00      0.09      0.00      0.45      0.18      0.15      0.21      0.09      0.15      0.69      21.7%      0.54      0.81      0.18      0.63      0.39      0.84      0.24      0.00      46.26      0.45      4.37      16.89      25.96      4.37      46.26      2.75      1.53      55.4%      1.20      43.5%      27.31      190.15      93.50      2.04      1.50      2.25      1.38      32.28      0.00      0.42      1.08      0.51      0.06      0.00      0.00      4.31      0.48      1.05      31.4%      
Ben Davies
CB 0.04      0.04      0.07      0.04      0.00      0.00      0.21      0.00      0.08      0.08      0.02      0.10      2.20      4.86      2.13      0.64      0.25      38.9%      0.06      0.14      17.10      0.00      0.13      -0.05      -0.05      49.33      58.44      84.4%      796.49      266.10      24.68      26.84      91.9%      21.35      24.15      88.4%      2.41      4.86      49.6%      0.03      0.39      3.97      0.50      0.11      55.57      2.84      1.21      0.04      0.67      0.67      1.63      0.00      0.00      0.00      0.00      0.04      0.99      1.06      0.99      0.04      0.00      0.04      0.00      0.00      0.11      0.07      0.00      0.00      0.04      0.00      0.00      1.28      0.74      0.71      0.43      0.14      0.46      0.92      50.0%      0.46      1.13      0.67      0.46      1.06      2.34      2.66      0.04      66.95      4.96      25.78      32.13      9.43      1.10      66.95      0.39      0.25      63.6%      0.14      36.4%      42.94      250.18      152.31      2.16      0.00      0.78      0.35      47.66      0.00      1.10      0.64      0.18      0.00      0.04      0.00      3.76      2.38      1.84      56.3%      
Emerson
MF 0.04      0.04      0.08      0.04      0.00      0.00      0.20      0.00      0.06      0.06      0.09      0.14      2.68      2.68      6.89      0.59      0.16      26.7%      0.07      0.25      14.60      0.00      0.10      -0.02      -0.02      46.06      57.09      80.7%      642.91      159.25      27.01      30.00      90.0%      14.49      18.07      80.2%      2.05      3.70      55.3%      0.12      1.10      1.26      1.10      0.55      47.01      10.00      0.63      0.04      0.08      2.91      9.37      0.00      0.00      0.00      0.00      0.08      1.85      1.97      1.65      0.00      0.16      0.08      0.08      0.00      0.16      0.16      0.00      0.00      0.00      0.00      0.00      2.83      1.85      1.97      0.63      0.24      1.42      2.64      53.7%      1.22      0.98      0.08      0.91      0.87      3.70      3.62      0.04      69.49      3.86      22.80      26.22      20.87      2.20      69.49      1.34      0.67      50.0%      0.67      50.0%      35.87      171.02      89.65      1.10      0.32      1.06      0.71      40.12      0.00      1.10      1.77      0.08      0.00      0.00      0.00      5.98      1.30      1.65      44.0%      
Sergio Reguilón
FB 0.09      0.14      0.23      0.09      0.00      0.00      0.19      0.00      0.14      0.14      0.16      0.30      2.96      2.35      6.76      0.99      0.42      42.9%      0.10      0.22      15.20      0.00      0.14      -0.05      -0.05      35.23      46.69      75.5%      553.53      157.92      18.51      21.28      87.0%      12.73      16.68      76.3%      2.54      4.65      54.5%      0.18      1.36      1.64      1.46      0.99      39.03      7.47      0.66      0.05      0.47      3.95      6.34      0.47      0.28      0.05      0.00      0.19      1.03      2.72      2.07      0.09      0.19      0.19      0.14      0.05      0.23      0.23      0.00      0.00      0.00      0.00      0.00      1.88      1.13      0.70      0.85      0.33      1.03      2.02      51.2%      0.99      0.94      0.38      0.56      1.46      3.34      2.11      0.05      58.20      3.15      16.02      22.55      20.20      2.25      58.20      2.16      0.89      41.3%      1.27      58.7%      30.39      166.57      84.22      1.69      0.85      1.41      0.61      35.37      0.00      1.03      1.13      0.05      0.00      0.00      0.00      4.65      1.46      1.03      58.5%      
Cristian Romero
CB 0.05      0.00      0.05      0.05      0.00      0.00      0.39      0.00      0.02      0.02      0.01      0.03      1.12      3.17      0.44      0.29      0.10      33.3%      0.17      0.50      13.90      0.00      0.08      +0.02      +0.02      56.08      64.67      86.7%      988.88      346.48      23.09      25.23      91.5%      26.89      28.80      93.4%      4.54      7.76      58.5%      0.02      0.29      2.78      0.34      0.00      62.52      2.10      1.71      0.10      0.63      0.00      0.39      0.00      0.00      0.00      0.00      0.05      0.68      0.93      0.78      0.05      0.00      0.00      0.05      0.05      0.10      0.05      0.00      0.00      0.00      0.00      0.05      3.03      1.90      1.90      1.02      0.10      1.07      1.66      64.7%      0.59      2.25      1.02      1.22      1.61      4.64      3.61      0.05      77.16      11.27      39.58      33.58      4.88      1.07      77.16      0.68      0.44      64.3%      0.24      35.7%      48.66      256.09      154.57      1.07      0.05      0.68      0.24      50.95      0.00      1.37      0.73      0.10      0.00      0.05      0.00      7.22      2.10      1.46      58.9%      
Lucas Moura
AM 0.10      0.30      0.41      0.10      0.00      0.00      0.20      0.00      0.14      0.14      0.25      0.39      2.43      5.02      4.41      1.88      0.56      29.7%      0.05      0.18      16.70      0.00      0.07      -0.04      -0.04      28.75      39.25      73.3%      388.75      114.95      17.24      20.94      82.3%      9.13      12.32      74.1%      0.86      1.93      44.7%      0.14      1.72      2.99      1.37      0.20      37.77      1.01      0.41      0.41      0.00      1.67      0.35      0.05      0.00      0.00      0.00      0.46      1.22      3.40      2.64      0.00      0.35      0.10      0.30      0.00      0.61      0.51      0.00      0.05      0.00      0.05      0.00      1.27      0.51      0.35      0.71      0.20      0.41      1.77      22.9%      1.37      0.96      0.00      0.96      0.91      2.18      0.96      0.00      51.77      1.06      5.22      25.86      21.70      3.14      51.77      4.66      2.84      60.9%      1.83      39.1%      32.91      193.23      91.37      3.09      0.46      2.99      1.67      39.14      0.00      1.01      1.88      0.15      0.00      0.00      0.00      4.82      2.43      1.62      60.0%      
Davinson Sánchez
CB 0.11      0.00      0.11      0.11      0.00      0.00      0.22      0.00      0.12      0.12      0.02      0.13      1.16      3.59      0.44      0.72      0.17      23.1%      0.15      0.67      9.60      0.00      0.16      -0.01      -0.01      54.85      62.52      87.7%      948.67      289.26      21.96      23.89      91.9%      28.42      30.13      94.3%      3.26      6.13      53.2%      0.06      0.28      3.86      0.33      0.06      61.14      1.32      1.10      0.06      0.33      0.11      0.22      0.00      0.00      0.00      0.00      0.06      0.44      1.10      1.05      0.00      0.00      0.06      0.00      0.00      0.06      0.06      0.00      0.00      0.00      0.00      0.00      2.26      1.21      1.38      0.77      0.11      1.05      1.55      67.9%      0.50      1.32      0.88      0.44      1.66      3.92      2.98      0.17      72.67      7.06      30.79      36.75      5.46      1.21      72.67      0.33      0.22      66.7%      0.11      33.3%      47.07      234.30      124.54      1.43      0.00      0.50      0.11      50.44      0.00      0.88      0.61      0.06      0.00      0.00      0.00      5.68      2.48      1.99      55.6%      
Rodrigo Bentancur
MF 0.00      0.26      0.26      0.00      0.00      0.00      0.33      0.00      0.05      0.05      0.17      0.22      1.32      5.03      0.73      0.93      0.13      14.3%      0.00      0.00      19.50      0.00      0.06      -0.05      -0.05      60.31      67.38      89.5%      989.67      224.77      27.77      30.02      92.5%      25.39      27.05      93.9%      4.23      5.82      72.7%      0.09      0.99      5.36      0.26      0.13      66.26      1.12      0.93      0.33      0.53      0.60      0.20      0.00      0.00      0.00      0.00      0.00      0.93      2.51      2.18      0.00      0.07      0.13      0.07      0.07      0.46      0.40      0.00      0.00      0.07      0.00      0.00      2.38      1.19      0.93      0.93      0.53      1.06      2.12      50.0%      1.06      1.59      0.60      0.99      1.32      3.70      2.31      0.00      78.30      3.90      16.86      49.40      12.76      0.99      78.30      1.32      0.93      70.0%      0.40      30.0%      50.26      239.58      117.77      1.39      0.13      0.79      0.86      59.38      0.00      1.45      0.86      0.00      0.00      0.00      0.00      5.82      1.39      1.19      53.8%      
Oliver Skipp
MF 0.00      0.00      0.00      0.00      0.00      0.00      0.40      0.00      0.01      0.01      0.05      0.07      1.80      5.07      1.20      0.27      0.07      25.0%      0.00      0.00      24.80      0.00      0.06      -0.01      -0.01      50.87      56.73      89.7%      777.67      198.93      25.53      27.20      93.9%      20.13      21.53      93.5%      2.40      3.93      61.0%      0.07      0.53      5.20      0.73      0.13      55.73      1.00      1.00      0.20      0.27      0.40      0.00      0.00      0.00      0.00      0.00      0.00      0.67      1.60      1.47      0.00      0.07      0.07      0.00      0.00      0.20      0.20      0.00      0.00      0.00      0.00      0.00      2.20      1.27      0.93      1.20      0.07      1.00      2.07      48.4%      1.07      1.27      0.47      0.80      0.80      3.00      0.67      0.07      64.87      1.73      11.40      43.53      10.13      0.73      64.87      0.40      0.27      66.7%      0.13      33.3%      38.73      191.80      96.93      1.87      0.20      1.00      0.73      47.40      0.00      1.07      1.07      0.07      0.00      0.00      0.00      5.13      0.80      0.67      54.5%      
Dejan Kulusevski
AM 0.36      0.57      0.93      0.36      0.00      0.00      0.21      0.00      0.19      0.19      0.24      0.44      3.64      2.50      7.14      1.86      0.64      34.6%      0.19      0.56      16.90      0.00      0.11      +0.16      +0.16      28.83      34.69      83.1%      387.62      81.65      18.49      20.48      90.2%      7.64      9.06      84.3%      1.21      1.71      70.8%      0.19      1.78      1.07      1.71      0.36      32.47      2.14      0.21      0.50      0.00      1.78      0.29      0.07      0.00      0.00      0.00      0.07      1.21      3.64      2.78      0.00      0.36      0.43      0.07      0.00      0.93      0.79      0.00      0.07      0.07      0.00      0.00      1.36      0.93      0.50      0.71      0.14      0.36      1.64      21.7%      1.28      1.00      0.00      1.00      0.93      2.28      0.21      0.00      45.89      0.29      6.92      18.41      21.20      4.78      45.89      3.14      1.78      56.8%      1.36      43.2%      28.48      185.14      90.21      1.93      1.71      2.71      1.28      32.05      0.00      1.43      1.07      0.29      0.00      0.00      0.00      5.35      0.21      0.57      27.3%      
Ryan Sessegnon
FB 0.00      0.17      0.17      0.00      0.00      0.00      0.17      0.00      0.03      0.03      0.23      0.26      2.58      1.89      6.88      0.52      0.09      16.7%      0.00      0.00      13.50      0.00      0.05      -0.03      -0.03      27.08      36.79      73.6%      390.00      99.37      15.90      18.74      84.9%      8.25      11.35      72.7%      1.72      3.52      48.8%      0.21      1.20      1.12      1.03      0.34      30.69      5.93      0.17      0.00      0.09      3.27      5.59      0.17      0.00      0.00      0.00      0.17      1.29      1.72      1.63      0.09      0.00      0.00      0.00      0.00      0.34      0.34      0.00      0.00      0.00      0.00      0.00      2.15      1.63      1.20      0.60      0.34      0.95      1.89      50.0%      0.95      1.55      0.26      1.29      0.60      2.75      2.24      0.00      49.34      3.27      14.27      16.16      19.17      3.35      49.34      1.63      0.52      31.6%      1.12      68.4%      25.96      152.92      80.03      0.60      0.86      2.84      1.03      27.94      0.00      1.63      0.60      0.43      0.00      0.00      0.00      3.44      0.95      1.29      42.3%      
Japhet Tanganga
FB 0.00      0.00      0.00      0.00      0.00      0.00      0.49      0.12      0.05      0.05      0.02      0.09      1.59      2.45      2.57      0.86      0.24      28.6%      0.00      0.00      13.30      0.00      0.06      -0.05      -0.05      40.78      49.84      81.8%      611.63      187.47      21.43      23.39      91.6%      15.18      19.35      78.5%      2.33      4.41      52.8%      0.05      0.24      1.10      0.49      0.12      43.10      6.73      0.61      0.00      0.37      1.35      6.12      0.00      0.00      0.00      0.00      0.00      0.24      0.37      0.24      0.00      0.00      0.12      0.00      0.00      0.00      0.00      0.00      0.00      0.00      0.00      0.00      1.71      0.98      0.86      0.73      0.12      1.10      2.33      47.4%      1.22      1.59      0.61      0.98      1.10      2.82      3.80      0.00      60.37      5.51      19.96      29.51      11.51      1.22      60.37      0.86      0.61      71.4%      0.24      28.6%      33.67      169.96      95.76      1.35      0.24      0.86      0.61      38.57      0.12      2.33      0.98      0.12      0.00      0.00      0.00      2.94      1.84      1.10      62.5%      
Harry Winks
MF 0.00      0.10      0.10      0.00      0.00      0.00      0.20      0.00      0.01      0.01      0.15      0.16      0.99      7.20      1.78      0.30      0.10      33.3%      0.00      0.00      26.60      0.00      0.04      -0.01      -0.01      57.73      67.40      85.7%      967.70      304.74      24.47      26.84      91.2%      25.46      28.22      90.2%      4.93      7.89      62.5%      0.19      1.09      7.80      1.28      0.30      64.93      2.17      0.89      0.79      0.10      2.57      0.10      0.89      0.30      0.39      0.00      0.30      0.49      2.86      2.17      0.30      0.10      0.10      0.20      0.00      0.39      0.39      0.00      0.00      0.00      0.00      0.00      1.48      0.99      0.39      0.89      0.20      0.79      2.07      38.1%      1.28      1.38      0.30      1.09      1.58      3.06      0.99      0.20      75.79      2.07      15.99      46.68      14.01      0.20      75.79      1.48      0.79      53.3%      0.69      46.7%      53.09      241.38      96.02      1.38      0.10      1.58      0.59      58.42      0.00      1.09      1.28      0.00      0.00      0.00      0.00      4.64      0.39      0.39      50.0%      
Matt Doherty
FB 0.21      0.41      0.62      0.21      0.00      0.00      0.00      0.00      0.26      0.26      0.21      0.46      2.98      2.47      8.23      1.65      0.62      37.5%      0.13      0.33      14.10      0.00      0.16      -0.05      -0.05      44.95      54.82      82.0%      688.42      164.16      25.92      29.42      88.1%      14.91      18.00      82.9%      3.29      4.63      71.1%      0.14      1.54      1.34      1.03      0.41      48.24      6.48      0.31      0.41      0.51      2.06      6.17      0.00      0.00      0.00      0.00      0.10      0.82      3.09      2.47      0.00      0.10      0.51      0.00      0.00      0.41      0.41      0.00      0.00      0.00      0.00      0.00      1.85      1.23      0.51      1.13      0.21      0.82      1.44      57.1%      0.62      1.13      0.21      0.93      1.34      3.19      2.06      0.00      66.24      3.60      18.82      26.74      20.98      3.29      66.24      1.03      0.62      60.0%      0.41      40.0%      39.29      214.97      104.61      1.65      0.93      1.75      0.62      43.20      0.00      1.13      0.41      0.00      0.00      0.00      0.00      4.94      1.65      0.82      66.7%      
Dele Alli
MF 0.09      0.00      0.09      0.00      0.09      0.09      0.36      0.00      0.15      0.08      0.05      0.14      1.36      2.80      3.89      0.54      0.18      33.3%      0.00      0.00      20.40      0.00      0.15      -0.06      -0.08      26.32      34.82      75.6%      366.24      90.18      15.20      18.54      82.0%      7.15      8.86      80.6%      1.72      2.89      59.4%      0.07      0.81      2.17      0.63      0.18      31.66      2.80      0.63      0.36      0.18      0.54      0.81      0.09      0.00      0.00      0.00      0.36      0.90      1.81      1.45      0.09      0.00      0.00      0.27      0.00      0.18      0.09      0.00      0.00      0.00      0.09      0.00      1.90      0.90      1.18      0.63      0.09      0.45      1.90      23.8%      1.45      2.62      0.63      1.99      1.09      2.98      2.35      0.00      51.02      3.35      11.22      26.68      13.84      2.44      50.92      3.71      1.54      41.5%      2.17      58.5%      26.41      147.53      58.61      1.45      0.27      2.53      2.26      30.30      0.00      1.90      1.63      0.36      0.09      0.00      0.00      5.79      1.45      1.72      45.7%      
Tanguy Ndombele
AM 0.19      0.19      0.37      0.19      0.00      0.00      0.19      0.00      0.07      0.07      0.07      0.15      2.60      3.91      4.65      1.67      0.56      33.3%      0.11      0.33      17.40      0.00      0.05      +0.11      +0.11      42.77      49.65      86.1%      590.39      146.34      23.06      25.29      91.2%      14.50      16.74      86.7%      1.86      2.42      76.9%      0.09      0.74      4.09      0.56      0.00      47.98      1.67      0.37      1.30      0.00      0.56      0.00      0.00      0.00      0.00      0.00      0.00      1.49      2.79      1.86      0.00      0.19      0.37      0.37      0.00      0.19      0.19      0.00      0.00      0.00      0.00      0.00      1.86      1.30      0.56      0.93      0.37      0.19      1.49      12.5%      1.30      0.93      0.00      0.93      0.19      2.05      0.19      0.00      63.04      0.93      8.00      39.24      17.11      2.05      63.04      3.72      2.05      55.0%      1.67      45.0%      40.17      217.93      98.74      3.53      0.93      3.72      3.72      50.58      0.00      0.56      1.67      0.00      0.00      0.00      0.00      5.02      0.37      0.19      66.7%      
Steven Bergwijn
AM 0.48      0.16      0.64      0.48      0.00      0.00      0.16      0.00      0.40      0.40      0.14      0.56      4.14      2.71      8.44      3.03      1.59      52.6%      0.16      0.30      16.30      0.00      0.13      +0.08      +0.08      22.94      28.19      81.4%      279.72      62.44      15.61      18.00      86.7%      4.78      6.05      78.9%      0.64      1.12      57.1%      0.19      1.27      1.43      0.96      0.00      27.24      0.96      0.16      0.16      0.00      1.27      0.64      0.16      0.16      0.00      0.00      0.00      0.48      3.35      2.39      0.16      0.32      0.16      0.32      0.00      0.48      0.16      0.00      0.16      0.00      0.16      0.00      0.48      0.32      0.32      0.16      0.00      0.16      1.59      10.0%      1.43      0.48      0.00      0.48      0.16      0.64      1.27      0.00      41.10      0.80      5.26      14.50      22.62      6.37      41.10      3.19      1.59      50.0%      1.59      50.0%      27.24      206.12      115.96      2.55      1.59      4.46      2.23      32.34      0.00      1.43      1.43      0.16      0.00      0.00      0.00      3.50      0.64      0.80      44.4%      
Moussa Sissoko
MF 0.06      0.03      0.08      0.06      0.00      0.00      0.14      0.00      0.11      0.10      0.09      0.19      1.43      3.24      1.98      0.70      0.22      32.0%      0.08      0.25      16.80      0.00      0.15      -0.05      -0.05      25.77      33.21      77.6%      418.30      131.51      13.11      15.93      82.3%      8.97      11.12      80.7%      2.49      3.66      67.9%      0.06      1.03      2.66      0.67      0.31      32.09      1.01      0.56      0.14      0.22      0.73      0.39      0.00      0.00      0.00      0.00      0.11      0.75      2.10      1.73      0.00      0.11      0.08      0.03      0.14      0.08      0.03      0.00      0.03      0.00      0.00      0.03      1.48      0.75      0.75      0.56      0.17      0.78      1.17      66.7%      0.39      1.17      0.36      0.81      0.84      2.32      1.79      0.00      43.43      3.49      11.66      23.73      9.08      1.01      43.43      2.12      1.45      68.4%      0.67      31.6%      20.85      111.58      58.02      0.98      0.08      1.37      1.48      22.98      0.00      0.98      0.31      0.06      0.00      0.00      0.00      6.74      1.79      1.45      55.2%      