
Alisson
GK      1.16,73      3.97,34      2.84,48      72.1%,70      0.51,80      0.24,66      0.24,23      0.38,88      37.8%,88      0.11,34      0.05,77      0.03,57      0.03,80      33.3%,71      0.00,73      0.00,98      0.05,48      1.38,45      0.33,86      +0.27,98      3.14,27      7.65,13      41.0%,88      33.95,95      5.68,84      18.4%,9      26.9,9      5.22,20      26.9%,9      31.3,13      10.73,16      0.62,30      5.8%,36      2.41,98      19.8,98       https://fbref.com/req/202302030/images/headshots/7a2e46a8_2022.jpg
Mohamed Salah
AM,FW      0.52,93,77      0.33,92,96      0.85,97,92      0.47,89,81      0.05,93,75      0.11,96,84      0.05,80,77      0.00,53,53      0.59,98,89      0.51,97,90      0.21,75,84      0.72,97,89      3.28,61,92      4.08,63,89      11.52,93,99      3.31,93,82      1.23,92,81      37.2%,59,42      0.14,74,61      0.38,70,66      15.10,80,42      0.05,69,77      0.15,91,62      -0.07,21,35      -0.04,36,45      24.67,46,89      32.42,41,87      76.1%,58,74      342.98,39,87      93.09,49,86      14.58,49,86      17.73,56,89      82.3%,29,60      7.74,54,91      9.63,47,89      80.4%,68,80      1.04,25,65      1.81,30,70      57.6%,63,58      0.20,82,96      1.78,73,96      1.45,41,77      2.19,94,97      0.19,49,87      31.35,49,91      0.79,30,38      0.11,42,74      0.38,82,82      0.08,25,50      1.04,26,75      0.47,60,89      0.00,12,33      0.00,21,40      0.00,28,45      0.00,40,47      0.27,12,8      1.09,59,23      3.83,76,99      2.90,81,99      0.05,41,77      0.33,75,77      0.33,78,72      0.16,48,53      0.05,62,74      0.66,89,97      0.47,90,96      0.03,72,91      0.00,25,26      0.05,70,65      0.08,92,86      0.03,87,96      0.57,3,28      0.33,7,30      0.11,4,31      0.14,4,14      0.33,54,70      0.27,13,52      0.71,7,47      38.5%,47,74      0.44,92,64      0.57,9,23      0.00,15,14      0.57,11,23      0.16,8,33      0.74,1,21      0.11,2,4      0.00,59,57      44.70,42,87      0.11,2,4      2.27,2,18      14.74,22,52      28.12,81,99      8.23,97,97      44.59,42,87      3.67,52,84      1.37,45,74      37.3%,26,31      1.97,28,13      53.7%,11,22      30.28,55,91      174.58,46,89      83.05,45,91      1.81,46,87      2.38,93,99      3.01,11,31      2.16,15,26      35.70,64,94      0.00,51,50      0.55,88,97      0.90,23,36      0.60,8,40      0.00,35,33      0.00,56,53      0.00,52,50      2.74,5,53      0.22,14,1      0.82,70,94      21.1%,14,8       https://fbref.com/req/202302030/images/headshots/e342ad68_2022.jpg
Trent Alexander-Arnold
FB      0.06,74      0.28,96      0.34,93      0.06,74      0.00,50      0.00,50      0.15,58      0.00,54      0.07,80      0.07,80      0.35,99      0.42,96      1.32,36      7.24,95      4.28,67      1.23,91      0.25,78      20.0%,40      0.05,56      0.25,56      23.80,13      0.15,96      0.06,43      -0.01,50      -0.01,50      67.37,92      89.66,99      75.1%,34      1280.57,97      502.59,99      30.79,86      34.58,87      89.0%,54      25.31,89      32.18,91      78.7%,37      10.19,99      19.77,99      51.6%,63      0.28,98      2.19,96      7.36,96      2.52,97      0.86,95      73.68,95      15.67,97      2.16,92      0.80,99      1.82,99      7.76,96      10.50,98      3.02,95      0.49,84      2.28,98      0.03,95      0.31,13      1.14,67      3.82,96      2.49,95      1.05,93      0.09,75      0.15,86      0.03,44      0.00,30      0.52,99      0.43,97      0.06,93      0.03,92      0.00,40      0.00,45      0.00,48      1.76,31      1.23,50      0.99,31      0.49,26      0.28,74      1.29,68      2.43,74      53.2%,36      1.14,22      0.77,8      0.22,22      0.55,16      1.32,73      3.08,45      1.26,9      0.06,25      97.91,99      2.74,15      22.69,74      50.22,97      25.77,90      1.35,57      97.91,99      1.39,50      0.92,81      66.7%,92      0.40,62      28.9%,83      54.75,96      210.85,79      101.98,70      1.20,49      0.25,61      1.08,45      0.65,39      62.87,93      0.00,50      0.68,80      0.18,5      0.15,19      0.00,45      0.00,66      0.00,56      7.36,99      0.62,15      0.40,98      60.6%,82       https://fbref.com/req/202302030/images/headshots/cd1acf9d_2022.jpg
Virgil van Dijk
CB      0.10,87      0.03,67      0.13,86      0.10,87      0.00,50      0.00,50      0.10,71      0.00,52      0.08,85      0.08,85      0.04,74      0.12,82      0.32,34      4.03,76      0.25,56      0.95,96      0.29,91      30.0%,62      0.10,67      0.33,57      12.80,31      0.00,46      0.09,40      +0.01,76      +0.01,76      74.44,91      82.29,91      90.5%,90      1445.17,97      529.21,94      26.76,87      28.57,85      93.7%,83      39.24,94      41.46,94      94.6%,91      7.75,94      10.92,91      70.9%,96      0.03,72      0.22,46      4.95,87      0.19,59      0.00,30      79.11,91      3.14,73      2.32,97      0.03,52      0.98,96      0.03,24      0.29,46      0.00,48      0.00,49      0.00,49      0.00,50      0.03,90      0.29,73      0.70,40      0.54,33      0.00,30      0.00,41      0.13,77      0.00,36      0.03,78      0.10,65      0.06,63      0.00,47      0.00,49      0.03,88      0.00,46      0.00,49      0.86,14      0.44,14      0.41,8      0.35,31      0.10,70      0.25,2      0.60,8      42.1%,3      0.35,66      0.76,10      0.51,22      0.25,12      0.98,30      1.84,19      4.38,64      0.06,41      91.30,91      11.46,85      42.13,94      45.30,88      4.06,64      2.10,94      91.30,91      0.03,4      0.03,10      100.0%,93      0.00,88      0.0%,88      55.87,90      210.92,66      100.06,51      0.44,55      0.06,75      0.22,85      0.00,94      66.19,91      0.00,52      0.41,91      0.10,3      0.10,12      0.00,48      0.03,31      0.00,63      5.33,51      3.11,83      1.08,76      74.2%,96       https://fbref.com/req/202302030/images/headshots/e06683ca_2022.jpg
Fabinho
MF      0.00,16      0.07,44      0.07,21      0.00,16      0.00,46      0.00,45      0.37,16      0.00,55      0.02,14      0.02,15      0.07,37      0.10,21      0.51,12      5.42,64      1.31,35      0.61,21      0.13,20      22.2%,27      0.00,16      0.00,16      22.00,31      0.00,35      0.04,12      -0.02,40      -0.02,41      54.49,87      61.73,82      88.3%,93      882.55,87      207.66,74      27.53,84      29.72,83      92.6%,92      21.13,89      22.91,84      92.2%,90      4.21,80      6.07,70      69.4%,75      0.06,35      0.57,18      4.41,69      0.57,31      0.00,12      60.28,86      1.28,35      1.04,65      0.17,46      0.20,33      0.17,9      0.24,55      0.00,22      0.00,29      0.00,32      0.00,42      0.17,47      0.61,89      1.85,29      1.65,42      0.00,20      0.00,15      0.03,18      0.07,40      0.10,81      0.27,56      0.24,70      0.00,40      0.00,39      0.00,36      0.03,74      0.00,44      2.19,55      1.28,57      0.61,27      1.35,87      0.24,46      0.81,43      2.09,60      38.7%,31      1.28,28      1.28,47      0.37,68      0.91,40      1.25,70      3.44,64      1.35,62      0.00,68      70.49,80      2.80,75      15.37,73      44.28,92      10.95,32      0.71,28      70.49,80      0.51,5      0.24,6      46.7%,40      0.13,95      26.7%,80      39.90,78      157.32,50      64.46,40      0.94,40      0.03,22      0.57,98      0.40,92      50.31,80      0.00,53      1.79,15      0.81,30      0.00,80      0.00,43      0.00,57      0.00,54      6.07,52      1.01,66      0.71,70      58.8%,81       https://fbref.com/req/202302030/images/headshots/7f3b388c_2022.jpg
Andrew Robertson
FB      0.00,25      0.28,97      0.28,92      0.00,25      0.00,50      0.00,50      0.10,79      0.00,54      0.05,61      0.05,61      0.21,90      0.26,87      2.79,85      5.78,84      6.76,85      0.45,40      0.07,34      15.4%,28      0.00,25      0.00,25      14.50,78      0.00,43      0.11,84      -0.05,11      -0.05,11      62.82,90      78.92,92      79.6%,58      1064.60,91      331.95,89      29.79,84      32.86,85      90.7%,68      27.39,92      32.68,93      83.8%,68      4.77,90      9.97,95      47.9%,50      0.23,96      1.81,90      4.22,81      1.15,75      0.49,74      65.61,91      13.07,95      2.26,93      0.07,57      0.42,79      6.79,95      7.98,70      2.82,92      0.80,87      1.71,95      0.00,47      0.24,25      1.43,32      3.31,92      2.06,84      0.94,92      0.03,57      0.14,83      0.03,45      0.10,96      0.45,93      0.31,90      0.14,99      0.00,45      0.00,40      0.00,45      0.00,48      1.32,8      0.73,9      0.42,3      0.56,39      0.35,85      0.73,17      1.43,27      51.2%,28      0.70,54      1.12,43      0.17,19      0.94,63      0.63,8      1.95,7      1.74,19      0.10,10      86.52,92      2.75,16      24.08,80      37.77,85      25.33,87      2.06,78      86.52,92      1.46,59      0.59,54      40.5%,40      0.80,30      54.8%,15      48.26,89      233.52,89      137.07,90      2.09,91      0.35,78      1.08,43      0.24,81      57.04,89      0.00,50      0.77,74      0.35,13      0.24,11      0.00,45      0.00,66      0.00,56      6.06,75      0.77,25      0.84,77      47.8%,40       https://fbref.com/req/202302030/images/headshots/2e4f5f03_2022.jpg
Jordan Henderson
MF      0.00,16      0.09,51      0.09,26      0.00,16      0.00,46      0.00,45      0.09,85      0.00,55      0.06,33      0.06,36      0.14,74      0.20,50      1.61,64      8.20,95      3.91,70      1.00,40      0.22,34      21.7%,25      0.00,16      0.00,16      22.80,26      0.00,35      0.06,30      -0.06,20      -0.06,20      58.19,91      70.08,94      83.0%,65      973.38,91      258.37,86      28.90,89      31.85,92      90.7%,75      22.26,90      25.78,91      86.4%,56      5.29,90      8.38,83      63.2%,60      0.16,83      1.35,73      6.86,94      2.04,95      0.52,97      67.43,94      2.30,66      0.52,38      0.39,80      0.48,79      1.95,71      0.74,84      0.00,22      0.00,29      0.00,32      0.00,42      0.35,9      1.39,14      3.12,72      2.82,90      0.04,48      0.00,15      0.13,58      0.04,31      0.09,77      0.30,63      0.22,62      0.00,40      0.00,39      0.04,84      0.04,86      0.00,44      1.39,11      1.00,25      0.43,12      0.78,35      0.17,30      0.65,24      1.56,25      41.7%,45      0.91,71      0.91,19      0.13,19      0.78,24      0.91,44      2.30,18      0.69,22      0.04,21      77.33,92      1.48,22      12.02,53      43.96,90      21.91,84      1.95,60      77.33,92      1.00,30      0.52,26      52.2%,58      0.35,72      34.8%,55      46.00,92      209.86,83      88.79,70      2.13,87      0.04,26      0.78,83      0.39,93      57.24,92      0.00,53      0.78,86      0.39,7      0.13,20      0.00,43      0.00,57      0.00,54      7.07,79      0.48,20      0.43,93      52.4%,63       https://fbref.com/req/202302030/images/headshots/935e6b8f_2022.jpg
Darwin Núñez
FW,AM      0.48,74,90      0.16,67,56      0.64,72,85      0.48,84,92      0.00,32,40      0.00,30,40      0.05,79,82      0.05,4,4      0.64,92,99      0.64,94,99      0.29,97,91      0.93,99,99      3.24,89,59      1.54,45,6      9.61,97,85      4.46,99,99      1.86,99,98      41.7%,60,78      0.11,42,51      0.26,31,43      15.10,42,80      0.00,36,29      0.14,50,86      -0.16,16,5      -0.16,16,6      13.70,35,4      21.29,42,6      64.3%,23,9      208.25,47,6      45.24,53,8      6.90,16,2      9.77,23,2      70.7%,16,3      4.25,50,6      6.21,57,9      68.4%,33,18      1.12,69,31      1.59,62,22      70.0%,81,87      0.15,86,63      1.49,82,60      0.58,19,6      0.64,53,13      0.05,45,13      20.50,50,6      0.58,25,14      0.00,25,13      0.11,36,25      0.42,92,85      0.96,69,24      0.42,82,55      0.05,74,30      0.00,40,21      0.00,45,28      0.00,47,40      0.21,19,37      1.17,18,52      2.87,67,34      1.86,64,32      0.05,75,39      0.21,53,44      0.37,77,86      0.37,92,87      0.00,28,21      0.16,22,13      0.11,25,18      0.00,45,36      0.00,26,25      0.00,26,27      0.05,70,79      0.00,47,43      0.58,30,4      0.27,16,2      0.11,30,3      0.21,30,10      0.27,50,36      0.21,35,6      0.90,60,15      23.5%,25,8      0.69,33,69      0.53,18,6      0.00,14,15      0.53,31,52      0.16,30,7      0.74,23,2      0.69,53,64      0.00,57,59      33.61,43,5      0.64,25,29      2.71,30,4      9.50,8,2      21.88,77,46      8.18,96,96      33.61,43,5      2.34,55,20      0.96,47,16      40.9%,47,39      1.01,45,75      43.2%,64,52      20.55,57,8      148.41,79,25      74.76,84,32      1.75,86,44      1.65,87,75      2.18,77,53      1.43,62,57      26.07,58,18      0.00,50,51      1.33,50,31      0.90,36,23      0.90,19,4      0.05,79,84      0.00,53,56      0.00,50,52      2.34,33,3      1.91,65,93      2.71,42,6      41.4%,70,71       https://fbref.com/req/202302030/images/headshots/4d77b365_2022.jpg
Harvey Elliott
MF      0.06,44      0.11,65      0.17,53      0.06,45      0.00,46      0.00,45      0.11,78      0.00,55      0.12,62      0.12,64      0.20,90      0.32,82      3.01,90      7.92,92      7.20,95      2.01,90      0.67,90      33.3%,62      0.03,36      0.08,30      19.30,56      0.00,35      0.06,30      -0.06,19      -0.06,19      45.14,72      56.30,75      80.2%,50      688.87,66      178.38,63      24.66,77      27.56,77      89.5%,64      16.52,67      20.25,72      81.5%,26      2.51,45      4.74,53      52.9%,31      0.24,96      1.45,80      3.79,58      2.29,97      0.33,84      53.68,75      2.18,63      0.00,3      0.45,84      0.22,38      1.90,70      0.56,74      0.11,55      0.06,60      0.00,32      0.00,42      0.45,5      1.34,17      4.18,94      3.46,96      0.06,51      0.28,85      0.28,90      0.06,35      0.06,60      0.56,96      0.56,99      0.00,40      0.00,39      0.00,36      0.00,36      0.00,44      1.51,16      1.00,26      0.33,7      0.67,22      0.50,90      0.50,10      2.01,57      25.0%,4      1.51,16      1.45,61      0.06,10      1.39,79      0.84,39      2.34,20      0.45,10      0.00,68      66.62,74      0.78,5      8.20,11      31.58,59      27.40,93      2.79,79      66.62,74      2.34,73      1.06,66      45.2%,36      0.84,27      35.7%,50      42.35,83      222.13,88      108.41,88      2.23,91      0.56,79      1.45,40      1.28,26      48.38,78      0.00,53      0.78,85      1.39,66      0.11,23      0.00,43      0.00,57      0.00,54      6.81,71      0.22,4      0.89,53      20.0%,1       https://fbref.com/req/202302030/images/headshots/c8387671_2022.jpg
Ibrahima Konaté
CB      0.00,25      0.00,32      0.00,17      0.00,25      0.00,50      0.00,50      0.29,10      0.00,52      0.07,73      0.07,73      0.01,17      0.08,55      0.41,39      3.25,55      0.29,60      0.64,71      0.17,66      27.3%,53      0.00,25      0.00,25      9.70,70      0.00,46      0.11,65      -0.07,10      -0.07,10      57.29,73      65.82,73      87.0%,72      1027.11,69      401.58,80      21.69,72      23.95,72      90.6%,53      31.26,78      34.10,82      91.7%,57      3.42,27      6.32,29      54.1%,37      0.05,88      0.06,6      3.25,51      0.12,31      0.00,30      64.66,76      1.10,9      0.93,30      0.12,85      0.35,50      0.06,33      0.17,29      0.00,48      0.00,49      0.00,49      0.00,50      0.06,83      0.29,70      0.99,78      0.70,69      0.00,30      0.06,93      0.12,71      0.06,90      0.06,91      0.06,50      0.06,60      0.00,47      0.00,49      0.00,41      0.00,46      0.00,49      2.20,85      1.51,96      1.45,86      0.75,88      0.00,19      0.93,78      1.57,72      59.3%,40      0.64,24      0.70,8      0.29,7      0.41,39      1.51,77      3.71,87      3.54,31      0.23,3      76.37,72      6.20,12      34.16,52      40.07,82      2.49,39      1.28,76      76.37,72      0.81,91      0.58,94      71.4%,66      0.12,36      14.3%,66      48.07,76      210.33,65      108.50,59      0.41,51      0.00,27      0.70,14      0.23,27      53.23,76      0.00,52      1.68,1      0.87,88      0.06,28      0.00,48      0.06,18      0.06,8      6.20,75      2.67,72      0.81,91      76.7%,97       https://fbref.com/req/202302030/images/headshots/5ed9b537_2022.jpg
Cody Gakpo
FW      0.43,70      0.12,57      0.56,62      0.43,74      0.00,32      0.00,30      0.00,92      0.00,53      0.38,55      0.38,59      0.17,72      0.55,75      2.22,69      3.09,84      6.73,70      2.41,50      0.74,28      30.8%,14      0.18,83      0.58,97      14.80,48      0.00,36      0.16,72      +0.05,77      +0.05,74      18.09,64      24.20,60      74.7%,65      242.47,60      68.52,79      10.37,58      12.84,57      80.8%,57      5.62,70      7.35,72      76.5%,59      0.68,45      1.23,40      55.0%,47      0.12,72      1.42,79      2.04,89      0.68,60      0.06,48      23.52,65      0.56,21      0.00,25      0.19,60      0.00,14      1.05,77      0.12,40      0.25,86      0.19,87      0.00,45      0.00,47      0.12,33      0.68,77      3.02,74      2.28,82      0.00,33      0.19,50      0.25,52      0.19,62      0.12,96      0.37,65      0.31,84      0.00,45      0.00,26      0.00,26      0.06,79      0.00,47      1.60,92      0.93,91      0.25,62      0.80,94      0.56,94      0.80,99      2.35,97      34.2%,62      1.54,3      0.80,52      0.06,35      0.74,58      0.25,55      1.85,86      0.12,6      0.00,57      36.48,58      0.37,9      2.59,23      16.42,75      18.40,65      4.69,58      36.48,60      2.96,72      1.42,81      47.9%,74      0.80,64      27.1%,97      23.09,67      127.72,62      70.00,79      1.98,92      0.74,47      2.65,50      2.22,19      27.65,65      0.00,50      1.60,21      2.04,86      0.49,55      0.06,86      0.00,53      0.00,50      3.52,74      1.60,50      1.48,75      52.0%,91       https://fbref.com/req/202302030/images/headshots/1971591f_2022.jpg
Joe Gomez
CB      0.00,25      0.00,32      0.00,17      0.00,25      0.00,50      0.00,50      0.18,45      0.00,52      0.01,9      0.01,9      0.01,28      0.02,6      0.92,77      6.63,97      0.31,64      0.37,28      0.12,52      33.3%,68      0.00,25      0.00,25      24.50,1      0.00,46      0.03,2      -0.01,55      -0.01,55      71.58,90      83.55,92      85.7%,59      1435.33,96      468.85,92      20.63,67      23.27,70      88.7%,31      42.11,97      45.74,98      92.1%,61      7.80,97      12.09,98      64.5%,75      0.04,86      0.06,7      7.43,97      0.25,75      0.00,30      80.79,92      2.39,65      0.37,3      0.12,86      0.68,80      0.25,73      1.84,78      0.00,48      0.00,49      0.00,49      0.00,50      0.37,6      0.31,65      1.11,85      0.92,86      0.06,83      0.00,41      0.06,55      0.00,36      0.06,92      0.06,51      0.06,61      0.00,47      0.00,49      0.00,41      0.00,46      0.00,49      1.72,69      1.29,86      0.92,55      0.68,81      0.12,80      0.68,52      1.17,56      57.9%,37      0.49,39      1.04,30      0.68,48      0.37,31      1.47,76      3.19,73      3.13,20      0.12,13      93.38,93      7.00,17      36.96,67      52.24,97      4.67,70      0.37,3      93.38,93      0.31,46      0.25,64      80.0%,80      0.06,57      20.0%,57      61.70,93      296.28,87      160.60,86      0.74,81      0.00,27      0.80,7      0.31,12      63.85,87      0.00,52      0.80,41      0.25,18      0.06,27      0.00,48      0.06,17      0.00,63      7.74,98      2.82,77      2.33,7      54.8%,18       https://fbref.com/req/202302030/images/headshots/7a11550b_2022.jpg
Thiago Alcántara
MF      0.00,16      0.00,13      0.00,7      0.00,16      0.00,46      0.00,45      0.14,70      0.00,55      0.03,17      0.03,18      0.08,40      0.11,23      0.93,33      8.61,98      1.72,45      0.72,28      0.07,11      10.0%,9      0.00,16      0.00,16      24.10,20      0.00,35      0.05,20      -0.03,37      -0.03,37      67.89,98      78.73,98      86.2%,83      1235.81,98      357.99,98      31.08,96      33.45,96      92.9%,95      24.83,95      28.13,96      88.3%,73      9.76,99      12.34,97      79.1%,94      0.09,53      1.22,65      7.89,96      1.44,85      0.07,36      76.29,98      2.22,64      1.65,80      0.57,94      1.08,95      0.22,18      0.43,68      0.00,22      0.00,29      0.00,32      0.00,42      0.22,34      1.58,7      2.94,65      2.37,71      0.00,20      0.22,79      0.07,29      0.07,41      0.22,98      0.14,29      0.14,47      0.00,40      0.00,39      0.00,36      0.00,36      0.00,44      3.09,90      1.72,88      1.44,87      1.51,94      0.14,16      1.00,70      1.65,30      60.9%,92      0.65,90      1.08,30      0.22,40      0.86,34      1.51,87      4.59,92      0.93,39      0.14,3      89.78,98      3.23,83      19.52,92      57.13,98      13.49,43      0.57,21      89.78,98      2.15,68      1.51,89      70.0%,91      0.29,81      13.3%,95      51.53,96      261.17,95      123.52,91      1.51,64      0.00,9      0.93,75      1.58,14      65.31,98      0.00,53      1.29,46      1.79,86      0.00,80      0.00,43      0.07,4      0.00,54      7.97,90      1.00,65      1.72,10      36.8%,22       https://fbref.com/req/202302030/images/headshots/77e84962_2022.jpg
Roberto Firmino
FW      0.82,96      0.30,91      1.11,97      0.82,97      0.00,32      0.00,30      0.00,92      0.00,53      0.41,62      0.41,72      0.19,81      0.59,82      1.19,28      5.79,99      7.12,74      2.89,69      1.85,97      64.1%,99      0.28,97      0.44,82      12.30,83      0.00,36      0.14,50      +0.41,99      +0.41,99      32.94,99      42.00,99      78.4%,87      440.13,96      141.57,99      20.55,99      24.04,99      85.5%,82      9.13,96      11.50,96      79.4%,74      1.34,75      1.93,74      69.2%,79      0.16,91      1.56,87      3.49,99      1.41,87      0.07,53      40.66,99      1.19,53      0.07,65      0.59,97      0.00,14      0.89,65      0.45,86      0.00,33      0.00,40      0.00,45      0.00,47      0.15,31      1.56,6      3.41,89      2.67,96      0.00,33      0.30,69      0.45,89      0.00,5      0.00,28      0.52,91      0.30,81      0.00,45      0.07,82      0.15,96      0.00,31      0.00,47      1.26,84      0.89,89      0.15,40      0.89,96      0.22,42      0.30,58      1.56,91      19.0%,10      1.26,4      1.19,89      0.07,38      1.11,89      0.52,89      1.78,84      0.15,8      0.00,57      54.53,99      0.22,6      5.12,87      27.82,99      21.89,79      6.23,89      54.53,99      1.78,36      0.96,48      54.2%,91      0.74,72      41.7%,69      31.39,97      130.36,64      55.05,62      1.04,53      0.52,25      2.82,43      1.71,43      41.92,99      0.00,50      0.67,94      0.45,6      0.37,70      0.00,33      0.00,53      0.00,50      4.75,94      1.11,35      2.23,53      33.3%,34       https://fbref.com/req/202302030/images/headshots/4c370d81_2022.jpg
Diogo Jota
AM      0.56,96      0.32,90      0.88,99      0.56,97      0.00,40      0.00,40      0.16,44      0.00,53      0.52,97      0.52,98      0.17,59      0.68,96      2.71,42      2.39,22      8.28,65      2.79,87      0.88,73      31.4%,30      0.20,94      0.64,96      11.70,98      0.00,29      0.19,98      +0.04,68      +0.04,66      22.76,36      30.32,34      75.1%,53      307.80,31      70.50,28      13.69,40      17.19,46      79.6%,18      6.92,40      8.67,35      79.8%,64      0.80,16      1.59,21      50.0%,44      0.14,53      1.35,47      2.23,69      0.64,12      0.16,43      30.16,43      0.16,5      0.00,13      0.24,63      0.08,24      0.64,11      0.00,3      0.00,12      0.00,21      0.00,28      0.00,40      0.00,92      1.11,56      2.63,23      1.83,27      0.00,16      0.24,54      0.40,93      0.16,47      0.00,21      0.40,58      0.32,72      0.00,36      0.08,81      0.00,27      0.00,32      0.00,43      1.83,70      1.19,78      0.64,61      0.64,56      0.56,93      0.95,86      2.94,99      32.4%,29      1.99,1      0.40,3      0.00,15      0.40,4      0.24,14      2.07,53      0.88,74      0.00,59      43.77,36      1.67,85      5.65,43      18.70,58      20.05,31      5.81,87      43.77,36      3.10,45      1.11,30      35.9%,21      1.67,44      53.8%,10      26.98,44      154.22,31      84.91,51      2.07,58      1.11,51      2.71,21      1.51,53      32.07,44      0.00,51      1.51,20      1.19,42      0.24,44      0.08,91      0.00,56      0.00,52      4.77,55      1.43,84      2.07,12      40.9%,68       https://fbref.com/req/202302030/images/headshots/178ae8f8_2022.jpg
Joël Matip
CB      0.08,81      0.00,32      0.08,62      0.08,81      0.00,50      0.00,50      0.25,24      0.00,52      0.06,61      0.06,61      0.02,54      0.08,56      2.31,98      4.86,88      0.16,39      0.41,35      0.25,87      60.0%,96      0.20,87      0.33,57      8.30,88      0.00,46      0.17,84      +0.02,86      +0.02,86      63.13,82      72.94,82      86.6%,65      1133.24,80      374.75,73      25.14,81      28.76,87      87.4%,23      32.55,85      35.27,83      92.3%,66      4.70,61      7.01,40      67.1%,81      0.03,71      0.33,80      4.37,77      0.58,94      0.00,30      71.95,85      0.91,7      0.58,10      0.00,24      0.41,52      0.08,39      0.33,55      0.00,48      0.00,49      0.00,49      0.00,50      0.08,77      0.41,46      1.32,91      1.15,91      0.00,30      0.00,41      0.16,94      0.00,36      0.00,36      0.00,14      0.00,18      0.00,47      0.00,49      0.00,41      0.00,46      0.00,49      1.15,33      0.66,34      0.99,61      0.16,6      0.00,19      0.91,75      1.90,90      47.8%,15      0.99,6      0.66,6      0.25,4      0.41,40      1.73,91      2.88,64      3.71,40      0.25,2      82.75,83      9.15,50      39.73,83      38.57,77      5.11,77      1.40,87      82.75,83      0.58,82      0.33,82      57.1%,40      0.25,10      42.9%,23      54.15,85      341.21,96      239.59,98      1.81,98      0.08,82      1.15,1      0.08,73      59.34,83      0.00,52      0.82,38      0.41,41      0.08,20      0.00,48      0.00,68      0.08,2      6.43,80      2.06,48      1.90,15      52.1%,9       https://fbref.com/req/202302030/images/headshots/b217ef29_2022.jpg
Curtis Jones
MF      0.26,91      0.09,52      0.35,79      0.26,92      0.00,46      0.00,45      0.17,56      0.00,55      0.10,57      0.10,59      0.10,50      0.20,52      2.70,86      6.00,74      6.52,92      1.30,68      0.43,71      33.3%,62      0.20,91      0.60,88      17.90,68      0.00,35      0.08,49      +0.16,98      +0.16,98      53.13,85      58.87,79      90.3%,97      796.52,76      164.78,55      29.04,90      30.87,86      94.1%,97      20.26,85      21.74,80      93.2%,94      2.17,36      2.78,16      78.1%,91      0.12,70      1.22,64      4.61,74      1.22,77      0.09,40      57.74,80      1.04,29      0.17,12      0.43,83      0.26,48      0.78,44      0.78,85      0.00,22      0.00,29      0.00,32      0.00,42      0.09,76      0.61,88      3.30,79      2.70,87      0.00,20      0.35,95      0.09,36      0.09,47      0.09,78      0.35,70      0.26,72      0.00,40      0.09,95      0.00,36      0.00,36      0.00,44      2.96,88      1.48,70      0.70,35      1.04,62      1.22,99      1.57,96      2.70,87      58.1%,88      1.13,45      1.04,27      0.17,29      0.87,36      0.26,1      3.22,58      0.78,28      0.00,68      71.39,80      1.22,14      9.13,15      36.26,75      26.43,92      3.48,91      71.39,80      2.61,75      0.96,57      36.7%,13      1.13,17      43.3%,24      47.83,93      230.00,89      87.91,69      1.30,57      0.96,93      1.91,18      2.52,1      54.52,89      0.00,53      1.13,61      1.39,64      0.17,13      0.00,43      0.00,57      0.00,54      4.87,14      0.26,5      0.52,85      33.3%,18       https://fbref.com/req/202302030/images/headshots/4fb9c88f_2022.jpg
Luis Díaz
AM      0.36,80      0.18,62      0.54,81      0.36,82      0.00,40      0.00,40      0.18,30      0.00,53      0.23,54      0.23,62      0.14,45      0.36,49      3.52,72      4.43,72      10.48,90      2.44,77      0.72,54      29.6%,27      0.15,80      0.50,91      15.10,80      0.00,29      0.09,35      +0.14,92      +0.14,92      33.98,85      41.75,79      81.4%,87      514.88,80      101.57,57      19.43,81      23.13,85      84.0%,36      11.48,84      13.55,80      84.7%,85      2.26,66      2.44,39      92.6%,99      0.12,46      1.17,37      2.26,70      1.17,54      0.09,21      40.93,85      0.63,18      0.00,13      0.00,5      0.63,93      0.72,14      0.54,64      0.09,35      0.00,21      0.00,28      0.00,40      0.18,45      1.36,30      3.70,72      2.62,70      0.00,16      0.63,93      0.27,65      0.18,59      0.00,21      0.54,82      0.27,60      0.00,36      0.18,97      0.09,87      0.00,32      0.00,43      1.54,51      0.99,61      0.36,29      0.72,69      0.45,79      0.72,66      1.36,39      53.3%,89      0.63,79      0.72,16      0.00,15      0.72,24      0.54,61      2.08,54      0.18,6      0.00,59      55.84,82      0.36,6      4.25,21      22.32,75      30.36,88      6.96,94      55.84,82      5.87,94      2.89,94      49.2%,76      2.26,20      38.5%,75      39.76,91      266.02,93      117.74,87      2.80,85      1.99,86      2.71,19      3.34,1      45.18,90      0.00,51      1.81,7      2.17,87      0.27,41      0.00,35      0.00,56      0.00,52      4.52,42      0.72,64      2.08,11      25.8%,30       https://fbref.com/req/202302030/images/headshots/4a1a9578_2022.jpg
Kostas Tsimikas
FB      0.00,25      0.47,99      0.47,97      0.00,25      0.00,50      0.00,50      0.35,7      0.00,54      0.07,78      0.07,78      0.19,87      0.27,89      2.68,81      3.04,28      8.99,97      0.82,73      0.23,77      28.6%,66      0.00,25      0.00,25      15.50,68      0.00,43      0.09,69      -0.07,4      -0.07,4      55.33,83      72.14,86      76.7%,42      978.09,86      276.19,74      26.03,74      29.77,77      87.5%,37      21.60,81      26.26,81      82.2%,61      6.54,96      12.96,97      50.5%,57      0.15,85      2.10,95      2.33,26      0.82,57      0.47,73      54.86,78      17.04,98      2.68,98      0.12,74      0.23,56      9.92,98      10.16,95      4.20,98      1.28,92      2.68,99      0.00,47      0.23,26      1.05,74      3.15,89      1.40,58      1.52,98      0.00,26      0.23,92      0.00,19      0.00,30      0.47,96      0.35,92      0.12,97      0.00,45      0.00,40      0.00,45      0.00,48      1.63,23      1.05,32      1.17,46      0.23,3      0.23,62      1.17,51      1.87,51      62.5%,61      0.70,52      0.93,25      0.12,13      0.82,51      1.40,84      3.04,42      1.75,20      0.00,73      83.23,87      2.68,14      19.84,43      32.80,75      31.28,96      2.57,86      83.23,87      1.75,73      0.47,40      26.7%,13      0.93,21      53.3%,16      41.44,78      213.97,80      102.02,72      1.05,38      0.58,87      1.52,15      0.82,27      47.74,78      0.00,50      1.52,13      1.05,72      0.00,80      0.00,45      0.00,66      0.00,56      5.84,74      0.82,30      0.82,78      50.0%,49       https://fbref.com/req/202302030/images/headshots/f315ca93_2022.jpg
James Milner
MF      0.00,16      0.10,57      0.10,31      0.00,16      0.00,46      0.00,45      0.20,47      0.00,55      0.04,20      0.04,22      0.09,48      0.13,28      2.07,70      6.90,85      7.69,97      0.69,27      0.10,12      14.3%,13      0.00,16      0.00,16      17.90,68      0.00,35      0.06,30      -0.04,31      -0.04,32      55.50,88      71.66,95      77.4%,29      975.02,92      335.45,97      25.73,80      28.69,81      89.7%,68      23.46,91      27.50,93      85.3%,50      5.13,89      11.04,95      46.4%,12      0.16,86      1.28,69      6.01,87      1.48,88      0.49,93      61.61,88      9.76,99      1.97,85      0.20,54      0.39,71      5.13,95      6.41,99      1.18,83      0.20,68      0.89,95      0.00,42      0.30,15      2.37,1      3.55,88      2.66,85      0.39,84      0.30,89      0.20,76      0.00,9      0.00,21      0.30,61      0.20,59      0.10,94      0.00,39      0.00,36      0.00,36      0.00,44      2.56,76      1.58,81      1.08,70      1.08,68      0.39,74      1.48,95      3.35,96      44.1%,53      1.87,5      1.38,55      0.20,34      1.18,63      1.18,65      3.75,74      1.48,72      0.00,68      83.59,97      2.37,53      19.32,91      38.44,81      26.02,91      2.37,71      83.59,97      2.07,66      1.08,70      52.4%,59      0.79,31      38.1%,44      44.06,89      184.14,69      87.34,68      1.68,72      0.49,75      1.87,20      1.38,21      54.32,87      0.00,53      1.58,26      1.48,72      0.00,80      0.00,43      0.00,57      0.00,54      6.31,58      1.28,79      1.38,23      48.1%,51       https://fbref.com/req/202302030/images/headshots/2f90f6b8_2022.jpg
Stefan Bajcetic
MF      0.17,75      0.00,13      0.17,54      0.17,78      0.00,46      0.00,45      0.34,22      0.00,55      0.14,68      0.14,70      0.07,36      0.21,55      1.71,65      4.11,42      0.17,1      1.03,47      0.51,82      50.0%,93      0.17,84      0.33,60      24.50,17      0.00,35      0.13,89      +0.03,69      +0.03,67      34.22,46      44.14,48      77.5%,30      552.15,44      118.75,23      16.77,43      20.19,46      83.1%,14      12.66,43      15.23,45      83.1%,34      3.08,55      4.96,59      62.1%,56      0.09,47      0.68,30      2.91,32      1.20,74      0.17,62      43.63,53      0.51,11      0.51,35      0.00,7      0.51,81      0.86,47      0.00,7      0.00,22      0.00,29      0.00,32      0.00,42      0.00,95      1.03,42      2.22,42      1.37,26      0.17,66      0.34,94      0.00,7      0.34,95      0.00,21      0.17,38      0.00,8      0.00,40      0.17,99      0.00,36      0.00,36      0.00,44      1.54,17      1.03,28      0.86,44      0.51,12      0.17,28      1.37,93      4.62,99      29.6%,10      3.25,1      1.20,37      0.00,2      1.20,65      1.54,88      3.08,47      0.68,21      0.00,68      55.44,50      1.03,10      11.29,42      32.34,60      12.66,40      0.86,33      55.44,50      2.74,80      1.20,76      43.8%,33      0.68,40      25.0%,84      29.94,42      169.39,60      77.00,53      1.20,53      0.00,9      1.20,55      1.03,47      34.90,45      0.00,53      1.20,54      1.54,75      0.00,80      0.00,43      0.00,57      0.00,54      6.84,72      1.54,87      0.86,58      64.3%,91       https://fbref.com/req/202302030/images/headshots/32e8417f_2022.jpg